
==================== BANG DANH GIA MASK ====================
------------------------------------------------------------------------------------
| File                     | Dice        | IoU         | Precision   | Recall      | 
------------------------------------------------------------------------------------
| 1.png                    | 0.2108      | 0.1178      | 0.1278      | 0.6028      | 
| 10.png                   | 0.3866      | 0.2396      | 0.2559      | 0.7899      | 
| 100.png                  | 0.1311      | 0.0701      | 0.0717      | 0.7573      | 
| 1000.png                 | 0.0811      | 0.0423      | 0.0431      | 0.6907      | 
| 1001.png                 | 0.0722      | 0.0374      | 0.0388      | 0.5236      | 
| 1002.png                 | 0.0699      | 0.0362      | 0.0369      | 0.6722      | 
| 1003.png                 | 0.0964      | 0.0506      | 0.0511      | 0.8355      | 
| 1004.png                 | 0.0890      | 0.0466      | 0.0470      | 0.8394      | 
| 1005.png                 | 0.0795      | 0.0414      | 0.0416      | 0.8851      | 
| 1006.png                 | 0.0925      | 0.0485      | 0.0490      | 0.8285      | 
| 1007.png                 | 0.1000      | 0.0527      | 0.0530      | 0.8971      | 
| 1008.png                 | 0.1350      | 0.0724      | 0.0733      | 0.8470      | 
| 1009.png                 | 0.0950      | 0.0499      | 0.0506      | 0.7841      | 
| 101.png                  | 0.1717      | 0.0939      | 0.0976      | 0.7126      | 
| 1010.png                 | 0.0229      | 0.0116      | 0.0119      | 0.3055      | 
| 1011.png                 | 0.0405      | 0.0207      | 0.0211      | 0.5123      | 
| 1012.png                 | 0.0441      | 0.0226      | 0.0230      | 0.5342      | 
| 1013.png                 | 0.0381      | 0.0194      | 0.0199      | 0.4453      | 
| 1017.png                 | 0.0490      | 0.0251      | 0.0262      | 0.3747      | 
| 1018.png                 | 0.1646      | 0.0897      | 0.0924      | 0.7521      | 
| 1019.png                 | 0.2619      | 0.1507      | 0.1540      | 0.8747      | 
| 102.png                  | 0.2520      | 0.1441      | 0.1518      | 0.7410      | 
| 1020.png                 | 0.2418      | 0.1375      | 0.1467      | 0.6866      | 
| 1021.png                 | 0.1920      | 0.1062      | 0.1119      | 0.6758      | 
| 1022.png                 | 0.1644      | 0.0895      | 0.0935      | 0.6789      | 
| 1023.png                 | 0.1456      | 0.0785      | 0.0842      | 0.5367      | 
| 1024.png                 | 0.0671      | 0.0347      | 0.0370      | 0.3616      | 
| 1025.png                 | 0.0042      | 0.0021      | 0.0022      | 0.0474      | 
| 1026.png                 | 0.0095      | 0.0048      | 0.0050      | 0.0825      | 
| 1027.png                 | 0.0155      | 0.0078      | 0.0084      | 0.1033      | 
| 103.png                  | 0.2272      | 0.1281      | 0.1324      | 0.8003      | 
| 1032.png                 | 0.0398      | 0.0203      | 0.0227      | 0.1621      | 
| 1033.png                 | 0.0338      | 0.0172      | 0.0191      | 0.1460      | 
| 1035.png                 | 0.2037      | 0.1134      | 0.1177      | 0.7585      | 
| 1036.png                 | 0.2392      | 0.1358      | 0.1447      | 0.6890      | 
| 1037.png                 | 0.2626      | 0.1511      | 0.1619      | 0.6946      | 
| 1038.png                 | 0.2766      | 0.1605      | 0.1687      | 0.7684      | 
| 1039.png                 | 0.2833      | 0.1650      | 0.1705      | 0.8364      | 
| 1040.png                 | 0.2387      | 0.1355      | 0.1439      | 0.7007      | 
| 1041.png                 | 0.1280      | 0.0684      | 0.0708      | 0.6717      | 
| 1042.png                 | 0.0892      | 0.0467      | 0.0489      | 0.5105      | 
| 1043.png                 | 0.1229      | 0.0655      | 0.0687      | 0.5784      | 
| 1045.png                 | 0.1680      | 0.0917      | 0.0929      | 0.8776      | 
| 1046.png                 | 0.1283      | 0.0686      | 0.0714      | 0.6358      | 
| 1047.png                 | 0.1421      | 0.0765      | 0.0817      | 0.5461      | 
| 1048.png                 | 0.2407      | 0.1368      | 0.1425      | 0.7757      | 
| 1049.png                 | 0.2570      | 0.1475      | 0.1580      | 0.6889      | 
| 105.png                  | 0.2199      | 0.1235      | 0.1671      | 0.3212      | 
| 1050.png                 | 0.2825      | 0.1645      | 0.1748      | 0.7351      | 
| 1051.png                 | 0.2727      | 0.1579      | 0.1661      | 0.7603      | 
| 1052.png                 | 0.2258      | 0.1272      | 0.1323      | 0.7703      | 
| 1053.png                 | 0.1749      | 0.0958      | 0.1004      | 0.6783      | 
| 1054.png                 | 0.1217      | 0.0648      | 0.0696      | 0.4828      | 
| 1055.png                 | 0.1281      | 0.0684      | 0.0741      | 0.4698      | 
| 1056.png                 | 0.1546      | 0.0838      | 0.0957      | 0.4022      | 
| 1057.png                 | 0.1287      | 0.0688      | 0.0754      | 0.4393      | 
| 1058.png                 | 0.0853      | 0.0445      | 0.0465      | 0.5135      | 
| 1061.png                 | 0.0599      | 0.0309      | 0.0321      | 0.4359      | 
| 1062.png                 | 0.0995      | 0.0523      | 0.0552      | 0.5018      | 
| 1063.png                 | 0.1098      | 0.0581      | 0.0617      | 0.4975      | 
| 1066.png                 | 0.0483      | 0.0247      | 0.0265      | 0.2761      | 
| 1070.png                 | 0.0799      | 0.0416      | 0.0422      | 0.7439      | 
| 1071.png                 | 0.0902      | 0.0472      | 0.0477      | 0.8485      | 
| 1072.png                 | 0.0793      | 0.0413      | 0.0418      | 0.7713      | 
| 1075.png                 | 0.2483      | 0.1418      | 0.1657      | 0.4955      | 
| 1076.png                 | 0.2431      | 0.1384      | 0.1636      | 0.4726      | 
| 1087.png                 | 0.1836      | 0.1011      | 0.1110      | 0.5304      | 
| 1089.png                 | 0.1947      | 0.1079      | 0.1197      | 0.5225      | 
| 109.png                  | 0.3436      | 0.2074      | 0.2360      | 0.6314      | 
| 1090.png                 | 0.2451      | 0.1397      | 0.1540      | 0.6007      | 
| 1091.png                 | 0.2501      | 0.1429      | 0.1620      | 0.5479      | 
| 1092.png                 | 0.2351      | 0.1332      | 0.1422      | 0.6787      | 
| 1094.png                 | 0.0356      | 0.0181      | 0.0187      | 0.3568      | 
| 1095.png                 | 0.0662      | 0.0343      | 0.0354      | 0.5214      | 
| 1096.png                 | 0.0780      | 0.0406      | 0.0418      | 0.5732      | 
| 1097.png                 | 0.0795      | 0.0414      | 0.0419      | 0.7691      | 
| 1098.png                 | 0.0704      | 0.0365      | 0.0376      | 0.5573      | 
| 1099.png                 | 0.0971      | 0.0510      | 0.0584      | 0.2872      | 
| 11.png                   | 0.5345      | 0.3648      | 0.3745      | 0.9333      | 
| 1100.png                 | 0.0555      | 0.0285      | 0.0291      | 0.5743      | 
| 1101.png                 | 0.0481      | 0.0246      | 0.0251      | 0.5956      | 
| 1102.png                 | 0.0367      | 0.0187      | 0.0195      | 0.3267      | 
| 1103.png                 | 0.0726      | 0.0377      | 0.0421      | 0.2651      | 
| 1104.png                 | 0.1225      | 0.0652      | 0.0779      | 0.2864      | 
| 1105.png                 | 0.1507      | 0.0815      | 0.0976      | 0.3306      | 
| 1106.png                 | 0.1848      | 0.1018      | 0.1194      | 0.4085      | 
| 1107.png                 | 0.0860      | 0.0449      | 0.0461      | 0.6255      | 
| 1108.png                 | 0.0752      | 0.0391      | 0.0402      | 0.5786      | 
| 1110.png                 | 0.1132      | 0.0600      | 0.0618      | 0.6692      | 
| 1111.png                 | 0.1108      | 0.0586      | 0.0607      | 0.6352      | 
| 1114.png                 | 0.1075      | 0.0568      | 0.0608      | 0.4655      | 
| 1118.png                 | 0.0269      | 0.0136      | 0.0144      | 0.1934      | 
| 112.png                  | 0.1831      | 0.1007      | 0.1058      | 0.6781      | 
| 1122.png                 | 0.1856      | 0.1023      | 0.1038      | 0.8738      | 
| 1123.png                 | 0.1549      | 0.0839      | 0.0858      | 0.7935      | 
| 1125.png                 | 0.1081      | 0.0571      | 0.0579      | 0.8175      | 
| 1126.png                 | 0.1174      | 0.0623      | 0.0629      | 0.8693      | 
| 1127.png                 | 0.1215      | 0.0647      | 0.0652      | 0.8818      | 
| 1129.png                 | 0.1147      | 0.0608      | 0.0633      | 0.6098      | 
| 113.png                  | 0.1359      | 0.0729      | 0.0746      | 0.7630      | 
| 1130.png                 | 0.1960      | 0.1086      | 0.1120      | 0.7850      | 
| 1131.png                 | 0.2221      | 0.1249      | 0.1287      | 0.8096      | 
| 1132.png                 | 0.1831      | 0.1008      | 0.1022      | 0.8803      | 
| 1133.png                 | 0.1193      | 0.0634      | 0.0656      | 0.6528      | 
| 1134.png                 | 0.0676      | 0.0350      | 0.0361      | 0.5334      | 
| 1135.png                 | 0.1122      | 0.0595      | 0.0608      | 0.7276      | 
| 1136.png                 | 0.1241      | 0.0662      | 0.0675      | 0.7658      | 
| 1137.png                 | 0.1335      | 0.0715      | 0.0734      | 0.7410      | 
| 1138.png                 | 0.0740      | 0.0384      | 0.0393      | 0.6446      | 
| 114.png                  | 0.1422      | 0.0766      | 0.0776      | 0.8505      | 
| 1140.png                 | 0.0986      | 0.0518      | 0.0531      | 0.6790      | 
| 1141.png                 | 0.1083      | 0.0572      | 0.0588      | 0.6872      | 
| 1142.png                 | 0.0888      | 0.0464      | 0.0470      | 0.7859      | 
| 1143.png                 | 0.1099      | 0.0581      | 0.0618      | 0.4946      | 
| 1144.png                 | 0.1174      | 0.0624      | 0.0631      | 0.8550      | 
| 1145.png                 | 0.1467      | 0.0792      | 0.0798      | 0.9052      | 
| 1146.png                 | 0.1431      | 0.0771      | 0.0777      | 0.9018      | 
| 1147.png                 | 0.1056      | 0.0558      | 0.0564      | 0.8247      | 
| 1148.png                 | 0.0753      | 0.0391      | 0.0404      | 0.5586      | 
| 1149.png                 | 0.0595      | 0.0306      | 0.0317      | 0.4705      | 
| 115.png                  | 0.3183      | 0.1893      | 0.2043      | 0.7203      | 
| 1151.png                 | 0.0542      | 0.0278      | 0.0283      | 0.6586      | 
| 1152.png                 | 0.0563      | 0.0290      | 0.0294      | 0.6531      | 
| 1154.png                 | 0.0507      | 0.0260      | 0.0277      | 0.3013      | 
| 1155.png                 | 0.0533      | 0.0274      | 0.0291      | 0.3168      | 
| 1156.png                 | 0.0788      | 0.0410      | 0.0429      | 0.4798      | 
| 1157.png                 | 0.1400      | 0.0752      | 0.0766      | 0.8079      | 
| 1158.png                 | 0.1736      | 0.0951      | 0.1013      | 0.6048      | 
| 1159.png                 | 0.1787      | 0.0981      | 0.1041      | 0.6304      | 
| 116.png                  | 0.3409      | 0.2055      | 0.2271      | 0.6839      | 
| 1160.png                 | 0.1129      | 0.0598      | 0.0625      | 0.5793      | 
| 1161.png                 | 0.1671      | 0.0912      | 0.0936      | 0.7769      | 
| 1162.png                 | 0.2000      | 0.1111      | 0.1138      | 0.8251      | 
| 1163.png                 | 0.1712      | 0.0936      | 0.0967      | 0.7454      | 
| 1169.png                 | 0.0125      | 0.0063      | 0.0075      | 0.0368      | 
| 117.png                  | 0.2507      | 0.1433      | 0.2184      | 0.2942      | 
| 1170.png                 | 0.0312      | 0.0158      | 0.0192      | 0.0837      | 
| 1171.png                 | 0.0609      | 0.0314      | 0.0383      | 0.1487      | 
| 1172.png                 | 0.0828      | 0.0432      | 0.0523      | 0.1994      | 
| 1173.png                 | 0.0919      | 0.0482      | 0.0571      | 0.2349      | 
| 1174.png                 | 0.0711      | 0.0368      | 0.0431      | 0.2033      | 
| 1175.png                 | 0.0595      | 0.0307      | 0.0332      | 0.2860      | 
| 1176.png                 | 0.0622      | 0.0321      | 0.0326      | 0.6768      | 
| 1177.png                 | 0.0851      | 0.0444      | 0.0479      | 0.3812      | 
| 1178.png                 | 0.0617      | 0.0318      | 0.0356      | 0.2318      | 
| 1179.png                 | 0.0594      | 0.0306      | 0.0333      | 0.2772      | 
| 118.png                  | 0.2957      | 0.1735      | 0.1811      | 0.8056      | 
| 1180.png                 | 0.0250      | 0.0127      | 0.0139      | 0.1238      | 
| 1182.png                 | 0.1091      | 0.0577      | 0.0595      | 0.6572      | 
| 1183.png                 | 0.1725      | 0.0944      | 0.1013      | 0.5786      | 
| 1184.png                 | 0.2310      | 0.1306      | 0.1376      | 0.7190      | 
| 1185.png                 | 0.2303      | 0.1302      | 0.1434      | 0.5845      | 
| 1186.png                 | 0.2482      | 0.1417      | 0.1496      | 0.7297      | 
| 1187.png                 | 0.2260      | 0.1274      | 0.1380      | 0.6225      | 
| 1188.png                 | 0.1880      | 0.1038      | 0.1131      | 0.5577      | 
| 1194.png                 | 0.0658      | 0.0340      | 0.0358      | 0.4040      | 
| 1195.png                 | 0.0302      | 0.0153      | 0.0166      | 0.1694      | 
| 1197.png                 | 0.0045      | 0.0023      | 0.0025      | 0.0249      | 
| 12.png                   | 0.5812      | 0.4096      | 0.4151      | 0.9689      | 
| 1202.png                 | 0.0351      | 0.0179      | 0.0188      | 0.2702      | 
| 1205.png                 | 0.0309      | 0.0157      | 0.0159      | 0.6186      | 
| 1219.png                 | 0.0764      | 0.0397      | 0.0452      | 0.2490      | 
| 1220.png                 | 0.0341      | 0.0173      | 0.0209      | 0.0934      | 
| 1221.png                 | 0.0629      | 0.0325      | 0.0384      | 0.1728      | 
| 1222.png                 | 0.0681      | 0.0353      | 0.0367      | 0.4743      | 
| 1223.png                 | 0.0795      | 0.0414      | 0.0428      | 0.5606      | 
| 1224.png                 | 0.0910      | 0.0476      | 0.0484      | 0.7421      | 
| 1225.png                 | 0.0459      | 0.0235      | 0.0243      | 0.4209      | 
| 1226.png                 | 0.0303      | 0.0154      | 0.0156      | 0.4807      | 
| 1227.png                 | 0.0395      | 0.0201      | 0.0205      | 0.5487      | 
| 1228.png                 | 0.0241      | 0.0122      | 0.0124      | 0.4131      | 
| 1230.png                 | 0.1553      | 0.0842      | 0.0899      | 0.5711      | 
| 1236.png                 | 0.0339      | 0.0172      | 0.0178      | 0.3650      | 
| 124.png                  | 0.2292      | 0.1295      | 0.1327      | 0.8427      | 
| 1244.png                 | 0.0848      | 0.0443      | 0.0450      | 0.7399      | 
| 1245.png                 | 0.0494      | 0.0253      | 0.0260      | 0.5044      | 
| 1246.png                 | 0.0902      | 0.0472      | 0.0489      | 0.5808      | 
| 1247.png                 | 0.1385      | 0.0744      | 0.0778      | 0.6338      | 
| 1248.png                 | 0.1759      | 0.0964      | 0.1011      | 0.6774      | 
| 1249.png                 | 0.1822      | 0.1002      | 0.1040      | 0.7325      | 
| 1250.png                 | 0.1437      | 0.0774      | 0.0809      | 0.6423      | 
| 1251.png                 | 0.0438      | 0.0224      | 0.0237      | 0.2867      | 
| 1252.png                 | 0.0480      | 0.0246      | 0.0261      | 0.3037      | 
| 1253.png                 | 0.0693      | 0.0359      | 0.0372      | 0.4969      | 
| 1254.png                 | 0.0622      | 0.0321      | 0.0333      | 0.4612      | 
| 1255.png                 | 0.0685      | 0.0355      | 0.0361      | 0.6716      | 
| 1256.png                 | 0.0560      | 0.0288      | 0.0291      | 0.7007      | 
| 1257.png                 | 0.0880      | 0.0460      | 0.0463      | 0.8962      | 
| 1258.png                 | 0.0874      | 0.0457      | 0.0462      | 0.7913      | 
| 1259.png                 | 0.0635      | 0.0328      | 0.0332      | 0.7256      | 
| 1260.png                 | 0.0675      | 0.0349      | 0.0359      | 0.5710      | 
| 1261.png                 | 0.0975      | 0.0513      | 0.0522      | 0.7493      | 
| 1262.png                 | 0.1189      | 0.0632      | 0.0642      | 0.8034      | 
| 1264.png                 | 0.1152      | 0.0611      | 0.0630      | 0.6703      | 
| 1265.png                 | 0.0754      | 0.0392      | 0.0399      | 0.6814      | 
| 1266.png                 | 0.0169      | 0.0085      | 0.0085      | 0.7013      | 
| 1273.png                 | 0.0109      | 0.0055      | 0.0060      | 0.0579      | 
| 1274.png                 | 0.0346      | 0.0176      | 0.0191      | 0.1825      | 
| 1276.png                 | 0.1554      | 0.0842      | 0.0906      | 0.5466      | 
| 1277.png                 | 0.1780      | 0.0977      | 0.1032      | 0.6466      | 
| 1278.png                 | 0.0937      | 0.0491      | 0.0587      | 0.2318      | 
| 1281.png                 | 0.1022      | 0.0539      | 0.0629      | 0.2723      | 
| 1282.png                 | 0.0878      | 0.0459      | 0.0512      | 0.3071      | 
| 1285.png                 | 0.0286      | 0.0145      | 0.0145      | 0.9176      | 
| 1286.png                 | 0.0330      | 0.0168      | 0.0168      | 0.9191      | 
| 1287.png                 | 0.0144      | 0.0072      | 0.0073      | 0.6853      | 
| 1289.png                 | 0.0407      | 0.0208      | 0.0212      | 0.5019      | 
| 1291.png                 | 0.0611      | 0.0315      | 0.0320      | 0.6841      | 
| 1293.png                 | 0.0332      | 0.0169      | 0.0177      | 0.2620      | 
| 1294.png                 | 0.0462      | 0.0237      | 0.0250      | 0.3118      | 
| 1296.png                 | 0.0792      | 0.0413      | 0.0426      | 0.5712      | 
| 1297.png                 | 0.0799      | 0.0416      | 0.0427      | 0.6275      | 
| 1298.png                 | 0.0588      | 0.0303      | 0.0309      | 0.6023      | 
| 1299.png                 | 0.0548      | 0.0282      | 0.0285      | 0.7496      | 
| 13.png                   | 0.5548      | 0.3839      | 0.3901      | 0.9606      | 
| 1300.png                 | 0.0357      | 0.0182      | 0.0182      | 0.8115      | 
| 1302.png                 | 0.0241      | 0.0122      | 0.0124      | 0.4036      | 
| 1303.png                 | 0.0698      | 0.0362      | 0.0364      | 0.8270      | 
| 1304.png                 | 0.0365      | 0.0186      | 0.0197      | 0.2449      | 
| 1305.png                 | 0.0415      | 0.0212      | 0.0226      | 0.2484      | 
| 1307.png                 | 0.0099      | 0.0050      | 0.0052      | 0.0908      | 
| 1308.png                 | 0.0363      | 0.0185      | 0.0193      | 0.2938      | 
| 1309.png                 | 0.0672      | 0.0347      | 0.0352      | 0.7195      | 
| 1310.png                 | 0.0858      | 0.0448      | 0.0480      | 0.4057      | 
| 1311.png                 | 0.1250      | 0.0667      | 0.0720      | 0.4740      | 
| 1312.png                 | 0.1264      | 0.0674      | 0.0708      | 0.5877      | 
| 1313.png                 | 0.1651      | 0.0900      | 0.0910      | 0.8889      | 
| 1314.png                 | 0.1780      | 0.0977      | 0.0990      | 0.8816      | 
| 1315.png                 | 0.1795      | 0.0986      | 0.1009      | 0.8102      | 
| 1317.png                 | 0.0962      | 0.0505      | 0.0521      | 0.6227      | 
| 1318.png                 | 0.1054      | 0.0556      | 0.0567      | 0.7393      | 
| 1319.png                 | 0.1512      | 0.0818      | 0.0829      | 0.8558      | 
| 132.png                  | 0.3369      | 0.2025      | 0.2189      | 0.7307      | 
| 1320.png                 | 0.1359      | 0.0729      | 0.0736      | 0.8767      | 
| 1321.png                 | 0.0935      | 0.0490      | 0.0499      | 0.7343      | 
| 1322.png                 | 0.0586      | 0.0302      | 0.0309      | 0.5566      | 
| 1323.png                 | 0.0191      | 0.0096      | 0.0097      | 0.5304      | 
| 1324.png                 | 0.0433      | 0.0221      | 0.0224      | 0.6783      | 
| 1325.png                 | 0.0266      | 0.0135      | 0.0136      | 0.5358      | 
| 1326.png                 | 0.0977      | 0.0514      | 0.0521      | 0.7860      | 
| 1327.png                 | 0.1165      | 0.0619      | 0.0623      | 0.8976      | 
| 1328.png                 | 0.1513      | 0.0818      | 0.0825      | 0.9087      | 
| 1329.png                 | 0.1361      | 0.0730      | 0.0752      | 0.7187      | 
| 133.png                  | 0.4049      | 0.2538      | 0.2600      | 0.9150      | 
| 1330.png                 | 0.0458      | 0.0234      | 0.0237      | 0.7124      | 
| 1333.png                 | 0.0701      | 0.0363      | 0.0373      | 0.5923      | 
| 1334.png                 | 0.0766      | 0.0398      | 0.0411      | 0.5632      | 
| 1335.png                 | 0.0931      | 0.0488      | 0.0510      | 0.5339      | 
| 1337.png                 | 0.0824      | 0.0430      | 0.0449      | 0.5022      | 
| 134.png                  | 0.4033      | 0.2526      | 0.2571      | 0.9342      | 
| 1345.png                 | 0.0341      | 0.0174      | 0.0183      | 0.2583      | 
| 1348.png                 | 0.0341      | 0.0174      | 0.0174      | 0.8592      | 
| 1349.png                 | 0.0540      | 0.0278      | 0.0280      | 0.7950      | 
| 1350.png                 | 0.0483      | 0.0248      | 0.0249      | 0.8448      | 
| 1353.png                 | 0.1638      | 0.0892      | 0.0914      | 0.7896      | 
| 1354.png                 | 0.2098      | 0.1172      | 0.1201      | 0.8314      | 
| 1355.png                 | 0.2312      | 0.1307      | 0.1348      | 0.8121      | 
| 1356.png                 | 0.2744      | 0.1591      | 0.1637      | 0.8477      | 
| 1357.png                 | 0.3110      | 0.1841      | 0.1915      | 0.8272      | 
| 1358.png                 | 0.2801      | 0.1628      | 0.1753      | 0.6963      | 
| 1359.png                 | 0.1871      | 0.1032      | 0.1116      | 0.5782      | 
| 1370.png                 | 0.0998      | 0.0525      | 0.0538      | 0.6922      | 
| 1371.png                 | 0.0857      | 0.0447      | 0.0457      | 0.6723      | 
| 1372.png                 | 0.0711      | 0.0368      | 0.0373      | 0.7448      | 
| 1373.png                 | 0.0660      | 0.0341      | 0.0346      | 0.6945      | 
| 1374.png                 | 0.0748      | 0.0389      | 0.0390      | 0.9366      | 
| 1375.png                 | 0.0947      | 0.0497      | 0.0499      | 0.9107      | 
| 1376.png                 | 0.0668      | 0.0345      | 0.0346      | 0.9294      | 
| 1377.png                 | 0.0411      | 0.0210      | 0.0211      | 0.7639      | 
| 1378.png                 | 0.0524      | 0.0269      | 0.0271      | 0.7722      | 
| 1379.png                 | 0.0475      | 0.0244      | 0.0245      | 0.8415      | 
| 1380.png                 | 0.1222      | 0.0650      | 0.0662      | 0.7867      | 
| 1381.png                 | 0.0640      | 0.0331      | 0.0331      | 0.9831      | 
| 1382.png                 | 0.0546      | 0.0281      | 0.0283      | 0.7426      | 
| 1389.png                 | 0.0637      | 0.0329      | 0.0338      | 0.5631      | 
| 139.png                  | 0.2102      | 0.1174      | 0.1187      | 0.9183      | 
| 1390.png                 | 0.1591      | 0.0864      | 0.0893      | 0.7244      | 
| 1397.png                 | 0.0796      | 0.0414      | 0.0452      | 0.3290      | 
| 14.png                   | 0.4717      | 0.3087      | 0.3141      | 0.9466      | 
| 140.png                  | 0.2126      | 0.1190      | 0.1204      | 0.9075      | 
| 1405.png                 | 0.0887      | 0.0464      | 0.0466      | 0.9217      | 
| 1406.png                 | 0.0798      | 0.0416      | 0.0418      | 0.8730      | 
| 1407.png                 | 0.0687      | 0.0356      | 0.0359      | 0.8201      | 
| 1409.png                 | 0.0358      | 0.0182      | 0.0187      | 0.4136      | 
| 1410.png                 | 0.0916      | 0.0480      | 0.0483      | 0.8663      | 
| 1411.png                 | 0.0903      | 0.0473      | 0.0475      | 0.9257      | 
| 1412.png                 | 0.0720      | 0.0373      | 0.0375      | 0.8824      | 
| 1414.png                 | 0.0794      | 0.0413      | 0.0417      | 0.8232      | 
| 1415.png                 | 0.1133      | 0.0601      | 0.0611      | 0.7861      | 
| 1416.png                 | 0.0754      | 0.0392      | 0.0397      | 0.7417      | 
| 1417.png                 | 0.0714      | 0.0370      | 0.0375      | 0.7404      | 
| 1418.png                 | 0.0985      | 0.0518      | 0.0522      | 0.8790      | 
| 1419.png                 | 0.0977      | 0.0514      | 0.0517      | 0.8813      | 
| 142.png                  | 0.1308      | 0.0700      | 0.0708      | 0.8630      | 
| 1420.png                 | 0.0651      | 0.0336      | 0.0343      | 0.6443      | 
| 1422.png                 | 0.0335      | 0.0170      | 0.0178      | 0.2746      | 
| 1424.png                 | 0.0660      | 0.0341      | 0.0348      | 0.6323      | 
| 1426.png                 | 0.0984      | 0.0518      | 0.0521      | 0.8850      | 
| 1427.png                 | 0.1329      | 0.0712      | 0.0714      | 0.9528      | 
| 1428.png                 | 0.1438      | 0.0775      | 0.0781      | 0.9061      | 
| 1429.png                 | 0.0762      | 0.0396      | 0.0407      | 0.5932      | 
| 143.png                  | 0.1360      | 0.0730      | 0.0735      | 0.9164      | 
| 1432.png                 | 0.0636      | 0.0329      | 0.0331      | 0.8452      | 
| 1433.png                 | 0.0835      | 0.0436      | 0.0441      | 0.7945      | 
| 1435.png                 | 0.1303      | 0.0697      | 0.0727      | 0.6285      | 
| 1436.png                 | 0.1833      | 0.1009      | 0.1052      | 0.7081      | 
| 1437.png                 | 0.1924      | 0.1065      | 0.1096      | 0.7904      | 
| 1438.png                 | 0.2086      | 0.1164      | 0.1216      | 0.7318      | 
| 1439.png                 | 0.1495      | 0.0808      | 0.0946      | 0.3559      | 
| 1442.png                 | 0.0795      | 0.0414      | 0.0423      | 0.6598      | 
| 1443.png                 | 0.1054      | 0.0556      | 0.0576      | 0.6217      | 
| 1444.png                 | 0.1087      | 0.0575      | 0.0589      | 0.7103      | 
| 1445.png                 | 0.1413      | 0.0760      | 0.0771      | 0.8485      | 
| 1446.png                 | 0.1186      | 0.0630      | 0.0637      | 0.8553      | 
| 1450.png                 | 0.0979      | 0.0515      | 0.0519      | 0.8686      | 
| 1451.png                 | 0.0901      | 0.0472      | 0.0479      | 0.7540      | 
| 1452.png                 | 0.1141      | 0.0605      | 0.0609      | 0.9020      | 
| 1453.png                 | 0.0948      | 0.0498      | 0.0499      | 0.9483      | 
| 1454.png                 | 0.0963      | 0.0506      | 0.0510      | 0.8570      | 
| 1455.png                 | 0.0286      | 0.0145      | 0.0151      | 0.2535      | 
| 1456.png                 | 0.0396      | 0.0202      | 0.0206      | 0.5057      | 
| 1457.png                 | 0.0634      | 0.0327      | 0.0333      | 0.6734      | 
| 1458.png                 | 0.0510      | 0.0262      | 0.0269      | 0.5125      | 
| 1460.png                 | 0.0605      | 0.0312      | 0.0323      | 0.4734      | 
| 1461.png                 | 0.0921      | 0.0483      | 0.0498      | 0.6181      | 
| 1462.png                 | 0.0448      | 0.0229      | 0.0229      | 0.9970      | 
| 1469.png                 | 0.0389      | 0.0198      | 0.0199      | 0.9193      | 
| 147.png                  | 0.0035      | 0.0018      | 0.0041      | 0.0031      | 
| 1470.png                 | 0.0356      | 0.0181      | 0.0182      | 0.8884      | 
| 1472.png                 | 0.0363      | 0.0185      | 0.0189      | 0.4821      | 
| 1473.png                 | 0.0282      | 0.0143      | 0.0147      | 0.3656      | 
| 1474.png                 | 0.0452      | 0.0231      | 0.0233      | 0.7181      | 
| 1476.png                 | 0.0256      | 0.0130      | 0.0130      | 0.9812      | 
| 1477.png                 | 0.0433      | 0.0221      | 0.0222      | 0.9651      | 
| 1478.png                 | 0.0267      | 0.0135      | 0.0135      | 0.9895      | 
| 1479.png                 | 0.0169      | 0.0085      | 0.0085      | 0.8915      | 
| 1480.png                 | 0.0520      | 0.0267      | 0.0278      | 0.3920      | 
| 1481.png                 | 0.0555      | 0.0286      | 0.0299      | 0.3890      | 
| 1482.png                 | 0.0514      | 0.0264      | 0.0281      | 0.3056      | 
| 1484.png                 | 0.0467      | 0.0239      | 0.0248      | 0.3996      | 
| 1485.png                 | 0.0496      | 0.0255      | 0.0264      | 0.4267      | 
| 1486.png                 | 0.0333      | 0.0169      | 0.0176      | 0.3124      | 
| 1487.png                 | 0.0402      | 0.0205      | 0.0206      | 0.8344      | 
| 1488.png                 | 0.0605      | 0.0312      | 0.0314      | 0.8034      | 
| 1490.png                 | 0.0663      | 0.0343      | 0.0359      | 0.4275      | 
| 1491.png                 | 0.0491      | 0.0252      | 0.0257      | 0.5494      | 
| 1492.png                 | 0.0604      | 0.0312      | 0.0315      | 0.7455      | 
| 1496.png                 | 0.0675      | 0.0349      | 0.0379      | 0.3072      | 
| 1498.png                 | 0.0178      | 0.0090      | 0.0097      | 0.1028      | 
| 1499.png                 | 0.0638      | 0.0329      | 0.0362      | 0.2699      | 
| 15.png                   | 0.2851      | 0.1662      | 0.1704      | 0.8725      | 
| 1500.png                 | 0.0900      | 0.0471      | 0.0521      | 0.3298      | 
| 1501.png                 | 0.0879      | 0.0460      | 0.0518      | 0.2920      | 
| 1503.png                 | 0.0572      | 0.0294      | 0.0349      | 0.1583      | 
| 1506.png                 | 0.1172      | 0.0623      | 0.0640      | 0.6953      | 
| 1507.png                 | 0.1243      | 0.0663      | 0.0700      | 0.5572      | 
| 1508.png                 | 0.1695      | 0.0926      | 0.0953      | 0.7615      | 
| 1509.png                 | 0.1719      | 0.0940      | 0.0956      | 0.8518      | 
| 1510.png                 | 0.1065      | 0.0563      | 0.0580      | 0.6515      | 
| 1511.png                 | 0.0288      | 0.0146      | 0.0149      | 0.4072      | 
| 1512.png                 | 0.0869      | 0.0454      | 0.0456      | 0.9373      | 
| 1513.png                 | 0.1197      | 0.0637      | 0.0641      | 0.8993      | 
| 1514.png                 | 0.0461      | 0.0236      | 0.0240      | 0.6069      | 
| 1516.png                 | 0.1038      | 0.0548      | 0.0562      | 0.6862      | 
| 1517.png                 | 0.1306      | 0.0699      | 0.0718      | 0.7202      | 
| 1518.png                 | 0.1137      | 0.0603      | 0.0622      | 0.6527      | 
| 1519.png                 | 0.0976      | 0.0513      | 0.0523      | 0.7276      | 
| 1520.png                 | 0.0389      | 0.0198      | 0.0202      | 0.5041      | 
| 1523.png                 | 0.0674      | 0.0349      | 0.0377      | 0.3178      | 
| 1525.png                 | 0.0981      | 0.0516      | 0.0579      | 0.3209      | 
| 1527.png                 | 0.0395      | 0.0201      | 0.0207      | 0.4277      | 
| 1533.png                 | 0.0558      | 0.0287      | 0.0291      | 0.6714      | 
| 1534.png                 | 0.0859      | 0.0449      | 0.0450      | 0.9572      | 
| 1535.png                 | 0.1082      | 0.0572      | 0.0574      | 0.9570      | 
| 1536.png                 | 0.0811      | 0.0423      | 0.0425      | 0.8837      | 
| 1538.png                 | 0.2651      | 0.1528      | 0.1683      | 0.6245      | 
| 1539.png                 | 0.3128      | 0.1854      | 0.2057      | 0.6534      | 
| 154.png                  | 0.0338      | 0.0172      | 0.0303      | 0.0382      | 
| 1540.png                 | 0.3185      | 0.1894      | 0.2166      | 0.6011      | 
| 1541.png                 | 0.3217      | 0.1917      | 0.2144      | 0.6437      | 
| 1542.png                 | 0.3033      | 0.1788      | 0.1970      | 0.6589      | 
| 1543.png                 | 0.2459      | 0.1402      | 0.1440      | 0.8410      | 
| 1545.png                 | 0.0966      | 0.0507      | 0.0516      | 0.7459      | 
| 1546.png                 | 0.1269      | 0.0677      | 0.0730      | 0.4858      | 
| 1547.png                 | 0.1570      | 0.0852      | 0.0926      | 0.5147      | 
| 1548.png                 | 0.1725      | 0.0944      | 0.1014      | 0.5762      | 
| 1549.png                 | 0.2215      | 0.1245      | 0.1296      | 0.7605      | 
| 155.png                  | 0.0283      | 0.0144      | 0.0292      | 0.0275      | 
| 1550.png                 | 0.2065      | 0.1151      | 0.1175      | 0.8507      | 
| 1551.png                 | 0.1841      | 0.1014      | 0.1030      | 0.8667      | 
| 1553.png                 | 0.1213      | 0.0645      | 0.0671      | 0.6315      | 
| 1554.png                 | 0.1420      | 0.0764      | 0.0772      | 0.8816      | 
| 1555.png                 | 0.1308      | 0.0699      | 0.0705      | 0.9053      | 
| 1556.png                 | 0.0913      | 0.0478      | 0.0488      | 0.7148      | 
| 1557.png                 | 0.0122      | 0.0061      | 0.0062      | 0.5611      | 
| 1558.png                 | 0.0234      | 0.0119      | 0.0120      | 0.5925      | 
| 1559.png                 | 0.0811      | 0.0423      | 0.0427      | 0.8265      | 
| 1560.png                 | 0.1015      | 0.0535      | 0.0542      | 0.7882      | 
| 1561.png                 | 0.0998      | 0.0525      | 0.0530      | 0.8401      | 
| 1562.png                 | 0.0724      | 0.0375      | 0.0380      | 0.7604      | 
| 1563.png                 | 0.0210      | 0.0106      | 0.0109      | 0.3115      | 
| 1564.png                 | 0.0526      | 0.0270      | 0.0273      | 0.6906      | 
| 1565.png                 | 0.0417      | 0.0213      | 0.0214      | 0.8456      | 
| 1566.png                 | 0.0378      | 0.0193      | 0.0193      | 0.9518      | 
| 1567.png                 | 0.0334      | 0.0170      | 0.0170      | 0.9512      | 
| 1568.png                 | 0.0489      | 0.0250      | 0.0253      | 0.7494      | 
| 157.png                  | 0.2415      | 0.1374      | 0.2004      | 0.3039      | 
| 1571.png                 | 0.0636      | 0.0329      | 0.0330      | 0.8953      | 
| 1572.png                 | 0.0364      | 0.0186      | 0.0186      | 0.8770      | 
| 1577.png                 | 0.1312      | 0.0702      | 0.0710      | 0.8515      | 
| 1578.png                 | 0.1273      | 0.0680      | 0.0701      | 0.6932      | 
| 1579.png                 | 0.1251      | 0.0667      | 0.0673      | 0.8759      | 
| 158.png                  | 0.3765      | 0.2319      | 0.2721      | 0.6109      | 
| 1580.png                 | 0.0963      | 0.0506      | 0.0533      | 0.5007      | 
| 1590.png                 | 0.1018      | 0.0536      | 0.0539      | 0.9082      | 
| 1591.png                 | 0.1059      | 0.0559      | 0.0568      | 0.7712      | 
| 1592.png                 | 0.0990      | 0.0521      | 0.0521      | 0.9721      | 
| 1593.png                 | 0.1025      | 0.0540      | 0.0547      | 0.8034      | 
| 1594.png                 | 0.0227      | 0.0115      | 0.0117      | 0.3848      | 
| 1595.png                 | 0.0265      | 0.0134      | 0.0135      | 0.6409      | 
| 1596.png                 | 0.0590      | 0.0304      | 0.0309      | 0.6750      | 
| 1597.png                 | 0.0885      | 0.0463      | 0.0471      | 0.7358      | 
| 1598.png                 | 0.0528      | 0.0271      | 0.0277      | 0.5775      | 
| 16.png                   | 0.0795      | 0.0414      | 0.0415      | 0.9254      | 
| 160.png                  | 0.2187      | 0.1228      | 0.1299      | 0.6918      | 
| 1600.png                 | 0.1156      | 0.0613      | 0.0627      | 0.7393      | 
| 1601.png                 | 0.1736      | 0.0950      | 0.0959      | 0.9172      | 
| 1602.png                 | 0.1858      | 0.1024      | 0.1042      | 0.8581      | 
| 1603.png                 | 0.1695      | 0.0926      | 0.0939      | 0.8670      | 
| 1604.png                 | 0.0404      | 0.0206      | 0.0209      | 0.6029      | 
| 1605.png                 | 0.0340      | 0.0173      | 0.0175      | 0.6375      | 
| 1606.png                 | 0.0461      | 0.0236      | 0.0238      | 0.7509      | 
| 1608.png                 | 0.2671      | 0.1542      | 0.1701      | 0.6216      | 
| 1609.png                 | 0.0770      | 0.0401      | 0.0408      | 0.6850      | 
| 161.png                  | 0.3007      | 0.1769      | 0.1799      | 0.9143      | 
| 1610.png                 | 0.0896      | 0.0469      | 0.0472      | 0.8804      | 
| 1611.png                 | 0.1209      | 0.0644      | 0.0667      | 0.6500      | 
| 1612.png                 | 0.1160      | 0.0616      | 0.0644      | 0.5856      | 
| 1613.png                 | 0.0805      | 0.0419      | 0.0431      | 0.6110      | 
| 1614.png                 | 0.0866      | 0.0453      | 0.0472      | 0.5231      | 
| 1617.png                 | 0.0561      | 0.0289      | 0.0291      | 0.7980      | 
| 1618.png                 | 0.1073      | 0.0567      | 0.0575      | 0.7960      | 
| 1619.png                 | 0.1109      | 0.0587      | 0.0594      | 0.8280      | 
| 162.png                  | 0.2316      | 0.1310      | 0.1338      | 0.8602      | 
| 1620.png                 | 0.0821      | 0.0428      | 0.0438      | 0.6545      | 
| 1622.png                 | 0.0763      | 0.0397      | 0.0409      | 0.5599      | 
| 1625.png                 | 0.1650      | 0.0899      | 0.1052      | 0.3823      | 
| 1626.png                 | 0.2187      | 0.1228      | 0.1384      | 0.5206      | 
| 1628.png                 | 0.0322      | 0.0164      | 0.0167      | 0.4147      | 
| 1629.png                 | 0.1434      | 0.0772      | 0.0783      | 0.8533      | 
| 1630.png                 | 0.1930      | 0.1068      | 0.1084      | 0.8771      | 
| 1631.png                 | 0.2157      | 0.1209      | 0.1228      | 0.8876      | 
| 1632.png                 | 0.2379      | 0.1350      | 0.1430      | 0.7068      | 
| 1635.png                 | 0.0963      | 0.0506      | 0.0519      | 0.6757      | 
| 1636.png                 | 0.1733      | 0.0949      | 0.0965      | 0.8492      | 
| 1637.png                 | 0.1804      | 0.0991      | 0.1017      | 0.7970      | 
| 1638.png                 | 0.1549      | 0.0840      | 0.0866      | 0.7318      | 
| 1639.png                 | 0.1110      | 0.0587      | 0.0612      | 0.5954      | 
| 164.png                  | 0.1620      | 0.0881      | 0.0888      | 0.9217      | 
| 165.png                  | 0.2264      | 0.1276      | 0.1299      | 0.8812      | 
| 1656.png                 | 0.0291      | 0.0148      | 0.0154      | 0.2714      | 
| 1657.png                 | 0.0562      | 0.0289      | 0.0292      | 0.7426      | 
| 166.png                  | 0.3486      | 0.2111      | 0.2173      | 0.8810      | 
| 1665.png                 | 0.0470      | 0.0241      | 0.0243      | 0.7399      | 
| 1666.png                 | 0.0552      | 0.0284      | 0.0288      | 0.6643      | 
| 1667.png                 | 0.0703      | 0.0364      | 0.0369      | 0.7282      | 
| 1668.png                 | 0.0776      | 0.0404      | 0.0413      | 0.6527      | 
| 1669.png                 | 0.0513      | 0.0263      | 0.0270      | 0.5182      | 
| 167.png                  | 0.3191      | 0.1898      | 0.1953      | 0.8708      | 
| 1670.png                 | 0.0526      | 0.0270      | 0.0276      | 0.5383      | 
| 1671.png                 | 0.0385      | 0.0196      | 0.0199      | 0.6101      | 
| 1672.png                 | 0.0288      | 0.0146      | 0.0148      | 0.5256      | 
| 1677.png                 | 0.0660      | 0.0341      | 0.0349      | 0.6024      | 
| 1679.png                 | 0.0490      | 0.0251      | 0.0279      | 0.2041      | 
| 168.png                  | 0.2122      | 0.1187      | 0.1237      | 0.7449      | 
| 1681.png                 | 0.0242      | 0.0122      | 0.0140      | 0.0867      | 
| 1685.png                 | 0.0245      | 0.0124      | 0.0141      | 0.0915      | 
| 1689.png                 | 0.0110      | 0.0055      | 0.0064      | 0.0373      | 
| 1691.png                 | 0.0262      | 0.0133      | 0.0140      | 0.2029      | 
| 1692.png                 | 0.0534      | 0.0274      | 0.0277      | 0.7455      | 
| 1693.png                 | 0.0970      | 0.0510      | 0.0514      | 0.8599      | 
| 1694.png                 | 0.1207      | 0.0642      | 0.0652      | 0.8166      | 
| 1697.png                 | 0.0638      | 0.0330      | 0.0338      | 0.5880      | 
| 1699.png                 | 0.0454      | 0.0232      | 0.0236      | 0.6349      | 
| 17.png                   | 0.2351      | 0.1332      | 0.1423      | 0.6777      | 
| 1700.png                 | 0.0356      | 0.0181      | 0.0188      | 0.3502      | 
| 1701.png                 | 0.0380      | 0.0194      | 0.0200      | 0.3642      | 
| 1702.png                 | 0.0473      | 0.0242      | 0.0248      | 0.5126      | 
| 1705.png                 | 0.1110      | 0.0588      | 0.0611      | 0.6106      | 
| 1706.png                 | 0.1199      | 0.0638      | 0.0657      | 0.6892      | 
| 1707.png                 | 0.1194      | 0.0635      | 0.0644      | 0.8294      | 
| 1708.png                 | 0.0704      | 0.0365      | 0.0370      | 0.7132      | 
| 1713.png                 | 0.0556      | 0.0286      | 0.0306      | 0.3032      | 
| 1715.png                 | 0.0215      | 0.0109      | 0.0119      | 0.1101      | 
| 172.png                  | 0.0620      | 0.0320      | 0.0653      | 0.0590      | 
| 1722.png                 | 0.0741      | 0.0385      | 0.0391      | 0.7245      | 
| 1723.png                 | 0.0733      | 0.0380      | 0.0387      | 0.6769      | 
| 1724.png                 | 0.0518      | 0.0266      | 0.0272      | 0.5482      | 
| 1726.png                 | 0.2098      | 0.1172      | 0.1308      | 0.5301      | 
| 1727.png                 | 0.2046      | 0.1140      | 0.1430      | 0.3596      | 
| 1728.png                 | 0.1653      | 0.0901      | 0.1193      | 0.2694      | 
| 1729.png                 | 0.2023      | 0.1125      | 0.1363      | 0.3916      | 
| 173.png                  | 0.1657      | 0.0903      | 0.1397      | 0.2037      | 
| 1730.png                 | 0.2124      | 0.1188      | 0.1428      | 0.4146      | 
| 1731.png                 | 0.2126      | 0.1189      | 0.1405      | 0.4364      | 
| 1732.png                 | 0.1429      | 0.0770      | 0.0832      | 0.5075      | 
| 1733.png                 | 0.0993      | 0.0522      | 0.0549      | 0.5205      | 
| 1741.png                 | 0.0324      | 0.0164      | 0.0168      | 0.4587      | 
| 1743.png                 | 0.0484      | 0.0248      | 0.0253      | 0.5385      | 
| 1745.png                 | 0.0637      | 0.0329      | 0.0344      | 0.4295      | 
| 1746.png                 | 0.0599      | 0.0309      | 0.0324      | 0.3905      | 
| 1747.png                 | 0.0320      | 0.0163      | 0.0166      | 0.4294      | 
| 1748.png                 | 0.0605      | 0.0312      | 0.0315      | 0.7712      | 
| 1749.png                 | 0.0756      | 0.0393      | 0.0396      | 0.8261      | 
| 175.png                  | 0.2057      | 0.1147      | 0.1214      | 0.6735      | 
| 1750.png                 | 0.0950      | 0.0498      | 0.0503      | 0.8382      | 
| 1751.png                 | 0.0949      | 0.0498      | 0.0504      | 0.8280      | 
| 1752.png                 | 0.0794      | 0.0413      | 0.0420      | 0.7105      | 
| 1753.png                 | 0.0472      | 0.0242      | 0.0244      | 0.6916      | 
| 1759.png                 | 0.0533      | 0.0274      | 0.0277      | 0.7344      | 
| 176.png                  | 0.3987      | 0.2490      | 0.2637      | 0.8166      | 
| 1760.png                 | 0.0601      | 0.0310      | 0.0311      | 0.8929      | 
| 1761.png                 | 0.0120      | 0.0060      | 0.0062      | 0.1710      | 
| 1762.png                 | 0.0135      | 0.0068      | 0.0070      | 0.1688      | 
| 1764.png                 | 0.0236      | 0.0119      | 0.0120      | 0.8960      | 
| 1766.png                 | 0.0587      | 0.0302      | 0.0324      | 0.3067      | 
| 1767.png                 | 0.1197      | 0.0637      | 0.0659      | 0.6513      | 
| 177.png                  | 0.4164      | 0.2629      | 0.2751      | 0.8553      | 
| 1771.png                 | 0.1134      | 0.0601      | 0.0607      | 0.8583      | 
| 178.png                  | 0.3338      | 0.2004      | 0.2087      | 0.8335      | 
| 1781.png                 | 0.0431      | 0.0220      | 0.0222      | 0.8209      | 
| 1782.png                 | 0.0764      | 0.0397      | 0.0410      | 0.5503      | 
| 1786.png                 | 0.0000      | 0.0000      | 0.0000      | 0.0000      | 
| 1787.png                 | 0.0079      | 0.0040      | 0.0041      | 0.1000      | 
| 1788.png                 | 0.0009      | 0.0004      | 0.0005      | 0.0104      | 
| 1789.png                 | 0.0273      | 0.0139      | 0.0140      | 0.6162      | 
| 1790.png                 | 0.0469      | 0.0240      | 0.0241      | 0.8408      | 
| 1791.png                 | 0.0598      | 0.0308      | 0.0310      | 0.8677      | 
| 1793.png                 | 0.0248      | 0.0126      | 0.0129      | 0.3713      | 
| 1795.png                 | 0.0844      | 0.0441      | 0.0477      | 0.3656      | 
| 1796.png                 | 0.1638      | 0.0892      | 0.0929      | 0.6909      | 
| 1797.png                 | 0.1837      | 0.1011      | 0.1049      | 0.7371      | 
| 1798.png                 | 0.1578      | 0.0857      | 0.0896      | 0.6624      | 
| 1799.png                 | 0.0719      | 0.0373      | 0.0405      | 0.3217      | 
| 18.png                   | 0.2518      | 0.1440      | 0.1491      | 0.8095      | 
| 180.png                  | 0.3794      | 0.2341      | 0.2488      | 0.7993      | 
| 1800.png                 | 0.0395      | 0.0202      | 0.0214      | 0.2598      | 
| 1801.png                 | 0.0683      | 0.0353      | 0.0357      | 0.7538      | 
| 1802.png                 | 0.0446      | 0.0228      | 0.0231      | 0.6056      | 
| 1805.png                 | 0.0258      | 0.0131      | 0.0134      | 0.3377      | 
| 1808.png                 | 0.0730      | 0.0379      | 0.0384      | 0.7376      | 
| 181.png                  | 0.4187      | 0.2648      | 0.2746      | 0.8810      | 
| 182.png                  | 0.3555      | 0.2162      | 0.2268      | 0.8223      | 
| 1820.png                 | 0.0885      | 0.0463      | 0.0479      | 0.5862      | 
| 1822.png                 | 0.0738      | 0.0383      | 0.0409      | 0.3798      | 
| 1825.png                 | 0.1545      | 0.0837      | 0.0984      | 0.3587      | 
| 1826.png                 | 0.1718      | 0.0940      | 0.1116      | 0.3733      | 
| 1827.png                 | 0.1848      | 0.1018      | 0.1202      | 0.3999      | 
| 1828.png                 | 0.2002      | 0.1112      | 0.1234      | 0.5299      | 
| 1829.png                 | 0.1331      | 0.0713      | 0.0788      | 0.4286      | 
| 183.png                  | 0.2270      | 0.1280      | 0.1334      | 0.7611      | 
| 1830.png                 | 0.0961      | 0.0505      | 0.0533      | 0.4905      | 
| 1831.png                 | 0.1453      | 0.0783      | 0.0871      | 0.4363      | 
| 1832.png                 | 0.1435      | 0.0773      | 0.0862      | 0.4268      | 
| 1833.png                 | 0.1618      | 0.0880      | 0.0954      | 0.5319      | 
| 1834.png                 | 0.1193      | 0.0634      | 0.0696      | 0.4163      | 
| 1835.png                 | 0.0868      | 0.0454      | 0.0462      | 0.7315      | 
| 1836.png                 | 0.1300      | 0.0695      | 0.0699      | 0.9203      | 
| 1837.png                 | 0.1412      | 0.0759      | 0.0766      | 0.8932      | 
| 1838.png                 | 0.1314      | 0.0703      | 0.0715      | 0.8107      | 
| 1839.png                 | 0.1002      | 0.0527      | 0.0534      | 0.8100      | 
| 184.png                  | 0.1115      | 0.0590      | 0.0602      | 0.7613      | 
| 1840.png                 | 0.0465      | 0.0238      | 0.0239      | 0.8511      | 
| 185.png                  | 0.1672      | 0.0912      | 0.0928      | 0.8466      | 
| 1896.png                 | 0.1527      | 0.0826      | 0.1023      | 0.3003      | 
| 1897.png                 | 0.1174      | 0.0623      | 0.0688      | 0.3989      | 
| 19.png                   | 0.0760      | 0.0395      | 0.0419      | 0.4035      | 
| 192.png                  | 0.3351      | 0.2013      | 0.2203      | 0.6999      | 
| 193.png                  | 0.4873      | 0.3222      | 0.3415      | 0.8506      | 
| 194.png                  | 0.5433      | 0.3730      | 0.4025      | 0.8358      | 
| 195.png                  | 0.5470      | 0.3765      | 0.4082      | 0.8290      | 
| 1950.png                 | 0.0517      | 0.0266      | 0.0271      | 0.5664      | 
| 1956.png                 | 0.1099      | 0.0581      | 0.0677      | 0.2922      | 
| 1957.png                 | 0.1263      | 0.0674      | 0.0824      | 0.2704      | 
| 1958.png                 | 0.1107      | 0.0586      | 0.0757      | 0.2063      | 
| 196.png                  | 0.4444      | 0.2857      | 0.3260      | 0.6978      | 
| 1967.png                 | 0.2542      | 0.1456      | 0.2157      | 0.3097      | 
| 2.png                    | 0.3080      | 0.1820      | 0.2267      | 0.4801      | 
| 20.png                   | 0.2998      | 0.1763      | 0.2294      | 0.4326      | 
| 201.png                  | 0.2536      | 0.1452      | 0.1521      | 0.7641      | 
| 202.png                  | 0.2222      | 0.1250      | 0.1291      | 0.7953      | 
| 21.png                   | 0.4592      | 0.2980      | 0.3467      | 0.6796      | 
| 2102.png                 | 0.0785      | 0.0409      | 0.0448      | 0.3193      | 
| 211.png                  | 0.2332      | 0.1320      | 0.1405      | 0.6854      | 
| 212.png                  | 0.2956      | 0.1735      | 0.1984      | 0.5794      | 
| 213.png                  | 0.3107      | 0.1839      | 0.2117      | 0.5836      | 
| 214.png                  | 0.3425      | 0.2067      | 0.2374      | 0.6146      | 
| 215.png                  | 0.2797      | 0.1626      | 0.1886      | 0.5414      | 
| 216.png                  | 0.1369      | 0.0735      | 0.0810      | 0.4406      | 
| 217.png                  | 0.0931      | 0.0488      | 0.0531      | 0.3788      | 
| 218.png                  | 0.1134      | 0.0601      | 0.0617      | 0.6967      | 
| 2188.png                 | 0.1904      | 0.1052      | 0.1284      | 0.3679      | 
| 219.png                  | 0.1191      | 0.0633      | 0.0653      | 0.6738      | 
| 2190.png                 | 0.2171      | 0.1218      | 0.2102      | 0.2246      | 
| 2192.png                 | 0.2145      | 0.1201      | 0.1939      | 0.2400      | 
| 2199.png                 | 0.1298      | 0.0694      | 0.0958      | 0.2012      | 
| 22.png                   | 0.4775      | 0.3136      | 0.3547      | 0.7304      | 
| 220.png                  | 0.1364      | 0.0732      | 0.0762      | 0.6479      | 
| 2200.png                 | 0.1592      | 0.0865      | 0.1135      | 0.2667      | 
| 221.png                  | 0.2191      | 0.1230      | 0.1267      | 0.8099      | 
| 222.png                  | 0.3274      | 0.1957      | 0.1996      | 0.9097      | 
| 223.png                  | 0.4119      | 0.2594      | 0.2631      | 0.9477      | 
| 224.png                  | 0.4341      | 0.2772      | 0.2851      | 0.9089      | 
| 2244.png                 | 0.0442      | 0.0226      | 0.0237      | 0.3255      | 
| 225.png                  | 0.4048      | 0.2537      | 0.2631      | 0.8767      | 
| 2257.png                 | 0.1052      | 0.0555      | 0.0651      | 0.2743      | 
| 2259.png                 | 0.1188      | 0.0631      | 0.0714      | 0.3543      | 
| 226.png                  | 0.2989      | 0.1757      | 0.1850      | 0.7787      | 
| 227.png                  | 0.0687      | 0.0356      | 0.0358      | 0.8443      | 
| 228.png                  | 0.1284      | 0.0686      | 0.0699      | 0.7858      | 
| 229.png                  | 0.1385      | 0.0744      | 0.0761      | 0.7684      | 
| 23.png                   | 0.4276      | 0.2719      | 0.3142      | 0.6691      | 
| 230.png                  | 0.0813      | 0.0424      | 0.0429      | 0.7807      | 
| 2307.png                 | 0.0947      | 0.0497      | 0.0519      | 0.5480      | 
| 2308.png                 | 0.0834      | 0.0435      | 0.0479      | 0.3211      | 
| 2312.png                 | 0.2333      | 0.1320      | 0.1596      | 0.4333      | 
| 2313.png                 | 0.2633      | 0.1516      | 0.1771      | 0.5124      | 
| 2314.png                 | 0.2531      | 0.1449      | 0.1585      | 0.6287      | 
| 2315.png                 | 0.2203      | 0.1238      | 0.1313      | 0.6848      | 
| 2316.png                 | 0.1288      | 0.0688      | 0.0764      | 0.4093      | 
| 2318.png                 | 0.1059      | 0.0559      | 0.0699      | 0.2176      | 
| 233.png                  | 0.3348      | 0.2011      | 0.2042      | 0.9287      | 
| 234.png                  | 0.3528      | 0.2142      | 0.2172      | 0.9387      | 
| 235.png                  | 0.3531      | 0.2144      | 0.2186      | 0.9183      | 
| 236.png                  | 0.1911      | 0.1057      | 0.1120      | 0.6500      | 
| 237.png                  | 0.1871      | 0.1032      | 0.1059      | 0.8050      | 
| 2371.png                 | 0.0283      | 0.0144      | 0.0299      | 0.0269      | 
| 2379.png                 | 0.0461      | 0.0236      | 0.0557      | 0.0393      | 
| 238.png                  | 0.1517      | 0.0821      | 0.0846      | 0.7336      | 
| 2381.png                 | 0.0780      | 0.0406      | 0.0792      | 0.0769      | 
| 239.png                  | 0.0743      | 0.0386      | 0.0389      | 0.8025      | 
| 24.png                   | 0.1782      | 0.0978      | 0.1003      | 0.7979      | 
| 2411.png                 | 0.1812      | 0.0996      | 0.1142      | 0.4383      | 
| 2412.png                 | 0.1838      | 0.1012      | 0.1127      | 0.4993      | 
| 242.png                  | 0.2777      | 0.1613      | 0.1635      | 0.9200      | 
| 2427.png                 | 0.1190      | 0.0633      | 0.0673      | 0.5170      | 
| 2428.png                 | 0.1548      | 0.0839      | 0.0920      | 0.4875      | 
| 243.png                  | 0.2903      | 0.1698      | 0.1724      | 0.9179      | 
| 2431.png                 | 0.1541      | 0.0835      | 0.1007      | 0.3279      | 
| 2432.png                 | 0.1179      | 0.0627      | 0.0743      | 0.2856      | 
| 2438.png                 | 0.1219      | 0.0649      | 0.0879      | 0.1989      | 
| 244.png                  | 0.1963      | 0.1088      | 0.1106      | 0.8693      | 
| 2446.png                 | 0.1158      | 0.0614      | 0.0936      | 0.1517      | 
| 2447.png                 | 0.1791      | 0.0983      | 0.1265      | 0.3062      | 
| 2448.png                 | 0.2056      | 0.1146      | 0.1438      | 0.3605      | 
| 2449.png                 | 0.1764      | 0.0967      | 0.1193      | 0.3383      | 
| 245.png                  | 0.0916      | 0.0480      | 0.0492      | 0.6675      | 
| 2456.png                 | 0.0375      | 0.0191      | 0.0349      | 0.0405      | 
| 2457.png                 | 0.0334      | 0.0170      | 0.0331      | 0.0338      | 
| 246.png                  | 0.0854      | 0.0446      | 0.0452      | 0.7663      | 
| 247.png                  | 0.1025      | 0.0540      | 0.0549      | 0.7612      | 
| 2477.png                 | 0.1047      | 0.0552      | 0.0574      | 0.5949      | 
| 2482.png                 | 0.1399      | 0.0752      | 0.0812      | 0.5045      | 
| 2483.png                 | 0.1391      | 0.0747      | 0.0812      | 0.4853      | 
| 25.png                   | 0.1903      | 0.1052      | 0.1092      | 0.7409      | 
| 250.png                  | 0.1150      | 0.0610      | 0.0629      | 0.6745      | 
| 251.png                  | 0.1013      | 0.0533      | 0.0538      | 0.8502      | 
| 253.png                  | 0.0436      | 0.0223      | 0.0224      | 0.8714      | 
| 254.png                  | 0.1021      | 0.0538      | 0.0543      | 0.8594      | 
| 2542.png                 | 0.1083      | 0.0573      | 0.0585      | 0.7332      | 
| 2544.png                 | 0.1561      | 0.0847      | 0.0861      | 0.8322      | 
| 2545.png                 | 0.1437      | 0.0774      | 0.0790      | 0.7940      | 
| 255.png                  | 0.1581      | 0.0858      | 0.0877      | 0.7973      | 
| 256.png                  | 0.2271      | 0.1281      | 0.1294      | 0.9250      | 
| 2562.png                 | 0.1652      | 0.0901      | 0.1188      | 0.2712      | 
| 2564.png                 | 0.0621      | 0.0320      | 0.0546      | 0.0720      | 
| 2565.png                 | 0.0560      | 0.0288      | 0.0482      | 0.0668      | 
| 257.png                  | 0.2242      | 0.1262      | 0.1276      | 0.9241      | 
| 258.png                  | 0.2118      | 0.1184      | 0.1195      | 0.9280      | 
| 259.png                  | 0.1674      | 0.0913      | 0.0930      | 0.8347      | 
| 260.png                  | 0.1119      | 0.0592      | 0.0600      | 0.8251      | 
| 2606.png                 | 0.0252      | 0.0128      | 0.0221      | 0.0295      | 
| 261.png                  | 0.1175      | 0.0624      | 0.0633      | 0.8083      | 
| 262.png                  | 0.1749      | 0.0958      | 0.0998      | 0.7059      | 
| 263.png                  | 0.1244      | 0.0663      | 0.0674      | 0.8007      | 
| 264.png                  | 0.1923      | 0.1064      | 0.1119      | 0.6827      | 
| 265.png                  | 0.1999      | 0.1111      | 0.1171      | 0.6843      | 
| 2654.png                 | 0.1848      | 0.1018      | 0.1222      | 0.3788      | 
| 266.png                  | 0.1318      | 0.0705      | 0.0726      | 0.7119      | 
| 267.png                  | 0.1970      | 0.1093      | 0.1151      | 0.6847      | 
| 2703.png                 | 0.0648      | 0.0335      | 0.0355      | 0.3761      | 
| 2718.png                 | 0.0752      | 0.0390      | 0.0451      | 0.2261      | 
| 2724.png                 | 0.2256      | 0.1271      | 0.1602      | 0.3810      | 
| 2725.png                 | 0.2774      | 0.1611      | 0.1858      | 0.5471      | 
| 2726.png                 | 0.3036      | 0.1790      | 0.2313      | 0.4419      | 
| 2728.png                 | 0.2349      | 0.1331      | 0.1803      | 0.3368      | 
| 2729.png                 | 0.1810      | 0.0995      | 0.1306      | 0.2948      | 
| 2764.png                 | 0.0064      | 0.0032      | 0.0073      | 0.0057      | 
| 2770.png                 | 0.0821      | 0.0428      | 0.0435      | 0.7220      | 
| 2771.png                 | 0.1076      | 0.0569      | 0.0652      | 0.3086      | 
| 2789.png                 | 0.1780      | 0.0977      | 0.1382      | 0.2500      | 
| 2790.png                 | 0.1280      | 0.0684      | 0.1082      | 0.1566      | 
| 2791.png                 | 0.1228      | 0.0654      | 0.0913      | 0.1878      | 
| 2792.png                 | 0.1080      | 0.0571      | 0.0660      | 0.2962      | 
| 2793.png                 | 0.1014      | 0.0534      | 0.0611      | 0.2971      | 
| 2795.png                 | 0.0353      | 0.0180      | 0.0293      | 0.0444      | 
| 2796.png                 | 0.0446      | 0.0228      | 0.0416      | 0.0482      | 
| 28.png                   | 0.1124      | 0.0596      | 0.0610      | 0.7095      | 
| 281.png                  | 0.0856      | 0.0447      | 0.0457      | 0.6749      | 
| 2812.png                 | 0.1424      | 0.0767      | 0.0940      | 0.2939      | 
| 2826.png                 | 0.1313      | 0.0703      | 0.0722      | 0.7283      | 
| 2829.png                 | 0.1115      | 0.0591      | 0.0595      | 0.8806      | 
| 2831.png                 | 0.0819      | 0.0427      | 0.0466      | 0.3372      | 
| 2833.png                 | 0.0570      | 0.0293      | 0.0308      | 0.3845      | 
| 2843.png                 | 0.1375      | 0.0738      | 0.0878      | 0.3169      | 
| 2844.png                 | 0.1698      | 0.0928      | 0.0981      | 0.6307      | 
| 2845.png                 | 0.0967      | 0.0508      | 0.0533      | 0.5249      | 
| 2870.png                 | 0.1830      | 0.1007      | 0.1281      | 0.3203      | 
| 2871.png                 | 0.1579      | 0.0857      | 0.1055      | 0.3138      | 
| 2883.png                 | 0.0311      | 0.0158      | 0.0160      | 0.5352      | 
| 2884.png                 | 0.0593      | 0.0306      | 0.0310      | 0.7045      | 
| 2895.png                 | 0.0591      | 0.0304      | 0.0311      | 0.5882      | 
| 2896.png                 | 0.0816      | 0.0426      | 0.0468      | 0.3174      | 
| 2897.png                 | 0.1216      | 0.0647      | 0.0728      | 0.3703      | 
| 2898.png                 | 0.0980      | 0.0515      | 0.0543      | 0.4997      | 
| 29.png                   | 0.2263      | 0.1276      | 0.1301      | 0.8694      | 
| 2900.png                 | 0.0898      | 0.0470      | 0.0506      | 0.3959      | 
| 2901.png                 | 0.1543      | 0.0836      | 0.0938      | 0.4334      | 
| 2902.png                 | 0.1620      | 0.0881      | 0.1038      | 0.3682      | 
| 2903.png                 | 0.2444      | 0.1392      | 0.1506      | 0.6466      | 
| 2904.png                 | 0.1642      | 0.0894      | 0.0995      | 0.4698      | 
| 2905.png                 | 0.1323      | 0.0708      | 0.0766      | 0.4839      | 
| 2939.png                 | 0.0765      | 0.0398      | 0.0759      | 0.0771      | 
| 2940.png                 | 0.0181      | 0.0092      | 0.0184      | 0.0179      | 
| 295.png                  | 0.2832      | 0.1650      | 0.1684      | 0.8905      | 
| 2989.png                 | 0.0300      | 0.0152      | 0.0335      | 0.0271      | 
| 3.png                    | 0.3449      | 0.2084      | 0.2904      | 0.4246      | 
| 30.png                   | 0.2993      | 0.1760      | 0.1821      | 0.8405      | 
| 301.png                  | 0.4492      | 0.2897      | 0.3072      | 0.8353      | 
| 3022.png                 | 0.0750      | 0.0390      | 0.0398      | 0.6691      | 
| 3023.png                 | 0.1642      | 0.0894      | 0.0922      | 0.7511      | 
| 3024.png                 | 0.2064      | 0.1151      | 0.1251      | 0.5899      | 
| 3026.png                 | 0.2172      | 0.1218      | 0.1322      | 0.6089      | 
| 3027.png                 | 0.1518      | 0.0821      | 0.0887      | 0.5271      | 
| 303.png                  | 0.3618      | 0.2208      | 0.2337      | 0.8008      | 
| 3047.png                 | 0.0288      | 0.0146      | 0.0148      | 0.5393      | 
| 3048.png                 | 0.0181      | 0.0091      | 0.0092      | 0.5342      | 
| 31.png                   | 0.2930      | 0.1716      | 0.1797      | 0.7937      | 
| 311.png                  | 0.2486      | 0.1419      | 0.1501      | 0.7233      | 
| 312.png                  | 0.3055      | 0.1803      | 0.1867      | 0.8402      | 
| 316.png                  | 0.2410      | 0.1370      | 0.1420      | 0.7961      | 
| 317.png                  | 0.2693      | 0.1556      | 0.1605      | 0.8355      | 
| 318.png                  | 0.2088      | 0.1166      | 0.1185      | 0.8794      | 
| 319.png                  | 0.2021      | 0.1124      | 0.1153      | 0.8165      | 
| 32.png                   | 0.1696      | 0.0927      | 0.0947      | 0.8111      | 
| 320.png                  | 0.0861      | 0.0450      | 0.0452      | 0.8837      | 
| 321.png                  | 0.1210      | 0.0644      | 0.0649      | 0.8964      | 
| 322.png                  | 0.2041      | 0.1136      | 0.1164      | 0.8242      | 
| 325.png                  | 0.1342      | 0.0719      | 0.0730      | 0.8314      | 
| 33.png                   | 0.1334      | 0.0715      | 0.0734      | 0.7309      | 
| 332.png                  | 0.1435      | 0.0773      | 0.0791      | 0.7764      | 
| 333.png                  | 0.0770      | 0.0400      | 0.0402      | 0.8865      | 
| 339.png                  | 0.1585      | 0.0861      | 0.0908      | 0.6243      | 
| 342.png                  | 0.3031      | 0.1786      | 0.1883      | 0.7768      | 
| 345.png                  | 0.1896      | 0.1047      | 0.1122      | 0.6119      | 
| 346.png                  | 0.2392      | 0.1358      | 0.1408      | 0.7926      | 
| 347.png                  | 0.2568      | 0.1473      | 0.1534      | 0.7888      | 
| 35.png                   | 0.0701      | 0.0363      | 0.0366      | 0.8410      | 
| 357.png                  | 0.1278      | 0.0683      | 0.0722      | 0.5585      | 
| 359.png                  | 0.2691      | 0.1554      | 0.1667      | 0.6974      | 
| 36.png                   | 0.1317      | 0.0705      | 0.0719      | 0.7836      | 
| 37.png                   | 0.1773      | 0.0972      | 0.0990      | 0.8457      | 
| 38.png                   | 0.2197      | 0.1234      | 0.1260      | 0.8595      | 
| 384.png                  | 0.2888      | 0.1687      | 0.1845      | 0.6641      | 
| 385.png                  | 0.2279      | 0.1286      | 0.1531      | 0.4457      | 
| 386.png                  | 0.1435      | 0.0773      | 0.1059      | 0.2226      | 
| 387.png                  | 0.1556      | 0.0844      | 0.1143      | 0.2435      | 
| 388.png                  | 0.0772      | 0.0401      | 0.0595      | 0.1096      | 
| 389.png                  | 0.1420      | 0.0764      | 0.1008      | 0.2402      | 
| 39.png                   | 0.2438      | 0.1388      | 0.1407      | 0.9138      | 
| 390.png                  | 0.1016      | 0.0535      | 0.0542      | 0.8210      | 
| 391.png                  | 0.2151      | 0.1205      | 0.1213      | 0.9506      | 
| 392.png                  | 0.1330      | 0.0712      | 0.0722      | 0.8363      | 
| 395.png                  | 0.1724      | 0.0943      | 0.0963      | 0.8181      | 
| 396.png                  | 0.2528      | 0.1447      | 0.1476      | 0.8786      | 
| 397.png                  | 0.2761      | 0.1601      | 0.1627      | 0.9104      | 
| 398.png                  | 0.2527      | 0.1447      | 0.1476      | 0.8799      | 
| 4.png                    | 0.3478      | 0.2105      | 0.2872      | 0.4408      | 
| 40.png                   | 0.2309      | 0.1305      | 0.1319      | 0.9273      | 
| 41.png                   | 0.1902      | 0.1051      | 0.1073      | 0.8361      | 
| 415.png                  | 0.1255      | 0.0670      | 0.0674      | 0.9156      | 
| 416.png                  | 0.1079      | 0.0570      | 0.0573      | 0.9057      | 
| 417.png                  | 0.0844      | 0.0441      | 0.0444      | 0.8414      | 
| 418.png                  | 0.2350      | 0.1331      | 0.1392      | 0.7521      | 
| 419.png                  | 0.3108      | 0.1840      | 0.1895      | 0.8645      | 
| 42.png                   | 0.1420      | 0.0764      | 0.0802      | 0.6192      | 
| 420.png                  | 0.3023      | 0.1781      | 0.1864      | 0.7997      | 
| 421.png                  | 0.2010      | 0.1117      | 0.1186      | 0.6583      | 
| 422.png                  | 0.0961      | 0.0505      | 0.0510      | 0.8387      | 
| 43.png                   | 0.2017      | 0.1121      | 0.1159      | 0.7771      | 
| 44.png                   | 0.1040      | 0.0549      | 0.0572      | 0.5750      | 
| 442.png                  | 0.2888      | 0.1688      | 0.1774      | 0.7759      | 
| 443.png                  | 0.2396      | 0.1361      | 0.1630      | 0.4522      | 
| 444.png                  | 0.2872      | 0.1677      | 0.1917      | 0.5725      | 
| 445.png                  | 0.2661      | 0.1535      | 0.1835      | 0.4841      | 
| 446.png                  | 0.2714      | 0.1570      | 0.1699      | 0.6746      | 
| 447.png                  | 0.2408      | 0.1369      | 0.1482      | 0.6406      | 
| 448.png                  | 0.0882      | 0.0461      | 0.0475      | 0.6114      | 
| 449.png                  | 0.1133      | 0.0600      | 0.0608      | 0.8263      | 
| 455.png                  | 0.2569      | 0.1474      | 0.1685      | 0.5403      | 
| 456.png                  | 0.3664      | 0.2243      | 0.2393      | 0.7810      | 
| 457.png                  | 0.4106      | 0.2583      | 0.2809      | 0.7625      | 
| 458.png                  | 0.2960      | 0.1737      | 0.1830      | 0.7733      | 
| 461.png                  | 0.1096      | 0.0580      | 0.0588      | 0.8088      | 
| 462.png                  | 0.1441      | 0.0777      | 0.0785      | 0.8784      | 
| 463.png                  | 0.1054      | 0.0556      | 0.0564      | 0.8072      | 
| 464.png                  | 0.0822      | 0.0429      | 0.0435      | 0.7616      | 
| 470.png                  | 0.1782      | 0.0978      | 0.1024      | 0.6863      | 
| 472.png                  | 0.1756      | 0.0962      | 0.0974      | 0.8911      | 
| 473.png                  | 0.1190      | 0.0632      | 0.0664      | 0.5738      | 
| 474.png                  | 0.1735      | 0.0950      | 0.0968      | 0.8387      | 
| 475.png                  | 0.1180      | 0.0627      | 0.0638      | 0.7835      | 
| 476.png                  | 0.0641      | 0.0331      | 0.0335      | 0.7773      | 
| 480.png                  | 0.1465      | 0.0790      | 0.0798      | 0.8878      | 
| 481.png                  | 0.2090      | 0.1167      | 0.1182      | 0.9006      | 
| 482.png                  | 0.2263      | 0.1276      | 0.1301      | 0.8683      | 
| 483.png                  | 0.1873      | 0.1033      | 0.1085      | 0.6850      | 
| 485.png                  | 0.1565      | 0.0849      | 0.0873      | 0.7593      | 
| 486.png                  | 0.1886      | 0.1041      | 0.1074      | 0.7737      | 
| 487.png                  | 0.1957      | 0.1085      | 0.1119      | 0.7782      | 
| 490.png                  | 0.1257      | 0.0671      | 0.0723      | 0.4826      | 
| 496.png                  | 0.1848      | 0.1018      | 0.1033      | 0.8735      | 
| 497.png                  | 0.2210      | 0.1242      | 0.1261      | 0.8949      | 
| 498.png                  | 0.2458      | 0.1401      | 0.1434      | 0.8592      | 
| 499.png                  | 0.2271      | 0.1281      | 0.1311      | 0.8493      | 
| 5.png                    | 0.2564      | 0.1470      | 0.2425      | 0.2718      | 
| 500.png                  | 0.2137      | 0.1197      | 0.1264      | 0.6931      | 
| 501.png                  | 0.1498      | 0.0809      | 0.0840      | 0.6922      | 
| 502.png                  | 0.1905      | 0.1053      | 0.1121      | 0.6321      | 
| 503.png                  | 0.1662      | 0.0906      | 0.0945      | 0.6873      | 
| 504.png                  | 0.1146      | 0.0608      | 0.0617      | 0.8081      | 
| 508.png                  | 0.2115      | 0.1182      | 0.1260      | 0.6568      | 
| 51.png                   | 0.1056      | 0.0558      | 0.0765      | 0.1706      | 
| 510.png                  | 0.2741      | 0.1588      | 0.1641      | 0.8312      | 
| 511.png                  | 0.3106      | 0.1838      | 0.1873      | 0.9080      | 
| 512.png                  | 0.3278      | 0.1960      | 0.2002      | 0.9033      | 
| 513.png                  | 0.2458      | 0.1401      | 0.1480      | 0.7240      | 
| 515.png                  | 0.4109      | 0.2586      | 0.2621      | 0.9504      | 
| 517.png                  | 0.0905      | 0.0474      | 0.0477      | 0.8638      | 
| 532.png                  | 0.1365      | 0.0733      | 0.0747      | 0.7871      | 
| 537.png                  | 0.2510      | 0.1435      | 0.1993      | 0.3387      | 
| 538.png                  | 0.2833      | 0.1650      | 0.2214      | 0.3935      | 
| 541.png                  | 0.4046      | 0.2536      | 0.3126      | 0.5732      | 
| 551.png                  | 0.1623      | 0.0883      | 0.0912      | 0.7400      | 
| 552.png                  | 0.2297      | 0.1298      | 0.1320      | 0.8863      | 
| 553.png                  | 0.2198      | 0.1235      | 0.1307      | 0.6919      | 
| 554.png                  | 0.1438      | 0.0774      | 0.0808      | 0.6507      | 
| 555.png                  | 0.1794      | 0.0986      | 0.0998      | 0.8914      | 
| 556.png                  | 0.1939      | 0.1074      | 0.1177      | 0.5510      | 
| 557.png                  | 0.1845      | 0.1016      | 0.1101      | 0.5683      | 
| 563.png                  | 0.2378      | 0.1349      | 0.1446      | 0.6688      | 
| 566.png                  | 0.2909      | 0.1702      | 0.1974      | 0.5523      | 
| 567.png                  | 0.2922      | 0.1711      | 0.1910      | 0.6211      | 
| 569.png                  | 0.1332      | 0.0713      | 0.0722      | 0.8491      | 
| 575.png                  | 0.2748      | 0.1593      | 0.1723      | 0.6788      | 
| 576.png                  | 0.2092      | 0.1168      | 0.1285      | 0.5626      | 
| 582.png                  | 0.2668      | 0.1539      | 0.1629      | 0.7355      | 
| 584.png                  | 0.1131      | 0.0599      | 0.0610      | 0.7740      | 
| 585.png                  | 0.0328      | 0.0167      | 0.0167      | 0.8725      | 
| 59.png                   | 0.1260      | 0.0673      | 0.0695      | 0.6718      | 
| 597.png                  | 0.0645      | 0.0333      | 0.0343      | 0.5418      | 
| 598.png                  | 0.0743      | 0.0386      | 0.0389      | 0.8213      | 
| 6.png                    | 0.1083      | 0.0572      | 0.0587      | 0.7017      | 
| 60.png                   | 0.2353      | 0.1333      | 0.1350      | 0.9145      | 
| 61.png                   | 0.2649      | 0.1527      | 0.1534      | 0.9681      | 
| 619.png                  | 0.1883      | 0.1039      | 0.1094      | 0.6760      | 
| 62.png                   | 0.2785      | 0.1618      | 0.1763      | 0.6626      | 
| 621.png                  | 0.0241      | 0.0122      | 0.0177      | 0.0376      | 
| 622.png                  | 0.0674      | 0.0349      | 0.0475      | 0.1162      | 
| 628.png                  | 0.0006      | 0.0003      | 0.0006      | 0.0005      | 
| 63.png                   | 0.3130      | 0.1855      | 0.2029      | 0.6846      | 
| 631.png                  | 0.1116      | 0.0591      | 0.0612      | 0.6299      | 
| 632.png                  | 0.2032      | 0.1131      | 0.1137      | 0.9532      | 
| 635.png                  | 0.1870      | 0.1032      | 0.1058      | 0.8071      | 
| 636.png                  | 0.2562      | 0.1469      | 0.1537      | 0.7694      | 
| 637.png                  | 0.3337      | 0.2002      | 0.2024      | 0.9489      | 
| 638.png                  | 0.2813      | 0.1637      | 0.1685      | 0.8526      | 
| 64.png                   | 0.2705      | 0.1564      | 0.1685      | 0.6860      | 
| 642.png                  | 0.1159      | 0.0615      | 0.0631      | 0.7053      | 
| 643.png                  | 0.1921      | 0.1063      | 0.1086      | 0.8317      | 
| 644.png                  | 0.2602      | 0.1495      | 0.1543      | 0.8282      | 
| 645.png                  | 0.2716      | 0.1571      | 0.1613      | 0.8599      | 
| 646.png                  | 0.3028      | 0.1784      | 0.1882      | 0.7743      | 
| 647.png                  | 0.2037      | 0.1134      | 0.1158      | 0.8445      | 
| 649.png                  | 0.1710      | 0.0935      | 0.1213      | 0.2892      | 
| 65.png                   | 0.2780      | 0.1615      | 0.1694      | 0.7746      | 
| 650.png                  | 0.1465      | 0.0790      | 0.1080      | 0.2277      | 
| 651.png                  | 0.0828      | 0.0432      | 0.0683      | 0.1051      | 
| 652.png                  | 0.0760      | 0.0395      | 0.0608      | 0.1012      | 
| 66.png                   | 0.2020      | 0.1123      | 0.1164      | 0.7632      | 
| 673.png                  | 0.0825      | 0.0430      | 0.0436      | 0.7741      | 
| 674.png                  | 0.1108      | 0.0587      | 0.0592      | 0.8749      | 
| 7.png                    | 0.1420      | 0.0764      | 0.0780      | 0.7839      | 
| 713.png                  | 0.0446      | 0.0228      | 0.0248      | 0.2256      | 
| 714.png                  | 0.0364      | 0.0185      | 0.0200      | 0.2047      | 
| 736.png                  | 0.0668      | 0.0346      | 0.0460      | 0.1218      | 
| 743.png                  | 0.0042      | 0.0021      | 0.0061      | 0.0032      | 
| 744.png                  | 0.0043      | 0.0022      | 0.0063      | 0.0033      | 
| 753.png                  | 0.1417      | 0.0763      | 0.0773      | 0.8570      | 
| 754.png                  | 0.1694      | 0.0925      | 0.1102      | 0.3665      | 
| 755.png                  | 0.1658      | 0.0904      | 0.0970      | 0.5702      | 
| 756.png                  | 0.2129      | 0.1191      | 0.1244      | 0.7382      | 
| 765.png                  | 0.1208      | 0.0643      | 0.0712      | 0.3971      | 
| 772.png                  | 0.2063      | 0.1150      | 0.1185      | 0.7970      | 
| 786.png                  | 0.0031      | 0.0016      | 0.0031      | 0.0032      | 
| 787.png                  | 0.0084      | 0.0042      | 0.0076      | 0.0094      | 
| 788.png                  | 0.0275      | 0.0139      | 0.0257      | 0.0296      | 
| 789.png                  | 0.0381      | 0.0194      | 0.0357      | 0.0408      | 
| 79.png                   | 0.1857      | 0.1024      | 0.1040      | 0.8652      | 
| 796.png                  | 0.0143      | 0.0072      | 0.0132      | 0.0157      | 
| 8.png                    | 0.1438      | 0.0775      | 0.0795      | 0.7541      | 
| 802.png                  | 0.1788      | 0.0982      | 0.1332      | 0.2721      | 
| 816.png                  | 0.0020      | 0.0010      | 0.0020      | 0.0020      | 
| 819.png                  | 0.0842      | 0.0439      | 0.0462      | 0.4724      | 
| 82.png                   | 0.2537      | 0.1453      | 0.2604      | 0.2473      | 
| 820.png                  | 0.0909      | 0.0476      | 0.0502      | 0.4817      | 
| 822.png                  | 0.0501      | 0.0257      | 0.0266      | 0.4307      | 
| 823.png                  | 0.0703      | 0.0364      | 0.0389      | 0.3638      | 
| 826.png                  | 0.1839      | 0.1012      | 0.1041      | 0.7858      | 
| 827.png                  | 0.1318      | 0.0705      | 0.0720      | 0.7782      | 
| 829.png                  | 0.1237      | 0.0659      | 0.0870      | 0.2140      | 
| 83.png                   | 0.2694      | 0.1556      | 0.2610      | 0.2782      | 
| 830.png                  | 0.1969      | 0.1092      | 0.1182      | 0.5886      | 
| 831.png                  | 0.2304      | 0.1302      | 0.1352      | 0.7786      | 
| 832.png                  | 0.1887      | 0.1042      | 0.1059      | 0.8638      | 
| 833.png                  | 0.1084      | 0.0573      | 0.0586      | 0.7201      | 
| 843.png                  | 0.0976      | 0.0513      | 0.0547      | 0.4558      | 
| 846.png                  | 0.0637      | 0.0329      | 0.0331      | 0.8272      | 
| 847.png                  | 0.1080      | 0.0571      | 0.0592      | 0.6156      | 
| 848.png                  | 0.1257      | 0.0671      | 0.0729      | 0.4567      | 
| 851.png                  | 0.1248      | 0.0666      | 0.0695      | 0.6101      | 
| 852.png                  | 0.1161      | 0.0616      | 0.0628      | 0.7623      | 
| 853.png                  | 0.0794      | 0.0413      | 0.0497      | 0.1966      | 
| 854.png                  | 0.0719      | 0.0373      | 0.0464      | 0.1598      | 
| 860.png                  | 0.0526      | 0.0270      | 0.0459      | 0.0616      | 
| 861.png                  | 0.0448      | 0.0229      | 0.0438      | 0.0458      | 
| 862.png                  | 0.0602      | 0.0310      | 0.0623      | 0.0583      | 
| 868.png                  | 0.0131      | 0.0066      | 0.0124      | 0.0139      | 
| 870.png                  | 0.0885      | 0.0463      | 0.0477      | 0.6154      | 
| 872.png                  | 0.0533      | 0.0274      | 0.0277      | 0.6872      | 
| 904.png                  | 0.1146      | 0.0608      | 0.0657      | 0.4470      | 
| 909.png                  | 0.0000      | 0.0000      | 0.0000      | 0.0000      | 
| 918.png                  | 0.0317      | 0.0161      | 0.0164      | 0.4739      | 
| 92.png                   | 0.0447      | 0.0229      | 0.0230      | 0.8164      | 
| 920.png                  | 0.0337      | 0.0171      | 0.0175      | 0.4814      | 
| 922.png                  | 0.1116      | 0.0591      | 0.0627      | 0.5081      | 
| 923.png                  | 0.1589      | 0.0863      | 0.0902      | 0.6661      | 
| 924.png                  | 0.1654      | 0.0902      | 0.0946      | 0.6566      | 
| 925.png                  | 0.1180      | 0.0627      | 0.0669      | 0.4984      | 
| 926.png                  | 0.0166      | 0.0084      | 0.0087      | 0.2058      | 
| 927.png                  | 0.0471      | 0.0241      | 0.0251      | 0.3895      | 
| 928.png                  | 0.0480      | 0.0246      | 0.0257      | 0.3617      | 
| 929.png                  | 0.0544      | 0.0279      | 0.0291      | 0.4190      | 
| 930.png                  | 0.0791      | 0.0412      | 0.0423      | 0.6121      | 
| 931.png                  | 0.0697      | 0.0361      | 0.0368      | 0.6446      | 
| 932.png                  | 0.0280      | 0.0142      | 0.0146      | 0.3435      | 
| 933.png                  | 0.1803      | 0.0991      | 0.1034      | 0.7048      | 
| 934.png                  | 0.1895      | 0.1047      | 0.1103      | 0.6736      | 
| 935.png                  | 0.2470      | 0.1409      | 0.1446      | 0.8443      | 
| 936.png                  | 0.2730      | 0.1581      | 0.1599      | 0.9353      | 
| 937.png                  | 0.2855      | 0.1665      | 0.1712      | 0.8581      | 
| 938.png                  | 0.1459      | 0.0787      | 0.0862      | 0.4727      | 
| 94.png                   | 0.1621      | 0.0882      | 0.0933      | 0.6196      | 
| 947.png                  | 0.0268      | 0.0136      | 0.0142      | 0.2329      | 
| 948.png                  | 0.0314      | 0.0159      | 0.0169      | 0.2109      | 
| 949.png                  | 0.0107      | 0.0054      | 0.0057      | 0.1065      | 
| 95.png                   | 0.1021      | 0.0538      | 0.0546      | 0.7885      | 
| 950.png                  | 0.0299      | 0.0152      | 0.0155      | 0.3850      | 
| 951.png                  | 0.0616      | 0.0318      | 0.0330      | 0.4502      | 
| 965.png                  | 0.0019      | 0.0009      | 0.0010      | 0.0419      | 
| 966.png                  | 0.0745      | 0.0387      | 0.0392      | 0.7579      | 
| 967.png                  | 0.0904      | 0.0473      | 0.0478      | 0.8446      | 
| 968.png                  | 0.1271      | 0.0679      | 0.0699      | 0.6974      | 
| 969.png                  | 0.1206      | 0.0642      | 0.0656      | 0.7394      | 
| 97.png                   | 0.2177      | 0.1221      | 0.1275      | 0.7433      | 
| 970.png                  | 0.0415      | 0.0212      | 0.0219      | 0.4007      | 
| 971.png                  | 0.0114      | 0.0057      | 0.0059      | 0.1667      | 
| 972.png                  | 0.0545      | 0.0280      | 0.0284      | 0.6985      | 
| 973.png                  | 0.0515      | 0.0264      | 0.0273      | 0.4494      | 
| 975.png                  | 0.0633      | 0.0327      | 0.0348      | 0.3498      | 
| 977.png                  | 0.0649      | 0.0335      | 0.0342      | 0.6426      | 
| 978.png                  | 0.0770      | 0.0400      | 0.0405      | 0.7680      | 
| 982.png                  | 0.0719      | 0.0373      | 0.0387      | 0.5012      | 
| 990.png                  | 0.0182      | 0.0092      | 0.0096      | 0.1679      | 
| 991.png                  | 0.0187      | 0.0094      | 0.0098      | 0.1917      | 
| 992.png                  | 0.0409      | 0.0209      | 0.0214      | 0.4976      | 
| 993.png                  | 0.0604      | 0.0311      | 0.0315      | 0.7366      | 
| 994.png                  | 0.1627      | 0.0886      | 0.0904      | 0.8112      | 
| 995.png                  | 0.2523      | 0.1444      | 0.1470      | 0.8891      | 
| 996.png                  | 0.2079      | 0.1160      | 0.1201      | 0.7721      | 
| 997.png                  | 0.1041      | 0.0549      | 0.0571      | 0.5850      | 
| 998.png                  | 0.0369      | 0.0188      | 0.0195      | 0.3510      | 
| 999.png                  | 0.0625      | 0.0323      | 0.0331      | 0.5720      | 
------------------------------------------------------------------------------------
| MEAN                     | 0.1360      | 0.0761      | 0.0824      | 0.6057      | 
====================================================================================
