
==================== BANG DANH GIA MASK ====================
------------------------------------------------------------------------------------
| File                     | Dice        | IoU         | Precision   | Recall      | 
------------------------------------------------------------------------------------
| 1.png                    | 0.1039      | 0.0548      | 0.0548      | 0.9860      | 
| 10.png                   | 0.0852      | 0.0445      | 0.0445      | 1.0000      | 
| 100.png                  | 0.0518      | 0.0266      | 0.0266      | 0.9971      | 
| 1000.png                 | 0.0277      | 0.0141      | 0.0141      | 0.9799      | 
| 1001.png                 | 0.0306      | 0.0156      | 0.0156      | 0.9556      | 
| 1002.png                 | 0.0246      | 0.0125      | 0.0125      | 0.9770      | 
| 1003.png                 | 0.0332      | 0.0169      | 0.0169      | 0.9926      | 
| 1004.png                 | 0.0272      | 0.0138      | 0.0138      | 0.9547      | 
| 1005.png                 | 0.0218      | 0.0110      | 0.0110      | 0.9983      | 
| 1006.png                 | 0.0287      | 0.0146      | 0.0146      | 0.9404      | 
| 1007.png                 | 0.0259      | 0.0131      | 0.0131      | 0.9828      | 
| 1008.png                 | 0.0373      | 0.0190      | 0.0190      | 0.9956      | 
| 1009.png                 | 0.0263      | 0.0133      | 0.0133      | 0.9947      | 
| 101.png                  | 0.0649      | 0.0335      | 0.0335      | 0.9976      | 
| 1010.png                 | 0.0185      | 0.0094      | 0.0094      | 0.9197      | 
| 1011.png                 | 0.0203      | 0.0103      | 0.0103      | 0.9693      | 
| 1012.png                 | 0.0199      | 0.0101      | 0.0101      | 0.9585      | 
| 1013.png                 | 0.0186      | 0.0094      | 0.0094      | 0.9742      | 
| 1017.png                 | 0.0259      | 0.0131      | 0.0131      | 0.9788      | 
| 1018.png                 | 0.0423      | 0.0216      | 0.0216      | 0.9738      | 
| 1019.png                 | 0.0527      | 0.0270      | 0.0270      | 1.0000      | 
| 102.png                  | 0.0869      | 0.0454      | 0.0454      | 0.9981      | 
| 1020.png                 | 0.0538      | 0.0277      | 0.0277      | 0.9984      | 
| 1021.png                 | 0.0881      | 0.0461      | 0.0462      | 0.9567      | 
| 1022.png                 | 0.0634      | 0.0327      | 0.0327      | 0.9978      | 
| 1023.png                 | 0.0609      | 0.0314      | 0.0314      | 0.9802      | 
| 1024.png                 | 0.0342      | 0.0174      | 0.0174      | 0.9940      | 
| 1025.png                 | 0.0190      | 0.0096      | 0.0096      | 0.9840      | 
| 1026.png                 | 0.0233      | 0.0118      | 0.0118      | 0.9873      | 
| 1027.png                 | 0.0256      | 0.0129      | 0.0129      | 0.9871      | 
| 103.png                  | 0.0557      | 0.0286      | 0.0286      | 1.0000      | 
| 1032.png                 | 0.0511      | 0.0262      | 0.0262      | 0.9798      | 
| 1033.png                 | 0.0407      | 0.0208      | 0.0208      | 0.9490      | 
| 1035.png                 | 0.0622      | 0.0321      | 0.0321      | 0.9846      | 
| 1036.png                 | 0.0834      | 0.0435      | 0.0437      | 0.9315      | 
| 1037.png                 | 0.0901      | 0.0472      | 0.0473      | 0.9518      | 
| 1038.png                 | 0.0816      | 0.0425      | 0.0426      | 0.9562      | 
| 1039.png                 | 0.0704      | 0.0365      | 0.0365      | 0.9712      | 
| 1040.png                 | 0.0595      | 0.0306      | 0.0307      | 0.9319      | 
| 1041.png                 | 0.0258      | 0.0131      | 0.0131      | 0.9686      | 
| 1042.png                 | 0.0322      | 0.0163      | 0.0164      | 0.9252      | 
| 1043.png                 | 0.0387      | 0.0197      | 0.0198      | 0.9598      | 
| 1045.png                 | 0.0363      | 0.0185      | 0.0185      | 0.9871      | 
| 1046.png                 | 0.0360      | 0.0183      | 0.0183      | 0.9747      | 
| 1047.png                 | 0.0519      | 0.0266      | 0.0267      | 0.9723      | 
| 1048.png                 | 0.0693      | 0.0359      | 0.0359      | 0.9843      | 
| 1049.png                 | 0.0873      | 0.0456      | 0.0457      | 0.9642      | 
| 105.png                  | 0.1077      | 0.0569      | 0.0570      | 0.9922      | 
| 1050.png                 | 0.0903      | 0.0473      | 0.0474      | 0.9447      | 
| 1051.png                 | 0.0831      | 0.0433      | 0.0434      | 0.9709      | 
| 1052.png                 | 0.0710      | 0.0368      | 0.0368      | 0.9862      | 
| 1053.png                 | 0.0440      | 0.0225      | 0.0225      | 0.9682      | 
| 1054.png                 | 0.0456      | 0.0233      | 0.0234      | 0.9825      | 
| 1055.png                 | 0.0472      | 0.0242      | 0.0242      | 0.9824      | 
| 1056.png                 | 0.0644      | 0.0333      | 0.0334      | 0.9032      | 
| 1057.png                 | 0.0485      | 0.0249      | 0.0249      | 0.9857      | 
| 1058.png                 | 0.0228      | 0.0115      | 0.0116      | 0.9676      | 
| 1061.png                 | 0.0258      | 0.0131      | 0.0131      | 0.9555      | 
| 1062.png                 | 0.0340      | 0.0173      | 0.0173      | 0.9024      | 
| 1063.png                 | 0.0362      | 0.0184      | 0.0185      | 0.9341      | 
| 1066.png                 | 0.0266      | 0.0135      | 0.0135      | 0.9393      | 
| 1070.png                 | 0.0141      | 0.0071      | 0.0071      | 0.9474      | 
| 1071.png                 | 0.0158      | 0.0079      | 0.0080      | 0.9545      | 
| 1072.png                 | 0.0167      | 0.0084      | 0.0084      | 0.9736      | 
| 1075.png                 | 0.0684      | 0.0354      | 0.0357      | 0.8113      | 
| 1076.png                 | 0.0732      | 0.0380      | 0.0384      | 0.8059      | 
| 1087.png                 | 0.0542      | 0.0279      | 0.0279      | 0.9121      | 
| 1089.png                 | 0.0596      | 0.0307      | 0.0309      | 0.8343      | 
| 109.png                  | 0.1496      | 0.0809      | 0.0809      | 0.9902      | 
| 1090.png                 | 0.0656      | 0.0339      | 0.0341      | 0.8713      | 
| 1091.png                 | 0.0625      | 0.0323      | 0.0325      | 0.8563      | 
| 1092.png                 | 0.0442      | 0.0226      | 0.0226      | 0.9383      | 
| 1094.png                 | 0.0174      | 0.0088      | 0.0088      | 0.7971      | 
| 1095.png                 | 0.0241      | 0.0122      | 0.0122      | 0.8745      | 
| 1096.png                 | 0.0231      | 0.0117      | 0.0117      | 0.8639      | 
| 1097.png                 | 0.0188      | 0.0095      | 0.0095      | 0.9865      | 
| 1098.png                 | 0.0215      | 0.0109      | 0.0109      | 0.9778      | 
| 1099.png                 | 0.0547      | 0.0281      | 0.0282      | 0.8613      | 
| 11.png                   | 0.1431      | 0.0771      | 0.0771      | 0.9998      | 
| 1100.png                 | 0.0119      | 0.0060      | 0.0060      | 0.8183      | 
| 1101.png                 | 0.0111      | 0.0056      | 0.0056      | 0.8557      | 
| 1102.png                 | 0.0162      | 0.0082      | 0.0082      | 0.8606      | 
| 1103.png                 | 0.0365      | 0.0186      | 0.0187      | 0.7025      | 
| 1104.png                 | 0.0628      | 0.0324      | 0.0328      | 0.7147      | 
| 1105.png                 | 0.0724      | 0.0375      | 0.0381      | 0.7274      | 
| 1106.png                 | 0.0671      | 0.0347      | 0.0350      | 0.7896      | 
| 1107.png                 | 0.0202      | 0.0102      | 0.0102      | 0.8917      | 
| 1108.png                 | 0.0181      | 0.0091      | 0.0092      | 0.8808      | 
| 1110.png                 | 0.0247      | 0.0125      | 0.0125      | 0.9583      | 
| 1111.png                 | 0.0261      | 0.0132      | 0.0132      | 0.9318      | 
| 1114.png                 | 0.0401      | 0.0205      | 0.0205      | 0.9989      | 
| 1118.png                 | 0.0265      | 0.0134      | 0.0134      | 0.9883      | 
| 112.png                  | 0.0683      | 0.0354      | 0.0354      | 0.9489      | 
| 1122.png                 | 0.0363      | 0.0185      | 0.0185      | 0.9823      | 
| 1123.png                 | 0.0287      | 0.0146      | 0.0146      | 0.9653      | 
| 1125.png                 | 0.0373      | 0.0190      | 0.0190      | 0.9496      | 
| 1126.png                 | 0.0334      | 0.0170      | 0.0170      | 0.9885      | 
| 1127.png                 | 0.0303      | 0.0154      | 0.0154      | 0.9962      | 
| 1129.png                 | 0.0419      | 0.0214      | 0.0214      | 0.9804      | 
| 113.png                  | 0.0459      | 0.0235      | 0.0235      | 0.9962      | 
| 1130.png                 | 0.0639      | 0.0330      | 0.0330      | 0.9833      | 
| 1131.png                 | 0.0705      | 0.0365      | 0.0365      | 0.9816      | 
| 1132.png                 | 0.0520      | 0.0267      | 0.0267      | 0.9773      | 
| 1133.png                 | 0.0423      | 0.0216      | 0.0216      | 0.9547      | 
| 1134.png                 | 0.0197      | 0.0100      | 0.0100      | 0.9409      | 
| 1135.png                 | 0.0260      | 0.0131      | 0.0131      | 0.9967      | 
| 1136.png                 | 0.0290      | 0.0147      | 0.0147      | 0.9896      | 
| 1137.png                 | 0.0313      | 0.0159      | 0.0159      | 0.9554      | 
| 1138.png                 | 0.0184      | 0.0093      | 0.0093      | 0.9919      | 
| 114.png                  | 0.0584      | 0.0301      | 0.0301      | 0.9600      | 
| 1140.png                 | 0.0260      | 0.0132      | 0.0132      | 0.9391      | 
| 1141.png                 | 0.0278      | 0.0141      | 0.0141      | 0.9680      | 
| 1142.png                 | 0.0196      | 0.0099      | 0.0099      | 0.9811      | 
| 1143.png                 | 0.0351      | 0.0179      | 0.0179      | 0.9125      | 
| 1144.png                 | 0.0253      | 0.0128      | 0.0128      | 0.9528      | 
| 1145.png                 | 0.0318      | 0.0162      | 0.0162      | 0.9778      | 
| 1146.png                 | 0.0326      | 0.0166      | 0.0166      | 0.9788      | 
| 1147.png                 | 0.0260      | 0.0132      | 0.0132      | 0.9762      | 
| 1148.png                 | 0.0199      | 0.0101      | 0.0101      | 0.9318      | 
| 1149.png                 | 0.0195      | 0.0099      | 0.0099      | 0.9437      | 
| 115.png                  | 0.0748      | 0.0389      | 0.0389      | 1.0000      | 
| 1151.png                 | 0.0154      | 0.0077      | 0.0077      | 0.9377      | 
| 1152.png                 | 0.0154      | 0.0077      | 0.0077      | 0.9545      | 
| 1154.png                 | 0.0292      | 0.0148      | 0.0148      | 0.9865      | 
| 1155.png                 | 0.0295      | 0.0150      | 0.0150      | 0.9967      | 
| 1156.png                 | 0.0302      | 0.0153      | 0.0153      | 0.9867      | 
| 1157.png                 | 0.0377      | 0.0192      | 0.0192      | 0.9788      | 
| 1158.png                 | 0.0582      | 0.0300      | 0.0301      | 0.9289      | 
| 1159.png                 | 0.0556      | 0.0286      | 0.0286      | 0.9533      | 
| 116.png                  | 0.0953      | 0.0501      | 0.0501      | 0.9945      | 
| 1160.png                 | 0.0351      | 0.0179      | 0.0179      | 0.9992      | 
| 1161.png                 | 0.0460      | 0.0235      | 0.0236      | 0.9631      | 
| 1162.png                 | 0.0576      | 0.0297      | 0.0297      | 0.9874      | 
| 1163.png                 | 0.0596      | 0.0307      | 0.0307      | 0.9667      | 
| 1169.png                 | 0.0493      | 0.0253      | 0.0253      | 0.9656      | 
| 117.png                  | 0.1990      | 0.1105      | 0.1116      | 0.9205      | 
| 1170.png                 | 0.0620      | 0.0320      | 0.0320      | 0.9842      | 
| 1171.png                 | 0.0771      | 0.0401      | 0.0401      | 0.9556      | 
| 1172.png                 | 0.0825      | 0.0430      | 0.0431      | 0.9294      | 
| 1173.png                 | 0.0675      | 0.0349      | 0.0350      | 0.9519      | 
| 1174.png                 | 0.0603      | 0.0311      | 0.0311      | 0.9791      | 
| 1175.png                 | 0.0318      | 0.0161      | 0.0162      | 0.9842      | 
| 1176.png                 | 0.0109      | 0.0055      | 0.0055      | 0.9383      | 
| 1177.png                 | 0.0290      | 0.0147      | 0.0147      | 0.9825      | 
| 1178.png                 | 0.0364      | 0.0185      | 0.0186      | 0.9862      | 
| 1179.png                 | 0.0335      | 0.0171      | 0.0171      | 0.9808      | 
| 118.png                  | 0.0799      | 0.0416      | 0.0416      | 1.0000      | 
| 1180.png                 | 0.0238      | 0.0120      | 0.0120      | 0.9925      | 
| 1182.png                 | 0.0231      | 0.0117      | 0.0117      | 1.0000      | 
| 1183.png                 | 0.0484      | 0.0248      | 0.0248      | 0.9932      | 
| 1184.png                 | 0.0537      | 0.0276      | 0.0276      | 0.9973      | 
| 1185.png                 | 0.0665      | 0.0344      | 0.0344      | 0.9897      | 
| 1186.png                 | 0.0660      | 0.0341      | 0.0341      | 0.9855      | 
| 1187.png                 | 0.0633      | 0.0327      | 0.0327      | 0.9798      | 
| 1188.png                 | 0.0486      | 0.0249      | 0.0250      | 0.9362      | 
| 1194.png                 | 0.0175      | 0.0088      | 0.0088      | 0.9132      | 
| 1195.png                 | 0.0210      | 0.0106      | 0.0106      | 0.9749      | 
| 1197.png                 | 0.0207      | 0.0105      | 0.0105      | 0.9095      | 
| 12.png                   | 0.1878      | 0.1036      | 0.1036      | 0.9997      | 
| 1202.png                 | 0.0146      | 0.0073      | 0.0074      | 0.9139      | 
| 1205.png                 | 0.0124      | 0.0063      | 0.0063      | 0.9153      | 
| 1219.png                 | 0.0310      | 0.0158      | 0.0158      | 0.9710      | 
| 1220.png                 | 0.0321      | 0.0163      | 0.0163      | 0.9031      | 
| 1221.png                 | 0.0416      | 0.0213      | 0.0214      | 0.8286      | 
| 1222.png                 | 0.0209      | 0.0106      | 0.0106      | 0.9518      | 
| 1223.png                 | 0.0211      | 0.0107      | 0.0107      | 0.9793      | 
| 1224.png                 | 0.0177      | 0.0089      | 0.0089      | 0.9812      | 
| 1225.png                 | 0.0117      | 0.0059      | 0.0059      | 0.7488      | 
| 1226.png                 | 0.0079      | 0.0040      | 0.0040      | 0.9662      | 
| 1227.png                 | 0.0088      | 0.0044      | 0.0044      | 0.9661      | 
| 1228.png                 | 0.0081      | 0.0041      | 0.0041      | 0.8847      | 
| 1230.png                 | 0.0302      | 0.0153      | 0.0153      | 0.8564      | 
| 1236.png                 | 0.0154      | 0.0078      | 0.0078      | 0.9897      | 
| 124.png                  | 0.0796      | 0.0415      | 0.0415      | 0.9959      | 
| 1244.png                 | 0.0291      | 0.0148      | 0.0148      | 0.9735      | 
| 1245.png                 | 0.0184      | 0.0093      | 0.0093      | 0.9868      | 
| 1246.png                 | 0.0242      | 0.0122      | 0.0122      | 1.0000      | 
| 1247.png                 | 0.0420      | 0.0215      | 0.0215      | 0.9985      | 
| 1248.png                 | 0.0537      | 0.0276      | 0.0276      | 0.9974      | 
| 1249.png                 | 0.0432      | 0.0221      | 0.0221      | 1.0000      | 
| 1250.png                 | 0.0314      | 0.0160      | 0.0160      | 0.9995      | 
| 1251.png                 | 0.0170      | 0.0086      | 0.0086      | 0.9976      | 
| 1252.png                 | 0.0207      | 0.0105      | 0.0105      | 0.9986      | 
| 1253.png                 | 0.0249      | 0.0126      | 0.0126      | 0.9937      | 
| 1254.png                 | 0.0213      | 0.0108      | 0.0108      | 1.0000      | 
| 1255.png                 | 0.0139      | 0.0070      | 0.0070      | 0.9979      | 
| 1256.png                 | 0.0107      | 0.0054      | 0.0054      | 1.0000      | 
| 1257.png                 | 0.0134      | 0.0067      | 0.0067      | 1.0000      | 
| 1258.png                 | 0.0145      | 0.0073      | 0.0073      | 0.9879      | 
| 1259.png                 | 0.0126      | 0.0063      | 0.0063      | 1.0000      | 
| 1260.png                 | 0.0160      | 0.0081      | 0.0081      | 0.9818      | 
| 1261.png                 | 0.0149      | 0.0075      | 0.0075      | 0.9991      | 
| 1262.png                 | 0.0168      | 0.0085      | 0.0085      | 1.0000      | 
| 1264.png                 | 0.0176      | 0.0089      | 0.0089      | 0.9907      | 
| 1265.png                 | 0.0133      | 0.0067      | 0.0067      | 1.0000      | 
| 1266.png                 | 0.0043      | 0.0021      | 0.0021      | 1.0000      | 
| 1273.png                 | 0.0184      | 0.0093      | 0.0093      | 0.9839      | 
| 1274.png                 | 0.0211      | 0.0106      | 0.0106      | 0.9967      | 
| 1276.png                 | 0.0439      | 0.0225      | 0.0225      | 0.9881      | 
| 1277.png                 | 0.0486      | 0.0249      | 0.0249      | 0.9701      | 
| 1278.png                 | 0.0454      | 0.0233      | 0.0233      | 0.9843      | 
| 1281.png                 | 0.0675      | 0.0349      | 0.0350      | 0.9692      | 
| 1282.png                 | 0.0471      | 0.0241      | 0.0241      | 0.9812      | 
| 1285.png                 | 0.0102      | 0.0051      | 0.0051      | 0.9908      | 
| 1286.png                 | 0.0110      | 0.0055      | 0.0055      | 0.9966      | 
| 1287.png                 | 0.0062      | 0.0031      | 0.0031      | 0.9765      | 
| 1289.png                 | 0.0209      | 0.0105      | 0.0105      | 0.9895      | 
| 1291.png                 | 0.0193      | 0.0097      | 0.0097      | 0.9684      | 
| 1293.png                 | 0.0240      | 0.0121      | 0.0121      | 0.9860      | 
| 1294.png                 | 0.0240      | 0.0122      | 0.0122      | 0.9585      | 
| 1296.png                 | 0.0513      | 0.0263      | 0.0264      | 0.9332      | 
| 1297.png                 | 0.0407      | 0.0208      | 0.0209      | 0.8350      | 
| 1298.png                 | 0.0294      | 0.0149      | 0.0150      | 0.8520      | 
| 1299.png                 | 0.0223      | 0.0113      | 0.0113      | 0.9785      | 
| 13.png                   | 0.2131      | 0.1193      | 0.1193      | 0.9992      | 
| 1300.png                 | 0.0116      | 0.0058      | 0.0058      | 1.0000      | 
| 1302.png                 | 0.0138      | 0.0070      | 0.0070      | 0.9937      | 
| 1303.png                 | 0.0166      | 0.0084      | 0.0084      | 0.9991      | 
| 1304.png                 | 0.0393      | 0.0201      | 0.0201      | 0.9953      | 
| 1305.png                 | 0.0385      | 0.0196      | 0.0197      | 0.9681      | 
| 1307.png                 | 0.0229      | 0.0116      | 0.0116      | 0.9747      | 
| 1308.png                 | 0.0274      | 0.0139      | 0.0139      | 0.9780      | 
| 1309.png                 | 0.0195      | 0.0098      | 0.0098      | 0.9992      | 
| 1310.png                 | 0.0464      | 0.0238      | 0.0238      | 0.9839      | 
| 1311.png                 | 0.0529      | 0.0272      | 0.0272      | 0.9758      | 
| 1312.png                 | 0.0412      | 0.0210      | 0.0210      | 0.9941      | 
| 1313.png                 | 0.0303      | 0.0154      | 0.0154      | 0.9865      | 
| 1314.png                 | 0.0304      | 0.0154      | 0.0154      | 1.0000      | 
| 1315.png                 | 0.0307      | 0.0156      | 0.0156      | 1.0000      | 
| 1317.png                 | 0.0456      | 0.0233      | 0.0233      | 0.9824      | 
| 1318.png                 | 0.0396      | 0.0202      | 0.0202      | 0.9970      | 
| 1319.png                 | 0.0430      | 0.0220      | 0.0220      | 0.9965      | 
| 132.png                  | 0.1162      | 0.0617      | 0.0617      | 0.9989      | 
| 1320.png                 | 0.0265      | 0.0134      | 0.0134      | 0.9903      | 
| 1321.png                 | 0.0169      | 0.0085      | 0.0085      | 0.9236      | 
| 1322.png                 | 0.0137      | 0.0069      | 0.0069      | 0.9809      | 
| 1323.png                 | 0.0071      | 0.0036      | 0.0036      | 0.9895      | 
| 1324.png                 | 0.0127      | 0.0064      | 0.0064      | 0.9484      | 
| 1325.png                 | 0.0096      | 0.0048      | 0.0048      | 0.9836      | 
| 1326.png                 | 0.0310      | 0.0157      | 0.0157      | 0.9931      | 
| 1327.png                 | 0.0229      | 0.0116      | 0.0116      | 0.9953      | 
| 1328.png                 | 0.0253      | 0.0128      | 0.0128      | 1.0000      | 
| 1329.png                 | 0.0253      | 0.0128      | 0.0128      | 0.9860      | 
| 133.png                  | 0.1620      | 0.0881      | 0.0882      | 0.9986      | 
| 1330.png                 | 0.0197      | 0.0100      | 0.0100      | 0.9843      | 
| 1333.png                 | 0.0254      | 0.0128      | 0.0129      | 0.9576      | 
| 1334.png                 | 0.0260      | 0.0132      | 0.0132      | 0.9266      | 
| 1335.png                 | 0.0338      | 0.0172      | 0.0172      | 0.9608      | 
| 1337.png                 | 0.0269      | 0.0137      | 0.0137      | 0.9729      | 
| 134.png                  | 0.2067      | 0.1153      | 0.1153      | 0.9990      | 
| 1345.png                 | 0.0281      | 0.0142      | 0.0143      | 0.9680      | 
| 1348.png                 | 0.0077      | 0.0039      | 0.0039      | 1.0000      | 
| 1349.png                 | 0.0110      | 0.0055      | 0.0055      | 0.9875      | 
| 1350.png                 | 0.0086      | 0.0043      | 0.0043      | 1.0000      | 
| 1353.png                 | 0.0781      | 0.0406      | 0.0406      | 1.0000      | 
| 1354.png                 | 0.0897      | 0.0470      | 0.0470      | 0.9998      | 
| 1355.png                 | 0.0913      | 0.0479      | 0.0479      | 0.9989      | 
| 1356.png                 | 0.0926      | 0.0486      | 0.0486      | 0.9961      | 
| 1357.png                 | 0.0975      | 0.0512      | 0.0512      | 0.9982      | 
| 1358.png                 | 0.0855      | 0.0447      | 0.0447      | 0.9979      | 
| 1359.png                 | 0.0582      | 0.0300      | 0.0300      | 0.9976      | 
| 1370.png                 | 0.0359      | 0.0183      | 0.0183      | 1.0000      | 
| 1371.png                 | 0.0288      | 0.0146      | 0.0146      | 0.9895      | 
| 1372.png                 | 0.0212      | 0.0107      | 0.0107      | 1.0000      | 
| 1373.png                 | 0.0208      | 0.0105      | 0.0105      | 0.9993      | 
| 1374.png                 | 0.0177      | 0.0089      | 0.0089      | 0.9802      | 
| 1375.png                 | 0.0211      | 0.0107      | 0.0107      | 0.9942      | 
| 1376.png                 | 0.0135      | 0.0068      | 0.0068      | 1.0000      | 
| 1377.png                 | 0.0087      | 0.0044      | 0.0044      | 0.9904      | 
| 1378.png                 | 0.0166      | 0.0084      | 0.0084      | 0.9671      | 
| 1379.png                 | 0.0112      | 0.0056      | 0.0056      | 0.9965      | 
| 1380.png                 | 0.0589      | 0.0303      | 0.0304      | 0.9663      | 
| 1381.png                 | 0.0178      | 0.0090      | 0.0090      | 1.0000      | 
| 1382.png                 | 0.0189      | 0.0096      | 0.0096      | 0.9798      | 
| 1389.png                 | 0.0253      | 0.0128      | 0.0128      | 1.0000      | 
| 139.png                  | 0.0618      | 0.0319      | 0.0319      | 1.0000      | 
| 1390.png                 | 0.0479      | 0.0245      | 0.0245      | 0.9714      | 
| 1397.png                 | 0.0753      | 0.0391      | 0.0392      | 0.9701      | 
| 14.png                   | 0.2097      | 0.1171      | 0.1171      | 0.9997      | 
| 140.png                  | 0.0816      | 0.0425      | 0.0425      | 1.0000      | 
| 1405.png                 | 0.0256      | 0.0129      | 0.0129      | 0.9923      | 
| 1406.png                 | 0.0204      | 0.0103      | 0.0103      | 1.0000      | 
| 1407.png                 | 0.0172      | 0.0087      | 0.0087      | 1.0000      | 
| 1409.png                 | 0.0170      | 0.0086      | 0.0086      | 0.9986      | 
| 1410.png                 | 0.0261      | 0.0132      | 0.0132      | 0.9992      | 
| 1411.png                 | 0.0218      | 0.0110      | 0.0110      | 0.9885      | 
| 1412.png                 | 0.0149      | 0.0075      | 0.0075      | 1.0000      | 
| 1414.png                 | 0.0205      | 0.0103      | 0.0103      | 0.9899      | 
| 1415.png                 | 0.0283      | 0.0143      | 0.0143      | 0.9955      | 
| 1416.png                 | 0.0181      | 0.0091      | 0.0091      | 0.9929      | 
| 1417.png                 | 0.0176      | 0.0089      | 0.0089      | 0.9597      | 
| 1418.png                 | 0.0216      | 0.0109      | 0.0109      | 0.9910      | 
| 1419.png                 | 0.0190      | 0.0096      | 0.0096      | 1.0000      | 
| 142.png                  | 0.0506      | 0.0259      | 0.0259      | 1.0000      | 
| 1420.png                 | 0.0147      | 0.0074      | 0.0074      | 0.9979      | 
| 1422.png                 | 0.0180      | 0.0091      | 0.0091      | 0.9941      | 
| 1424.png                 | 0.0299      | 0.0152      | 0.0152      | 0.9907      | 
| 1426.png                 | 0.0287      | 0.0146      | 0.0146      | 1.0000      | 
| 1427.png                 | 0.0296      | 0.0150      | 0.0150      | 1.0000      | 
| 1428.png                 | 0.0298      | 0.0151      | 0.0151      | 0.9995      | 
| 1429.png                 | 0.0197      | 0.0099      | 0.0099      | 1.0000      | 
| 143.png                  | 0.0704      | 0.0365      | 0.0365      | 0.9877      | 
| 1432.png                 | 0.0169      | 0.0085      | 0.0085      | 1.0000      | 
| 1433.png                 | 0.0218      | 0.0110      | 0.0110      | 0.9976      | 
| 1435.png                 | 0.0700      | 0.0363      | 0.0363      | 1.0000      | 
| 1436.png                 | 0.0781      | 0.0407      | 0.0407      | 0.9931      | 
| 1437.png                 | 0.0567      | 0.0292      | 0.0292      | 0.9997      | 
| 1438.png                 | 0.0503      | 0.0258      | 0.0258      | 0.9993      | 
| 1439.png                 | 0.0617      | 0.0318      | 0.0319      | 0.9610      | 
| 1442.png                 | 0.0309      | 0.0157      | 0.0157      | 0.9937      | 
| 1443.png                 | 0.0366      | 0.0186      | 0.0187      | 0.9522      | 
| 1444.png                 | 0.0328      | 0.0167      | 0.0167      | 0.9685      | 
| 1445.png                 | 0.0388      | 0.0198      | 0.0198      | 1.0000      | 
| 1446.png                 | 0.0275      | 0.0139      | 0.0139      | 1.0000      | 
| 1450.png                 | 0.0384      | 0.0196      | 0.0196      | 0.9995      | 
| 1451.png                 | 0.0386      | 0.0197      | 0.0197      | 1.0000      | 
| 1452.png                 | 0.0349      | 0.0178      | 0.0178      | 0.9859      | 
| 1453.png                 | 0.0229      | 0.0116      | 0.0116      | 1.0000      | 
| 1454.png                 | 0.0206      | 0.0104      | 0.0104      | 0.9967      | 
| 1455.png                 | 0.0159      | 0.0080      | 0.0080      | 0.9584      | 
| 1456.png                 | 0.0176      | 0.0089      | 0.0089      | 0.9053      | 
| 1457.png                 | 0.0232      | 0.0118      | 0.0118      | 0.9929      | 
| 1458.png                 | 0.0246      | 0.0124      | 0.0124      | 0.9883      | 
| 1460.png                 | 0.0286      | 0.0145      | 0.0145      | 0.9861      | 
| 1461.png                 | 0.0310      | 0.0158      | 0.0158      | 0.9693      | 
| 1462.png                 | 0.0308      | 0.0156      | 0.0156      | 1.0000      | 
| 1469.png                 | 0.0105      | 0.0053      | 0.0053      | 0.9958      | 
| 147.png                  | 0.2711      | 0.1568      | 0.1570      | 0.9942      | 
| 1470.png                 | 0.0105      | 0.0053      | 0.0053      | 0.9985      | 
| 1472.png                 | 0.0126      | 0.0063      | 0.0063      | 0.9574      | 
| 1473.png                 | 0.0133      | 0.0067      | 0.0067      | 0.9599      | 
| 1474.png                 | 0.0109      | 0.0055      | 0.0055      | 1.0000      | 
| 1476.png                 | 0.0115      | 0.0058      | 0.0058      | 0.9986      | 
| 1477.png                 | 0.0138      | 0.0069      | 0.0069      | 0.9916      | 
| 1478.png                 | 0.0108      | 0.0054      | 0.0054      | 1.0000      | 
| 1479.png                 | 0.0074      | 0.0037      | 0.0037      | 1.0000      | 
| 1480.png                 | 0.0215      | 0.0109      | 0.0109      | 0.9993      | 
| 1481.png                 | 0.0222      | 0.0112      | 0.0113      | 0.9901      | 
| 1482.png                 | 0.0251      | 0.0127      | 0.0127      | 0.9528      | 
| 1484.png                 | 0.0177      | 0.0089      | 0.0090      | 0.7560      | 
| 1485.png                 | 0.0223      | 0.0113      | 0.0113      | 0.9783      | 
| 1486.png                 | 0.0178      | 0.0090      | 0.0090      | 0.9245      | 
| 1487.png                 | 0.0073      | 0.0037      | 0.0037      | 1.0000      | 
| 1488.png                 | 0.0119      | 0.0060      | 0.0060      | 0.9819      | 
| 1490.png                 | 0.0218      | 0.0110      | 0.0110      | 0.9752      | 
| 1491.png                 | 0.0111      | 0.0056      | 0.0056      | 0.9873      | 
| 1492.png                 | 0.0103      | 0.0052      | 0.0052      | 0.9930      | 
| 1496.png                 | 0.0487      | 0.0249      | 0.0250      | 0.9784      | 
| 1498.png                 | 0.0325      | 0.0165      | 0.0165      | 0.9520      | 
| 1499.png                 | 0.0503      | 0.0258      | 0.0258      | 0.9693      | 
| 15.png                   | 0.1658      | 0.0904      | 0.0904      | 1.0000      | 
| 1500.png                 | 0.0603      | 0.0311      | 0.0311      | 0.9930      | 
| 1501.png                 | 0.0671      | 0.0347      | 0.0347      | 0.9802      | 
| 1503.png                 | 0.0671      | 0.0347      | 0.0347      | 0.9899      | 
| 1506.png                 | 0.0382      | 0.0195      | 0.0195      | 0.9992      | 
| 1507.png                 | 0.0499      | 0.0256      | 0.0256      | 0.9905      | 
| 1508.png                 | 0.0453      | 0.0232      | 0.0232      | 0.9930      | 
| 1509.png                 | 0.0438      | 0.0224      | 0.0224      | 0.9936      | 
| 1510.png                 | 0.0326      | 0.0166      | 0.0166      | 0.9946      | 
| 1511.png                 | 0.0127      | 0.0064      | 0.0064      | 0.8902      | 
| 1512.png                 | 0.0192      | 0.0097      | 0.0097      | 0.9970      | 
| 1513.png                 | 0.0228      | 0.0115      | 0.0115      | 0.9982      | 
| 1514.png                 | 0.0109      | 0.0055      | 0.0055      | 0.9177      | 
| 1516.png                 | 0.0277      | 0.0140      | 0.0140      | 0.9769      | 
| 1517.png                 | 0.0343      | 0.0174      | 0.0174      | 0.9934      | 
| 1518.png                 | 0.0334      | 0.0170      | 0.0170      | 0.9941      | 
| 1519.png                 | 0.0251      | 0.0127      | 0.0127      | 1.0000      | 
| 1520.png                 | 0.0133      | 0.0067      | 0.0067      | 0.9908      | 
| 1523.png                 | 0.0352      | 0.0179      | 0.0179      | 0.9397      | 
| 1525.png                 | 0.0529      | 0.0272      | 0.0272      | 0.9483      | 
| 1527.png                 | 0.0134      | 0.0067      | 0.0067      | 0.9931      | 
| 1533.png                 | 0.0156      | 0.0079      | 0.0079      | 0.9430      | 
| 1534.png                 | 0.0183      | 0.0092      | 0.0092      | 0.9905      | 
| 1535.png                 | 0.0230      | 0.0116      | 0.0116      | 0.9994      | 
| 1536.png                 | 0.0184      | 0.0093      | 0.0093      | 0.9969      | 
| 1538.png                 | 0.1081      | 0.0571      | 0.0572      | 0.9858      | 
| 1539.png                 | 0.1355      | 0.0727      | 0.0727      | 0.9938      | 
| 154.png                  | 0.1704      | 0.0932      | 0.0932      | 1.0000      | 
| 1540.png                 | 0.1473      | 0.0795      | 0.0795      | 0.9983      | 
| 1541.png                 | 0.1422      | 0.0765      | 0.0765      | 0.9987      | 
| 1542.png                 | 0.1327      | 0.0711      | 0.0711      | 0.9982      | 
| 1543.png                 | 0.0748      | 0.0389      | 0.0389      | 0.9995      | 
| 1545.png                 | 0.0309      | 0.0157      | 0.0157      | 1.0000      | 
| 1546.png                 | 0.0575      | 0.0296      | 0.0296      | 1.0000      | 
| 1547.png                 | 0.0655      | 0.0338      | 0.0338      | 0.9995      | 
| 1548.png                 | 0.0630      | 0.0325      | 0.0325      | 0.9990      | 
| 1549.png                 | 0.0599      | 0.0309      | 0.0309      | 0.9985      | 
| 155.png                  | 0.2365      | 0.1341      | 0.1341      | 1.0000      | 
| 1550.png                 | 0.0500      | 0.0257      | 0.0257      | 1.0000      | 
| 1551.png                 | 0.0390      | 0.0199      | 0.0199      | 0.9967      | 
| 1553.png                 | 0.0382      | 0.0195      | 0.0195      | 0.9929      | 
| 1554.png                 | 0.0305      | 0.0155      | 0.0155      | 0.9995      | 
| 1555.png                 | 0.0260      | 0.0132      | 0.0132      | 1.0000      | 
| 1556.png                 | 0.0200      | 0.0101      | 0.0101      | 0.9823      | 
| 1557.png                 | 0.0039      | 0.0020      | 0.0020      | 0.9274      | 
| 1558.png                 | 0.0078      | 0.0039      | 0.0039      | 1.0000      | 
| 1559.png                 | 0.0173      | 0.0087      | 0.0087      | 0.9925      | 
| 1560.png                 | 0.0233      | 0.0118      | 0.0118      | 0.9804      | 
| 1561.png                 | 0.0203      | 0.0103      | 0.0103      | 0.9956      | 
| 1562.png                 | 0.0160      | 0.0081      | 0.0081      | 0.9957      | 
| 1563.png                 | 0.0111      | 0.0056      | 0.0056      | 0.8816      | 
| 1564.png                 | 0.0134      | 0.0068      | 0.0068      | 0.9776      | 
| 1565.png                 | 0.0084      | 0.0042      | 0.0042      | 0.9926      | 
| 1566.png                 | 0.0129      | 0.0065      | 0.0065      | 0.9986      | 
| 1567.png                 | 0.0108      | 0.0054      | 0.0054      | 1.0000      | 
| 1568.png                 | 0.0111      | 0.0056      | 0.0056      | 0.9496      | 
| 157.png                  | 0.2575      | 0.1478      | 0.1478      | 0.9998      | 
| 1571.png                 | 0.0130      | 0.0065      | 0.0065      | 0.9945      | 
| 1572.png                 | 0.0073      | 0.0036      | 0.0036      | 0.9960      | 
| 1577.png                 | 0.0418      | 0.0213      | 0.0213      | 0.9941      | 
| 1578.png                 | 0.0514      | 0.0264      | 0.0264      | 0.9728      | 
| 1579.png                 | 0.0366      | 0.0186      | 0.0186      | 0.9858      | 
| 158.png                  | 0.2378      | 0.1349      | 0.1349      | 0.9999      | 
| 1580.png                 | 0.0420      | 0.0215      | 0.0216      | 0.7969      | 
| 1590.png                 | 0.0193      | 0.0097      | 0.0097      | 0.9972      | 
| 1591.png                 | 0.0217      | 0.0110      | 0.0110      | 0.9615      | 
| 1592.png                 | 0.0179      | 0.0090      | 0.0090      | 1.0000      | 
| 1593.png                 | 0.0242      | 0.0123      | 0.0123      | 1.0000      | 
| 1594.png                 | 0.0074      | 0.0037      | 0.0037      | 0.9342      | 
| 1595.png                 | 0.0052      | 0.0026      | 0.0026      | 0.9814      | 
| 1596.png                 | 0.0149      | 0.0075      | 0.0075      | 0.9632      | 
| 1597.png                 | 0.0208      | 0.0105      | 0.0105      | 0.9829      | 
| 1598.png                 | 0.0154      | 0.0078      | 0.0078      | 0.9934      | 
| 16.png                   | 0.0166      | 0.0084      | 0.0084      | 1.0000      | 
| 160.png                  | 0.0547      | 0.0281      | 0.0281      | 0.9968      | 
| 1600.png                 | 0.0248      | 0.0125      | 0.0125      | 0.9715      | 
| 1601.png                 | 0.0324      | 0.0165      | 0.0165      | 0.9986      | 
| 1602.png                 | 0.0366      | 0.0187      | 0.0187      | 0.9836      | 
| 1603.png                 | 0.0323      | 0.0164      | 0.0164      | 1.0000      | 
| 1604.png                 | 0.0096      | 0.0048      | 0.0048      | 0.9951      | 
| 1605.png                 | 0.0094      | 0.0047      | 0.0047      | 0.9954      | 
| 1606.png                 | 0.0113      | 0.0057      | 0.0057      | 0.9597      | 
| 1608.png                 | 0.0790      | 0.0411      | 0.0412      | 0.9374      | 
| 1609.png                 | 0.0269      | 0.0136      | 0.0136      | 0.9904      | 
| 161.png                  | 0.0727      | 0.0377      | 0.0377      | 0.9963      | 
| 1610.png                 | 0.0241      | 0.0122      | 0.0122      | 1.0000      | 
| 1611.png                 | 0.0447      | 0.0229      | 0.0229      | 0.9614      | 
| 1612.png                 | 0.0468      | 0.0240      | 0.0240      | 0.9955      | 
| 1613.png                 | 0.0303      | 0.0154      | 0.0154      | 1.0000      | 
| 1614.png                 | 0.0376      | 0.0192      | 0.0192      | 0.9612      | 
| 1617.png                 | 0.0181      | 0.0092      | 0.0092      | 0.9689      | 
| 1618.png                 | 0.0359      | 0.0183      | 0.0183      | 0.9614      | 
| 1619.png                 | 0.0359      | 0.0183      | 0.0183      | 0.9668      | 
| 162.png                  | 0.0677      | 0.0351      | 0.0351      | 0.9993      | 
| 1620.png                 | 0.0310      | 0.0158      | 0.0158      | 0.9636      | 
| 1622.png                 | 0.0333      | 0.0169      | 0.0169      | 1.0000      | 
| 1625.png                 | 0.1066      | 0.0563      | 0.0564      | 0.9727      | 
| 1626.png                 | 0.0988      | 0.0520      | 0.0522      | 0.9316      | 
| 1628.png                 | 0.0133      | 0.0067      | 0.0067      | 0.8745      | 
| 1629.png                 | 0.0371      | 0.0189      | 0.0189      | 0.9907      | 
| 1630.png                 | 0.0516      | 0.0265      | 0.0265      | 0.9893      | 
| 1631.png                 | 0.0546      | 0.0281      | 0.0281      | 0.9945      | 
| 1632.png                 | 0.0678      | 0.0351      | 0.0352      | 0.8935      | 
| 1635.png                 | 0.0353      | 0.0180      | 0.0180      | 0.9944      | 
| 1636.png                 | 0.0513      | 0.0263      | 0.0263      | 0.9994      | 
| 1637.png                 | 0.0583      | 0.0300      | 0.0300      | 0.9998      | 
| 1638.png                 | 0.0525      | 0.0270      | 0.0270      | 0.9915      | 
| 1639.png                 | 0.0442      | 0.0226      | 0.0226      | 0.9790      | 
| 164.png                  | 0.0584      | 0.0301      | 0.0301      | 0.9980      | 
| 165.png                  | 0.0737      | 0.0382      | 0.0382      | 1.0000      | 
| 1656.png                 | 0.0113      | 0.0057      | 0.0057      | 0.9335      | 
| 1657.png                 | 0.0104      | 0.0053      | 0.0053      | 0.9754      | 
| 166.png                  | 0.1174      | 0.0624      | 0.0624      | 0.9912      | 
| 1665.png                 | 0.0090      | 0.0045      | 0.0045      | 0.9662      | 
| 1666.png                 | 0.0123      | 0.0062      | 0.0062      | 1.0000      | 
| 1667.png                 | 0.0153      | 0.0077      | 0.0077      | 0.9903      | 
| 1668.png                 | 0.0169      | 0.0085      | 0.0086      | 0.9162      | 
| 1669.png                 | 0.0125      | 0.0063      | 0.0063      | 0.7631      | 
| 167.png                  | 0.0994      | 0.0523      | 0.0523      | 0.9902      | 
| 1670.png                 | 0.0129      | 0.0065      | 0.0065      | 0.7842      | 
| 1671.png                 | 0.0109      | 0.0055      | 0.0055      | 0.9839      | 
| 1672.png                 | 0.0048      | 0.0024      | 0.0024      | 0.8922      | 
| 1677.png                 | 0.0136      | 0.0069      | 0.0069      | 0.9305      | 
| 1679.png                 | 0.0340      | 0.0173      | 0.0173      | 0.9905      | 
| 168.png                  | 0.0642      | 0.0332      | 0.0332      | 0.9921      | 
| 1681.png                 | 0.0435      | 0.0222      | 0.0223      | 0.9895      | 
| 1685.png                 | 0.0367      | 0.0187      | 0.0187      | 0.9912      | 
| 1689.png                 | 0.0338      | 0.0172      | 0.0172      | 0.9586      | 
| 1691.png                 | 0.0140      | 0.0071      | 0.0071      | 0.9448      | 
| 1692.png                 | 0.0135      | 0.0068      | 0.0068      | 1.0000      | 
| 1693.png                 | 0.0208      | 0.0105      | 0.0105      | 1.0000      | 
| 1694.png                 | 0.0266      | 0.0135      | 0.0135      | 0.9991      | 
| 1697.png                 | 0.0171      | 0.0086      | 0.0086      | 0.9928      | 
| 1699.png                 | 0.0113      | 0.0057      | 0.0057      | 0.9909      | 
| 17.png                   | 0.0581      | 0.0299      | 0.0299      | 0.9823      | 
| 1700.png                 | 0.0121      | 0.0061      | 0.0061      | 0.9989      | 
| 1701.png                 | 0.0159      | 0.0080      | 0.0080      | 0.9936      | 
| 1702.png                 | 0.0127      | 0.0064      | 0.0064      | 0.9832      | 
| 1705.png                 | 0.0270      | 0.0137      | 0.0137      | 0.9937      | 
| 1706.png                 | 0.0265      | 0.0134      | 0.0134      | 1.0000      | 
| 1707.png                 | 0.0243      | 0.0123      | 0.0123      | 1.0000      | 
| 1708.png                 | 0.0166      | 0.0084      | 0.0084      | 0.9934      | 
| 1713.png                 | 0.0223      | 0.0113      | 0.0113      | 0.9147      | 
| 1715.png                 | 0.0228      | 0.0115      | 0.0115      | 0.9744      | 
| 172.png                  | 0.2012      | 0.1118      | 0.1119      | 0.9963      | 
| 1722.png                 | 0.0133      | 0.0067      | 0.0067      | 0.9913      | 
| 1723.png                 | 0.0125      | 0.0063      | 0.0063      | 0.9921      | 
| 1724.png                 | 0.0129      | 0.0065      | 0.0065      | 0.9605      | 
| 1726.png                 | 0.0924      | 0.0484      | 0.0484      | 0.9986      | 
| 1727.png                 | 0.1208      | 0.0643      | 0.0643      | 0.9988      | 
| 1728.png                 | 0.1327      | 0.0711      | 0.0711      | 0.9994      | 
| 1729.png                 | 0.1367      | 0.0734      | 0.0734      | 0.9968      | 
| 173.png                  | 0.1669      | 0.0910      | 0.0910      | 0.9999      | 
| 1730.png                 | 0.1259      | 0.0672      | 0.0672      | 0.9975      | 
| 1731.png                 | 0.1114      | 0.0590      | 0.0590      | 0.9938      | 
| 1732.png                 | 0.0502      | 0.0257      | 0.0257      | 0.9998      | 
| 1733.png                 | 0.0332      | 0.0169      | 0.0169      | 0.9996      | 
| 1741.png                 | 0.0087      | 0.0044      | 0.0044      | 0.9444      | 
| 1743.png                 | 0.0154      | 0.0077      | 0.0077      | 1.0000      | 
| 1745.png                 | 0.0183      | 0.0092      | 0.0092      | 0.9918      | 
| 1746.png                 | 0.0191      | 0.0097      | 0.0097      | 0.9914      | 
| 1747.png                 | 0.0086      | 0.0043      | 0.0043      | 0.9755      | 
| 1748.png                 | 0.0081      | 0.0041      | 0.0041      | 1.0000      | 
| 1749.png                 | 0.0102      | 0.0051      | 0.0051      | 0.9776      | 
| 175.png                  | 0.0404      | 0.0206      | 0.0206      | 1.0000      | 
| 1750.png                 | 0.0136      | 0.0069      | 0.0069      | 0.9948      | 
| 1751.png                 | 0.0131      | 0.0066      | 0.0066      | 1.0000      | 
| 1752.png                 | 0.0151      | 0.0076      | 0.0076      | 0.9810      | 
| 1753.png                 | 0.0087      | 0.0044      | 0.0044      | 0.9985      | 
| 1759.png                 | 0.0140      | 0.0071      | 0.0071      | 0.9650      | 
| 176.png                  | 0.1005      | 0.0529      | 0.0529      | 0.9933      | 
| 1760.png                 | 0.0159      | 0.0080      | 0.0080      | 0.9927      | 
| 1761.png                 | 0.0092      | 0.0046      | 0.0046      | 0.9466      | 
| 1762.png                 | 0.0126      | 0.0064      | 0.0064      | 1.0000      | 
| 1764.png                 | 0.0065      | 0.0033      | 0.0033      | 1.0000      | 
| 1766.png                 | 0.0313      | 0.0159      | 0.0159      | 0.8526      | 
| 1767.png                 | 0.0382      | 0.0195      | 0.0195      | 0.9900      | 
| 177.png                  | 0.1308      | 0.0700      | 0.0700      | 0.9847      | 
| 1771.png                 | 0.0230      | 0.0116      | 0.0116      | 0.9989      | 
| 178.png                  | 0.1310      | 0.0701      | 0.0701      | 0.9970      | 
| 1781.png                 | 0.0076      | 0.0038      | 0.0038      | 0.9690      | 
| 1782.png                 | 0.0206      | 0.0104      | 0.0104      | 0.9759      | 
| 1786.png                 | 0.0063      | 0.0032      | 0.0032      | 0.8936      | 
| 1787.png                 | 0.0066      | 0.0033      | 0.0033      | 0.9520      | 
| 1788.png                 | 0.0071      | 0.0036      | 0.0036      | 0.9646      | 
| 1789.png                 | 0.0059      | 0.0029      | 0.0029      | 0.9232      | 
| 1790.png                 | 0.0076      | 0.0038      | 0.0038      | 0.9983      | 
| 1791.png                 | 0.0089      | 0.0045      | 0.0045      | 1.0000      | 
| 1793.png                 | 0.0088      | 0.0044      | 0.0044      | 0.9246      | 
| 1795.png                 | 0.0232      | 0.0118      | 0.0118      | 0.8834      | 
| 1796.png                 | 0.0295      | 0.0150      | 0.0150      | 0.9970      | 
| 1797.png                 | 0.0319      | 0.0162      | 0.0162      | 1.0000      | 
| 1798.png                 | 0.0262      | 0.0133      | 0.0133      | 0.9950      | 
| 1799.png                 | 0.0212      | 0.0107      | 0.0107      | 0.9194      | 
| 18.png                   | 0.0455      | 0.0233      | 0.0233      | 0.9974      | 
| 180.png                  | 0.0909      | 0.0476      | 0.0476      | 0.9971      | 
| 1800.png                 | 0.0128      | 0.0065      | 0.0065      | 0.8523      | 
| 1801.png                 | 0.0102      | 0.0051      | 0.0051      | 0.9148      | 
| 1802.png                 | 0.0096      | 0.0048      | 0.0048      | 0.9052      | 
| 1805.png                 | 0.0075      | 0.0038      | 0.0038      | 0.9560      | 
| 1808.png                 | 0.0193      | 0.0097      | 0.0097      | 1.0000      | 
| 181.png                  | 0.1203      | 0.0640      | 0.0640      | 0.9968      | 
| 182.png                  | 0.1325      | 0.0710      | 0.0710      | 0.9966      | 
| 1820.png                 | 0.0259      | 0.0131      | 0.0131      | 0.9980      | 
| 1822.png                 | 0.0304      | 0.0154      | 0.0155      | 0.9929      | 
| 1825.png                 | 0.0743      | 0.0386      | 0.0386      | 0.9887      | 
| 1826.png                 | 0.0747      | 0.0388      | 0.0388      | 0.9771      | 
| 1827.png                 | 0.0811      | 0.0423      | 0.0424      | 0.9464      | 
| 1828.png                 | 0.0630      | 0.0325      | 0.0326      | 0.9975      | 
| 1829.png                 | 0.0489      | 0.0251      | 0.0251      | 0.9633      | 
| 183.png                  | 0.1026      | 0.0541      | 0.0541      | 0.9947      | 
| 1830.png                 | 0.0261      | 0.0132      | 0.0132      | 0.9820      | 
| 1831.png                 | 0.0508      | 0.0261      | 0.0261      | 0.9897      | 
| 1832.png                 | 0.0557      | 0.0287      | 0.0287      | 0.9896      | 
| 1833.png                 | 0.0592      | 0.0305      | 0.0305      | 0.9847      | 
| 1834.png                 | 0.0398      | 0.0203      | 0.0203      | 0.9863      | 
| 1835.png                 | 0.0269      | 0.0136      | 0.0136      | 0.9815      | 
| 1836.png                 | 0.0355      | 0.0181      | 0.0181      | 1.0000      | 
| 1837.png                 | 0.0405      | 0.0207      | 0.0207      | 0.9966      | 
| 1838.png                 | 0.0379      | 0.0193      | 0.0193      | 0.9984      | 
| 1839.png                 | 0.0295      | 0.0150      | 0.0150      | 0.9991      | 
| 184.png                  | 0.0396      | 0.0202      | 0.0202      | 0.9940      | 
| 1840.png                 | 0.0116      | 0.0058      | 0.0058      | 0.9880      | 
| 185.png                  | 0.0464      | 0.0238      | 0.0238      | 0.9971      | 
| 1896.png                 | 0.0783      | 0.0408      | 0.0408      | 0.9522      | 
| 1897.png                 | 0.0507      | 0.0260      | 0.0260      | 0.9984      | 
| 19.png                   | 0.0244      | 0.0123      | 0.0123      | 1.0000      | 
| 192.png                  | 0.0822      | 0.0429      | 0.0429      | 1.0000      | 
| 193.png                  | 0.1499      | 0.0810      | 0.0810      | 1.0000      | 
| 194.png                  | 0.2306      | 0.1303      | 0.1303      | 1.0000      | 
| 195.png                  | 0.2826      | 0.1646      | 0.1647      | 0.9937      | 
| 1950.png                 | 0.0226      | 0.0114      | 0.0114      | 1.0000      | 
| 1956.png                 | 0.0623      | 0.0322      | 0.0322      | 0.9979      | 
| 1957.png                 | 0.0736      | 0.0382      | 0.0382      | 0.9995      | 
| 1958.png                 | 0.0762      | 0.0396      | 0.0396      | 1.0000      | 
| 196.png                  | 0.2972      | 0.1746      | 0.1748      | 0.9908      | 
| 1967.png                 | 0.1246      | 0.0665      | 0.0671      | 0.8801      | 
| 2.png                    | 0.1693      | 0.0925      | 0.0925      | 0.9949      | 
| 20.png                   | 0.1054      | 0.0556      | 0.0557      | 0.9898      | 
| 201.png                  | 0.0860      | 0.0450      | 0.0450      | 1.0000      | 
| 202.png                  | 0.0971      | 0.0510      | 0.0510      | 0.9996      | 
| 21.png                   | 0.1303      | 0.0697      | 0.0697      | 0.9993      | 
| 2102.png                 | 0.0204      | 0.0103      | 0.0103      | 0.9252      | 
| 211.png                  | 0.1023      | 0.0539      | 0.0540      | 0.9739      | 
| 212.png                  | 0.1513      | 0.0818      | 0.0819      | 0.9933      | 
| 213.png                  | 0.1570      | 0.0852      | 0.0853      | 0.9898      | 
| 214.png                  | 0.1524      | 0.0825      | 0.0829      | 0.9405      | 
| 215.png                  | 0.1164      | 0.0618      | 0.0625      | 0.8378      | 
| 216.png                  | 0.0441      | 0.0226      | 0.0229      | 0.5815      | 
| 217.png                  | 0.0348      | 0.0177      | 0.0179      | 0.6648      | 
| 218.png                  | 0.0312      | 0.0159      | 0.0159      | 0.9881      | 
| 2188.png                 | 0.1089      | 0.0576      | 0.0580      | 0.8907      | 
| 219.png                  | 0.0297      | 0.0151      | 0.0151      | 0.9898      | 
| 2190.png                 | 0.2273      | 0.1283      | 0.1291      | 0.9492      | 
| 2192.png                 | 0.1851      | 0.1020      | 0.1030      | 0.9154      | 
| 2199.png                 | 0.1407      | 0.0757      | 0.0757      | 0.9980      | 
| 22.png                   | 0.1477      | 0.0797      | 0.0797      | 0.9989      | 
| 220.png                  | 0.0400      | 0.0204      | 0.0204      | 0.9464      | 
| 2200.png                 | 0.1244      | 0.0663      | 0.0665      | 0.9753      | 
| 221.png                  | 0.0795      | 0.0414      | 0.0414      | 1.0000      | 
| 222.png                  | 0.1201      | 0.0639      | 0.0639      | 0.9949      | 
| 223.png                  | 0.1441      | 0.0777      | 0.0777      | 0.9985      | 
| 224.png                  | 0.1519      | 0.0822      | 0.0823      | 0.9911      | 
| 2244.png                 | 0.0200      | 0.0101      | 0.0101      | 1.0000      | 
| 225.png                  | 0.1248      | 0.0665      | 0.0665      | 0.9967      | 
| 2257.png                 | 0.0843      | 0.0440      | 0.0440      | 0.9817      | 
| 2259.png                 | 0.0718      | 0.0372      | 0.0372      | 0.9884      | 
| 226.png                  | 0.0862      | 0.0450      | 0.0450      | 0.9986      | 
| 227.png                  | 0.0211      | 0.0107      | 0.0107      | 0.9990      | 
| 228.png                  | 0.0418      | 0.0214      | 0.0214      | 0.9991      | 
| 229.png                  | 0.0486      | 0.0249      | 0.0249      | 0.9878      | 
| 23.png                   | 0.1261      | 0.0673      | 0.0673      | 1.0000      | 
| 230.png                  | 0.0273      | 0.0139      | 0.0139      | 0.9467      | 
| 2307.png                 | 0.0332      | 0.0169      | 0.0169      | 0.9948      | 
| 2308.png                 | 0.0580      | 0.0299      | 0.0299      | 1.0000      | 
| 2312.png                 | 0.1344      | 0.0721      | 0.0721      | 0.9980      | 
| 2313.png                 | 0.1308      | 0.0700      | 0.0700      | 1.0000      | 
| 2314.png                 | 0.1137      | 0.0603      | 0.0603      | 1.0000      | 
| 2315.png                 | 0.1041      | 0.0549      | 0.0549      | 0.9982      | 
| 2316.png                 | 0.0930      | 0.0488      | 0.0488      | 0.9664      | 
| 2318.png                 | 0.1155      | 0.0613      | 0.0650      | 0.5206      | 
| 233.png                  | 0.1086      | 0.0574      | 0.0574      | 1.0000      | 
| 234.png                  | 0.1125      | 0.0596      | 0.0596      | 0.9973      | 
| 235.png                  | 0.0971      | 0.0510      | 0.0510      | 0.9988      | 
| 236.png                  | 0.0545      | 0.0280      | 0.0281      | 0.9545      | 
| 237.png                  | 0.0378      | 0.0193      | 0.0193      | 0.9803      | 
| 2371.png                 | 0.1724      | 0.0943      | 0.1010      | 0.5880      | 
| 2379.png                 | 0.2619      | 0.1507      | 0.1583      | 0.7583      | 
| 238.png                  | 0.0323      | 0.0164      | 0.0164      | 0.9727      | 
| 2381.png                 | 0.2020      | 0.1123      | 0.1196      | 0.6503      | 
| 239.png                  | 0.0204      | 0.0103      | 0.0103      | 0.9931      | 
| 24.png                   | 0.0625      | 0.0323      | 0.0323      | 0.9983      | 
| 2411.png                 | 0.0742      | 0.0385      | 0.0385      | 0.9890      | 
| 2412.png                 | 0.0766      | 0.0398      | 0.0398      | 0.9850      | 
| 242.png                  | 0.0804      | 0.0419      | 0.0419      | 0.9998      | 
| 2427.png                 | 0.0574      | 0.0295      | 0.0295      | 1.0000      | 
| 2428.png                 | 0.0773      | 0.0402      | 0.0402      | 0.9970      | 
| 243.png                  | 0.0741      | 0.0385      | 0.0385      | 1.0000      | 
| 2431.png                 | 0.0962      | 0.0505      | 0.0505      | 0.9901      | 
| 2432.png                 | 0.0863      | 0.0451      | 0.0453      | 0.9245      | 
| 2438.png                 | 0.1767      | 0.0969      | 0.0974      | 0.9516      | 
| 244.png                  | 0.0484      | 0.0248      | 0.0248      | 0.9996      | 
| 2446.png                 | 0.2047      | 0.1140      | 0.1149      | 0.9398      | 
| 2447.png                 | 0.1296      | 0.0693      | 0.0695      | 0.9568      | 
| 2448.png                 | 0.1292      | 0.0691      | 0.0692      | 0.9764      | 
| 2449.png                 | 0.1310      | 0.0701      | 0.0702      | 0.9740      | 
| 245.png                  | 0.0283      | 0.0144      | 0.0144      | 0.9987      | 
| 2456.png                 | 0.2060      | 0.1148      | 0.1172      | 0.8528      | 
| 2457.png                 | 0.1837      | 0.1012      | 0.1028      | 0.8667      | 
| 246.png                  | 0.0205      | 0.0104      | 0.0104      | 0.9768      | 
| 247.png                  | 0.0244      | 0.0124      | 0.0124      | 0.9916      | 
| 2477.png                 | 0.0696      | 0.0360      | 0.0360      | 0.9960      | 
| 2482.png                 | 0.0856      | 0.0447      | 0.0447      | 0.9976      | 
| 2483.png                 | 0.0780      | 0.0406      | 0.0406      | 0.9995      | 
| 25.png                   | 0.0683      | 0.0353      | 0.0354      | 0.9976      | 
| 250.png                  | 0.0336      | 0.0171      | 0.0171      | 0.9770      | 
| 251.png                  | 0.0157      | 0.0079      | 0.0079      | 0.9933      | 
| 253.png                  | 0.0127      | 0.0064      | 0.0064      | 0.9982      | 
| 254.png                  | 0.0210      | 0.0106      | 0.0106      | 0.9723      | 
| 2542.png                 | 0.0549      | 0.0282      | 0.0282      | 1.0000      | 
| 2544.png                 | 0.0530      | 0.0272      | 0.0272      | 0.9922      | 
| 2545.png                 | 0.0430      | 0.0219      | 0.0220      | 0.9975      | 
| 255.png                  | 0.0392      | 0.0200      | 0.0200      | 0.9798      | 
| 256.png                  | 0.0527      | 0.0271      | 0.0271      | 0.9915      | 
| 2562.png                 | 0.0994      | 0.0523      | 0.0538      | 0.6519      | 
| 2564.png                 | 0.1922      | 0.1063      | 0.1091      | 0.8036      | 
| 2565.png                 | 0.1975      | 0.1096      | 0.1111      | 0.8879      | 
| 257.png                  | 0.0520      | 0.0267      | 0.0267      | 0.9791      | 
| 258.png                  | 0.0440      | 0.0225      | 0.0225      | 0.9920      | 
| 259.png                  | 0.0347      | 0.0177      | 0.0177      | 0.9636      | 
| 260.png                  | 0.0194      | 0.0098      | 0.0098      | 0.9801      | 
| 2606.png                 | 0.2074      | 0.1157      | 0.1159      | 0.9830      | 
| 261.png                  | 0.0386      | 0.0197      | 0.0197      | 0.9771      | 
| 262.png                  | 0.0610      | 0.0315      | 0.0315      | 0.9593      | 
| 263.png                  | 0.0408      | 0.0208      | 0.0208      | 0.9543      | 
| 264.png                  | 0.0714      | 0.0370      | 0.0371      | 0.9559      | 
| 265.png                  | 0.0702      | 0.0364      | 0.0365      | 0.9233      | 
| 2654.png                 | 0.1276      | 0.0681      | 0.0681      | 0.9989      | 
| 266.png                  | 0.0425      | 0.0217      | 0.0218      | 0.9528      | 
| 267.png                  | 0.0672      | 0.0348      | 0.0349      | 0.9081      | 
| 2703.png                 | 0.0348      | 0.0177      | 0.0177      | 0.9574      | 
| 2718.png                 | 0.0768      | 0.0399      | 0.0402      | 0.8458      | 
| 2724.png                 | 0.1469      | 0.0793      | 0.0798      | 0.9319      | 
| 2725.png                 | 0.1320      | 0.0707      | 0.0710      | 0.9481      | 
| 2726.png                 | 0.1911      | 0.1056      | 0.1065      | 0.9298      | 
| 2728.png                 | 0.1780      | 0.0977      | 0.0983      | 0.9388      | 
| 2729.png                 | 0.1618      | 0.0880      | 0.0884      | 0.9556      | 
| 2764.png                 | 0.1542      | 0.0835      | 0.0864      | 0.7155      | 
| 2770.png                 | 0.0452      | 0.0231      | 0.0231      | 0.9879      | 
| 2771.png                 | 0.1182      | 0.0628      | 0.0633      | 0.8950      | 
| 2789.png                 | 0.1982      | 0.1100      | 0.1114      | 0.8973      | 
| 2790.png                 | 0.1921      | 0.1062      | 0.1079      | 0.8742      | 
| 2791.png                 | 0.1559      | 0.0846      | 0.0855      | 0.8866      | 
| 2792.png                 | 0.0627      | 0.0324      | 0.0328      | 0.7412      | 
| 2793.png                 | 0.0597      | 0.0308      | 0.0311      | 0.7575      | 
| 2795.png                 | 0.1951      | 0.1081      | 0.1097      | 0.8807      | 
| 2796.png                 | 0.2193      | 0.1231      | 0.1254      | 0.8733      | 
| 28.png                   | 0.0477      | 0.0244      | 0.0244      | 0.9854      | 
| 281.png                  | 0.0268      | 0.0136      | 0.0136      | 0.9570      | 
| 2812.png                 | 0.1097      | 0.0581      | 0.0583      | 0.9443      | 
| 2826.png                 | 0.0447      | 0.0229      | 0.0229      | 0.9979      | 
| 2829.png                 | 0.0263      | 0.0133      | 0.0133      | 1.0000      | 
| 2831.png                 | 0.0913      | 0.0479      | 0.0480      | 0.9416      | 
| 2833.png                 | 0.0441      | 0.0225      | 0.0225      | 0.9778      | 
| 2843.png                 | 0.0666      | 0.0345      | 0.0349      | 0.7308      | 
| 2844.png                 | 0.0574      | 0.0295      | 0.0295      | 0.9844      | 
| 2845.png                 | 0.0377      | 0.0192      | 0.0192      | 0.9992      | 
| 2870.png                 | 0.1622      | 0.0883      | 0.0883      | 0.9969      | 
| 2871.png                 | 0.1269      | 0.0678      | 0.0678      | 0.9966      | 
| 2883.png                 | 0.0189      | 0.0096      | 0.0096      | 0.9722      | 
| 2884.png                 | 0.0306      | 0.0155      | 0.0155      | 0.9792      | 
| 2895.png                 | 0.0172      | 0.0087      | 0.0087      | 1.0000      | 
| 2896.png                 | 0.0457      | 0.0234      | 0.0234      | 1.0000      | 
| 2897.png                 | 0.0621      | 0.0321      | 0.0321      | 0.9981      | 
| 2898.png                 | 0.0517      | 0.0265      | 0.0266      | 0.9867      | 
| 29.png                   | 0.0718      | 0.0373      | 0.0373      | 0.9958      | 
| 2900.png                 | 0.0611      | 0.0315      | 0.0315      | 1.0000      | 
| 2901.png                 | 0.0937      | 0.0492      | 0.0492      | 0.9836      | 
| 2902.png                 | 0.1036      | 0.0547      | 0.0548      | 0.9527      | 
| 2903.png                 | 0.0961      | 0.0505      | 0.0505      | 0.9996      | 
| 2904.png                 | 0.0687      | 0.0356      | 0.0356      | 1.0000      | 
| 2905.png                 | 0.0490      | 0.0251      | 0.0251      | 1.0000      | 
| 2939.png                 | 0.1944      | 0.1077      | 0.1094      | 0.8721      | 
| 2940.png                 | 0.1368      | 0.0734      | 0.0777      | 0.5704      | 
| 295.png                  | 0.0854      | 0.0446      | 0.0446      | 0.9992      | 
| 2989.png                 | 0.2318      | 0.1311      | 0.1340      | 0.8583      | 
| 3.png                    | 0.1994      | 0.1108      | 0.1110      | 0.9841      | 
| 30.png                   | 0.0870      | 0.0455      | 0.0455      | 0.9924      | 
| 301.png                  | 0.1877      | 0.1036      | 0.1036      | 0.9997      | 
| 3022.png                 | 0.0322      | 0.0164      | 0.0164      | 1.0000      | 
| 3023.png                 | 0.0581      | 0.0299      | 0.0299      | 1.0000      | 
| 3024.png                 | 0.0857      | 0.0448      | 0.0448      | 1.0000      | 
| 3026.png                 | 0.0696      | 0.0361      | 0.0361      | 1.0000      | 
| 3027.png                 | 0.0446      | 0.0228      | 0.0228      | 1.0000      | 
| 303.png                  | 0.1439      | 0.0775      | 0.0775      | 0.9994      | 
| 3047.png                 | 0.0123      | 0.0062      | 0.0062      | 0.9975      | 
| 3048.png                 | 0.0080      | 0.0040      | 0.0040      | 1.0000      | 
| 31.png                   | 0.0838      | 0.0438      | 0.0438      | 0.9926      | 
| 311.png                  | 0.1076      | 0.0568      | 0.0568      | 1.0000      | 
| 312.png                  | 0.1115      | 0.0590      | 0.0590      | 0.9978      | 
| 316.png                  | 0.0586      | 0.0302      | 0.0302      | 0.9825      | 
| 317.png                  | 0.0585      | 0.0301      | 0.0302      | 0.9765      | 
| 318.png                  | 0.0394      | 0.0201      | 0.0201      | 0.9976      | 
| 319.png                  | 0.0375      | 0.0191      | 0.0191      | 0.9785      | 
| 32.png                   | 0.0750      | 0.0390      | 0.0391      | 0.9490      | 
| 320.png                  | 0.0278      | 0.0141      | 0.0141      | 1.0000      | 
| 321.png                  | 0.0354      | 0.0180      | 0.0180      | 1.0000      | 
| 322.png                  | 0.0605      | 0.0312      | 0.0312      | 0.9994      | 
| 325.png                  | 0.0360      | 0.0183      | 0.0183      | 1.0000      | 
| 33.png                   | 0.0530      | 0.0272      | 0.0272      | 0.9945      | 
| 332.png                  | 0.0509      | 0.0261      | 0.0262      | 0.9303      | 
| 333.png                  | 0.0210      | 0.0106      | 0.0106      | 0.9947      | 
| 339.png                  | 0.0459      | 0.0235      | 0.0235      | 1.0000      | 
| 342.png                  | 0.0876      | 0.0458      | 0.0458      | 0.9948      | 
| 345.png                  | 0.0701      | 0.0363      | 0.0364      | 0.9105      | 
| 346.png                  | 0.0745      | 0.0387      | 0.0388      | 0.9662      | 
| 347.png                  | 0.0705      | 0.0365      | 0.0365      | 0.9858      | 
| 35.png                   | 0.0104      | 0.0052      | 0.0052      | 0.9913      | 
| 357.png                  | 0.0366      | 0.0187      | 0.0187      | 0.9971      | 
| 359.png                  | 0.0739      | 0.0384      | 0.0384      | 0.9758      | 
| 36.png                   | 0.0294      | 0.0149      | 0.0149      | 0.9607      | 
| 37.png                   | 0.0385      | 0.0196      | 0.0196      | 0.9681      | 
| 38.png                   | 0.0496      | 0.0254      | 0.0254      | 0.9816      | 
| 384.png                  | 0.1232      | 0.0656      | 0.0656      | 1.0000      | 
| 385.png                  | 0.1453      | 0.0784      | 0.0784      | 0.9997      | 
| 386.png                  | 0.1545      | 0.0837      | 0.0837      | 0.9997      | 
| 387.png                  | 0.1461      | 0.0788      | 0.0788      | 0.9967      | 
| 388.png                  | 0.1402      | 0.0754      | 0.0754      | 0.9998      | 
| 389.png                  | 0.1273      | 0.0680      | 0.0680      | 0.9985      | 
| 39.png                   | 0.0516      | 0.0265      | 0.0265      | 0.9887      | 
| 390.png                  | 0.0241      | 0.0122      | 0.0122      | 1.0000      | 
| 391.png                  | 0.0524      | 0.0269      | 0.0269      | 0.9967      | 
| 392.png                  | 0.0274      | 0.0139      | 0.0139      | 1.0000      | 
| 395.png                  | 0.0596      | 0.0307      | 0.0307      | 0.9884      | 
| 396.png                  | 0.0924      | 0.0484      | 0.0485      | 0.9881      | 
| 397.png                  | 0.1044      | 0.0551      | 0.0551      | 0.9923      | 
| 398.png                  | 0.0877      | 0.0459      | 0.0459      | 0.9959      | 
| 4.png                    | 0.1733      | 0.0949      | 0.0949      | 0.9961      | 
| 40.png                   | 0.0436      | 0.0223      | 0.0223      | 0.9990      | 
| 41.png                   | 0.0350      | 0.0178      | 0.0178      | 0.9946      | 
| 415.png                  | 0.0297      | 0.0151      | 0.0151      | 0.9987      | 
| 416.png                  | 0.0264      | 0.0134      | 0.0134      | 0.9919      | 
| 417.png                  | 0.0215      | 0.0108      | 0.0108      | 0.9749      | 
| 418.png                  | 0.0908      | 0.0475      | 0.0475      | 0.9998      | 
| 419.png                  | 0.1281      | 0.0684      | 0.0684      | 1.0000      | 
| 42.png                   | 0.0733      | 0.0381      | 0.0382      | 0.8942      | 
| 420.png                  | 0.1582      | 0.0859      | 0.0861      | 0.9762      | 
| 421.png                  | 0.1328      | 0.0711      | 0.0714      | 0.9548      | 
| 422.png                  | 0.0488      | 0.0250      | 0.0250      | 1.0000      | 
| 43.png                   | 0.0734      | 0.0381      | 0.0381      | 0.9776      | 
| 44.png                   | 0.0420      | 0.0214      | 0.0214      | 0.9987      | 
| 442.png                  | 0.1114      | 0.0590      | 0.0591      | 0.9732      | 
| 443.png                  | 0.1411      | 0.0759      | 0.0771      | 0.8269      | 
| 444.png                  | 0.1442      | 0.0777      | 0.0778      | 0.9936      | 
| 445.png                  | 0.1418      | 0.0763      | 0.0764      | 0.9879      | 
| 446.png                  | 0.0905      | 0.0474      | 0.0474      | 0.9996      | 
| 447.png                  | 0.0757      | 0.0393      | 0.0394      | 0.9659      | 
| 448.png                  | 0.0263      | 0.0133      | 0.0133      | 0.9176      | 
| 449.png                  | 0.0244      | 0.0124      | 0.0124      | 0.9699      | 
| 455.png                  | 0.1245      | 0.0664      | 0.0665      | 0.9698      | 
| 456.png                  | 0.1441      | 0.0777      | 0.0777      | 0.9879      | 
| 457.png                  | 0.1502      | 0.0812      | 0.0813      | 0.9875      | 
| 458.png                  | 0.0983      | 0.0517      | 0.0517      | 0.9980      | 
| 461.png                  | 0.0230      | 0.0116      | 0.0116      | 0.9685      | 
| 462.png                  | 0.0314      | 0.0160      | 0.0160      | 0.9754      | 
| 463.png                  | 0.0245      | 0.0124      | 0.0124      | 0.9609      | 
| 464.png                  | 0.0160      | 0.0081      | 0.0081      | 1.0000      | 
| 470.png                  | 0.0333      | 0.0169      | 0.0169      | 1.0000      | 
| 472.png                  | 0.0387      | 0.0198      | 0.0198      | 0.9794      | 
| 473.png                  | 0.0315      | 0.0160      | 0.0160      | 0.9724      | 
| 474.png                  | 0.0346      | 0.0176      | 0.0176      | 0.9866      | 
| 475.png                  | 0.0276      | 0.0140      | 0.0140      | 0.9696      | 
| 476.png                  | 0.0143      | 0.0072      | 0.0072      | 1.0000      | 
| 480.png                  | 0.0371      | 0.0189      | 0.0189      | 0.9995      | 
| 481.png                  | 0.0596      | 0.0307      | 0.0307      | 0.9983      | 
| 482.png                  | 0.0627      | 0.0324      | 0.0324      | 0.9868      | 
| 483.png                  | 0.0542      | 0.0279      | 0.0279      | 0.9939      | 
| 485.png                  | 0.0390      | 0.0199      | 0.0199      | 0.9966      | 
| 486.png                  | 0.0453      | 0.0232      | 0.0232      | 0.9936      | 
| 487.png                  | 0.0458      | 0.0235      | 0.0235      | 0.9852      | 
| 490.png                  | 0.0436      | 0.0223      | 0.0223      | 0.9666      | 
| 496.png                  | 0.0300      | 0.0152      | 0.0152      | 0.9772      | 
| 497.png                  | 0.0376      | 0.0192      | 0.0192      | 0.9832      | 
| 498.png                  | 0.0489      | 0.0250      | 0.0250      | 0.9868      | 
| 499.png                  | 0.0401      | 0.0205      | 0.0205      | 0.9648      | 
| 5.png                    | 0.1721      | 0.0941      | 0.0965      | 0.7945      | 
| 500.png                  | 0.0392      | 0.0200      | 0.0200      | 0.9751      | 
| 501.png                  | 0.0402      | 0.0205      | 0.0205      | 0.9740      | 
| 502.png                  | 0.0562      | 0.0289      | 0.0290      | 0.9051      | 
| 503.png                  | 0.0474      | 0.0243      | 0.0243      | 0.9257      | 
| 504.png                  | 0.0277      | 0.0140      | 0.0140      | 0.9842      | 
| 508.png                  | 0.0986      | 0.0518      | 0.0519      | 0.9929      | 
| 51.png                   | 0.1184      | 0.0630      | 0.0630      | 0.9988      | 
| 510.png                  | 0.1298      | 0.0694      | 0.0694      | 0.9944      | 
| 511.png                  | 0.1414      | 0.0761      | 0.0761      | 0.9919      | 
| 512.png                  | 0.1360      | 0.0730      | 0.0730      | 0.9936      | 
| 513.png                  | 0.0976      | 0.0513      | 0.0513      | 1.0000      | 
| 515.png                  | 0.0894      | 0.0468      | 0.0468      | 1.0000      | 
| 517.png                  | 0.0221      | 0.0112      | 0.0112      | 0.9915      | 
| 532.png                  | 0.0470      | 0.0241      | 0.0241      | 0.9866      | 
| 537.png                  | 0.1833      | 0.1009      | 0.1009      | 0.9955      | 
| 538.png                  | 0.2004      | 0.1114      | 0.1115      | 0.9859      | 
| 541.png                  | 0.2937      | 0.1721      | 0.1731      | 0.9669      | 
| 551.png                  | 0.0403      | 0.0206      | 0.0206      | 0.9895      | 
| 552.png                  | 0.0494      | 0.0253      | 0.0253      | 0.9877      | 
| 553.png                  | 0.0511      | 0.0262      | 0.0262      | 0.9787      | 
| 554.png                  | 0.0296      | 0.0150      | 0.0150      | 0.9720      | 
| 555.png                  | 0.0284      | 0.0144      | 0.0144      | 0.9883      | 
| 556.png                  | 0.0899      | 0.0471      | 0.0471      | 0.9866      | 
| 557.png                  | 0.0650      | 0.0336      | 0.0336      | 0.9975      | 
| 563.png                  | 0.0906      | 0.0475      | 0.0475      | 0.9991      | 
| 566.png                  | 0.1986      | 0.1103      | 0.1105      | 0.9790      | 
| 567.png                  | 0.1514      | 0.0819      | 0.0822      | 0.9651      | 
| 569.png                  | 0.0310      | 0.0157      | 0.0157      | 0.9921      | 
| 575.png                  | 0.0833      | 0.0435      | 0.0435      | 0.9995      | 
| 576.png                  | 0.0696      | 0.0361      | 0.0361      | 1.0000      | 
| 582.png                  | 0.0832      | 0.0434      | 0.0435      | 0.9626      | 
| 584.png                  | 0.0469      | 0.0240      | 0.0241      | 0.9584      | 
| 585.png                  | 0.0177      | 0.0089      | 0.0089      | 0.9953      | 
| 59.png                   | 0.0410      | 0.0209      | 0.0209      | 1.0000      | 
| 597.png                  | 0.0140      | 0.0070      | 0.0070      | 0.9329      | 
| 598.png                  | 0.0108      | 0.0054      | 0.0054      | 0.9655      | 
| 6.png                    | 0.0454      | 0.0232      | 0.0233      | 0.9472      | 
| 60.png                   | 0.0902      | 0.0472      | 0.0472      | 1.0000      | 
| 61.png                   | 0.1212      | 0.0645      | 0.0645      | 1.0000      | 
| 619.png                  | 0.0716      | 0.0371      | 0.0372      | 0.9513      | 
| 62.png                   | 0.0824      | 0.0429      | 0.0431      | 0.9443      | 
| 621.png                  | 0.0864      | 0.0451      | 0.0452      | 0.9890      | 
| 622.png                  | 0.0946      | 0.0496      | 0.0496      | 0.9994      | 
| 628.png                  | 0.2078      | 0.1159      | 0.1160      | 0.9960      | 
| 63.png                   | 0.1025      | 0.0540      | 0.0541      | 0.9642      | 
| 631.png                  | 0.0288      | 0.0146      | 0.0146      | 1.0000      | 
| 632.png                  | 0.0408      | 0.0208      | 0.0208      | 1.0000      | 
| 635.png                  | 0.0798      | 0.0416      | 0.0416      | 0.9929      | 
| 636.png                  | 0.1173      | 0.0623      | 0.0623      | 1.0000      | 
| 637.png                  | 0.1584      | 0.0860      | 0.0861      | 0.9970      | 
| 638.png                  | 0.1908      | 0.1055      | 0.1055      | 1.0000      | 
| 64.png                   | 0.1135      | 0.0601      | 0.0602      | 0.9933      | 
| 642.png                  | 0.0349      | 0.0177      | 0.0177      | 1.0000      | 
| 643.png                  | 0.0485      | 0.0248      | 0.0249      | 0.9712      | 
| 644.png                  | 0.0717      | 0.0372      | 0.0372      | 0.9911      | 
| 645.png                  | 0.0720      | 0.0373      | 0.0374      | 0.9832      | 
| 646.png                  | 0.0883      | 0.0462      | 0.0463      | 0.9562      | 
| 647.png                  | 0.0585      | 0.0301      | 0.0302      | 0.9783      | 
| 649.png                  | 0.1481      | 0.0800      | 0.0801      | 0.9726      | 
| 65.png                   | 0.1202      | 0.0640      | 0.0640      | 0.9819      | 
| 650.png                  | 0.1622      | 0.0883      | 0.0883      | 0.9914      | 
| 651.png                  | 0.1575      | 0.0855      | 0.0856      | 0.9837      | 
| 652.png                  | 0.1323      | 0.0708      | 0.0708      | 0.9957      | 
| 66.png                   | 0.0928      | 0.0487      | 0.0487      | 0.9927      | 
| 673.png                  | 0.0130      | 0.0065      | 0.0065      | 0.9425      | 
| 674.png                  | 0.0237      | 0.0120      | 0.0120      | 0.9973      | 
| 7.png                    | 0.0457      | 0.0234      | 0.0234      | 0.9589      | 
| 713.png                  | 0.0424      | 0.0216      | 0.0217      | 0.9932      | 
| 714.png                  | 0.0433      | 0.0221      | 0.0221      | 0.9985      | 
| 736.png                  | 0.1292      | 0.0690      | 0.0692      | 0.9683      | 
| 743.png                  | 0.3017      | 0.1777      | 0.1783      | 0.9799      | 
| 744.png                  | 0.2792      | 0.1622      | 0.1628      | 0.9787      | 
| 753.png                  | 0.0405      | 0.0207      | 0.0207      | 1.0000      | 
| 754.png                  | 0.1024      | 0.0539      | 0.0541      | 0.9450      | 
| 755.png                  | 0.0574      | 0.0296      | 0.0297      | 0.8685      | 
| 756.png                  | 0.0628      | 0.0324      | 0.0324      | 0.9907      | 
| 765.png                  | 0.0564      | 0.0290      | 0.0290      | 0.9938      | 
| 772.png                  | 0.0512      | 0.0263      | 0.0263      | 1.0000      | 
| 786.png                  | 0.2607      | 0.1499      | 0.1504      | 0.9799      | 
| 787.png                  | 0.2487      | 0.1420      | 0.1424      | 0.9826      | 
| 788.png                  | 0.2548      | 0.1460      | 0.1463      | 0.9867      | 
| 789.png                  | 0.2187      | 0.1228      | 0.1231      | 0.9800      | 
| 79.png                   | 0.0699      | 0.0362      | 0.0362      | 1.0000      | 
| 796.png                  | 0.2436      | 0.1387      | 0.1387      | 0.9999      | 
| 8.png                    | 0.0416      | 0.0212      | 0.0213      | 0.9345      | 
| 802.png                  | 0.1504      | 0.0813      | 0.0815      | 0.9749      | 
| 816.png                  | 0.1771      | 0.0972      | 0.0997      | 0.7893      | 
| 819.png                  | 0.0439      | 0.0224      | 0.0225      | 0.8137      | 
| 82.png                   | 0.2592      | 0.1489      | 0.1498      | 0.9614      | 
| 820.png                  | 0.0424      | 0.0217      | 0.0218      | 0.8237      | 
| 822.png                  | 0.0256      | 0.0130      | 0.0130      | 1.0000      | 
| 823.png                  | 0.0361      | 0.0184      | 0.0184      | 1.0000      | 
| 826.png                  | 0.0382      | 0.0195      | 0.0195      | 1.0000      | 
| 827.png                  | 0.0258      | 0.0131      | 0.0131      | 0.9994      | 
| 829.png                  | 0.1325      | 0.0709      | 0.0710      | 0.9904      | 
| 83.png                   | 0.2604      | 0.1497      | 0.1513      | 0.9319      | 
| 830.png                  | 0.0644      | 0.0333      | 0.0334      | 0.8942      | 
| 831.png                  | 0.0802      | 0.0418      | 0.0418      | 0.9779      | 
| 832.png                  | 0.0803      | 0.0418      | 0.0418      | 0.9953      | 
| 833.png                  | 0.0475      | 0.0243      | 0.0243      | 1.0000      | 
| 843.png                  | 0.0276      | 0.0140      | 0.0140      | 0.9983      | 
| 846.png                  | 0.0312      | 0.0159      | 0.0159      | 1.0000      | 
| 847.png                  | 0.0699      | 0.0362      | 0.0363      | 0.9747      | 
| 848.png                  | 0.0784      | 0.0408      | 0.0412      | 0.8185      | 
| 851.png                  | 0.0452      | 0.0231      | 0.0231      | 0.9988      | 
| 852.png                  | 0.0275      | 0.0139      | 0.0139      | 0.9731      | 
| 853.png                  | 0.0665      | 0.0344      | 0.0344      | 0.9991      | 
| 854.png                  | 0.0623      | 0.0322      | 0.0322      | 0.9593      | 
| 860.png                  | 0.2415      | 0.1373      | 0.1382      | 0.9540      | 
| 861.png                  | 0.2719      | 0.1574      | 0.1592      | 0.9316      | 
| 862.png                  | 0.2698      | 0.1559      | 0.1571      | 0.9524      | 
| 868.png                  | 0.2462      | 0.1404      | 0.1406      | 0.9884      | 
| 870.png                  | 0.0308      | 0.0157      | 0.0157      | 0.9995      | 
| 872.png                  | 0.0205      | 0.0104      | 0.0104      | 0.9991      | 
| 904.png                  | 0.0642      | 0.0332      | 0.0332      | 0.9997      | 
| 909.png                  | 0.2591      | 0.1488      | 0.1520      | 0.8755      | 
| 918.png                  | 0.0138      | 0.0070      | 0.0070      | 0.9261      | 
| 92.png                   | 0.0318      | 0.0162      | 0.0162      | 0.9818      | 
| 920.png                  | 0.0144      | 0.0072      | 0.0072      | 0.9981      | 
| 922.png                  | 0.0533      | 0.0274      | 0.0274      | 0.9909      | 
| 923.png                  | 0.0535      | 0.0275      | 0.0275      | 0.9911      | 
| 924.png                  | 0.0499      | 0.0256      | 0.0256      | 0.9686      | 
| 925.png                  | 0.0366      | 0.0186      | 0.0186      | 0.9856      | 
| 926.png                  | 0.0184      | 0.0093      | 0.0093      | 0.9841      | 
| 927.png                  | 0.0273      | 0.0139      | 0.0139      | 0.9924      | 
| 928.png                  | 0.0274      | 0.0139      | 0.0139      | 0.9761      | 
| 929.png                  | 0.0235      | 0.0119      | 0.0119      | 0.9891      | 
| 930.png                  | 0.0223      | 0.0113      | 0.0113      | 0.9915      | 
| 931.png                  | 0.0182      | 0.0092      | 0.0092      | 1.0000      | 
| 932.png                  | 0.0128      | 0.0065      | 0.0065      | 0.9921      | 
| 933.png                  | 0.0660      | 0.0341      | 0.0341      | 0.9987      | 
| 934.png                  | 0.0703      | 0.0364      | 0.0364      | 0.9976      | 
| 935.png                  | 0.0638      | 0.0329      | 0.0330      | 0.9884      | 
| 936.png                  | 0.0547      | 0.0281      | 0.0281      | 1.0000      | 
| 937.png                  | 0.0501      | 0.0257      | 0.0257      | 1.0000      | 
| 938.png                  | 0.0383      | 0.0195      | 0.0195      | 0.9975      | 
| 94.png                   | 0.0583      | 0.0300      | 0.0301      | 0.9483      | 
| 947.png                  | 0.0285      | 0.0145      | 0.0145      | 0.9824      | 
| 948.png                  | 0.0337      | 0.0172      | 0.0172      | 0.9423      | 
| 949.png                  | 0.0203      | 0.0102      | 0.0102      | 0.9727      | 
| 95.png                   | 0.0220      | 0.0111      | 0.0111      | 1.0000      | 
| 950.png                  | 0.0171      | 0.0086      | 0.0086      | 0.8991      | 
| 951.png                  | 0.0262      | 0.0133      | 0.0133      | 0.8205      | 
| 965.png                  | 0.0086      | 0.0043      | 0.0043      | 0.9549      | 
| 966.png                  | 0.0285      | 0.0145      | 0.0145      | 0.9458      | 
| 967.png                  | 0.0291      | 0.0148      | 0.0148      | 0.9804      | 
| 968.png                  | 0.0446      | 0.0228      | 0.0229      | 0.9269      | 
| 969.png                  | 0.0396      | 0.0202      | 0.0202      | 0.9715      | 
| 97.png                   | 0.0436      | 0.0223      | 0.0223      | 0.9897      | 
| 970.png                  | 0.0220      | 0.0111      | 0.0111      | 0.9884      | 
| 971.png                  | 0.0133      | 0.0067      | 0.0067      | 0.9693      | 
| 972.png                  | 0.0168      | 0.0085      | 0.0085      | 0.9963      | 
| 973.png                  | 0.0213      | 0.0107      | 0.0108      | 0.9067      | 
| 975.png                  | 0.0333      | 0.0169      | 0.0169      | 0.9658      | 
| 977.png                  | 0.0250      | 0.0126      | 0.0127      | 0.9594      | 
| 978.png                  | 0.0221      | 0.0112      | 0.0112      | 0.9682      | 
| 982.png                  | 0.0562      | 0.0289      | 0.0289      | 0.9645      | 
| 990.png                  | 0.0265      | 0.0134      | 0.0134      | 0.9715      | 
| 991.png                  | 0.0236      | 0.0119      | 0.0119      | 0.9836      | 
| 992.png                  | 0.0188      | 0.0095      | 0.0095      | 0.9774      | 
| 993.png                  | 0.0182      | 0.0092      | 0.0092      | 0.9654      | 
| 994.png                  | 0.0652      | 0.0337      | 0.0337      | 0.9826      | 
| 995.png                  | 0.0798      | 0.0416      | 0.0416      | 0.9841      | 
| 996.png                  | 0.0558      | 0.0287      | 0.0287      | 0.9745      | 
| 997.png                  | 0.0335      | 0.0171      | 0.0171      | 0.9850      | 
| 998.png                  | 0.0271      | 0.0137      | 0.0137      | 0.9367      | 
| 999.png                  | 0.0265      | 0.0134      | 0.0135      | 0.9440      | 
------------------------------------------------------------------------------------
| MEAN                     | 0.0593      | 0.0314      | 0.0315      | 0.9688      | 
====================================================================================
