
==================== BANG DANH GIA MASK ====================
------------------------------------------------------------------------------------
| File                     | Dice        | IoU         | Precision   | Recall      |
------------------------------------------------------------------------------------
| 1.png                    | 0.8827      | 0.7901      | 0.9421      | 0.8304      |
| 10.png                   | 0.8399      | 0.7240      | 1.0000      | 0.7240      |
| 100.png                  | 0.6546      | 0.4865      | 0.5488      | 0.8109      |
| 1000.png                 | 0.7813      | 0.6411      | 0.6785      | 0.9209      |
| 1001.png                 | 0.8210      | 0.6963      | 0.7789      | 0.8680      |
| 1002.png                 | 0.8560      | 0.7482      | 1.0000      | 0.7482      |
| 1003.png                 | 0.8261      | 0.7037      | 0.8468      | 0.8064      |
| 1004.png                 | 0.8242      | 0.7010      | 0.8033      | 0.8463      |
| 1005.png                 | 0.8716      | 0.7724      | 0.9695      | 0.7916      |
| 1006.png                 | 0.7324      | 0.5777      | 0.6558      | 0.8292      |
| 1007.png                 | 0.7971      | 0.6626      | 0.7199      | 0.8928      |
| 1008.png                 | 0.8987      | 0.8161      | 0.9314      | 0.8683      |
| 1009.png                 | 0.8527      | 0.7433      | 0.9843      | 0.7522      |
| 101.png                  | 0.0000      | 0.0000      | 0.0000      | 0.0000      |
| 1010.png                 | 0.8186      | 0.6930      | 0.8153      | 0.8220      |
| 1011.png                 | 0.8568      | 0.7495      | 0.8903      | 0.8257      |
| 1012.png                 | 0.7513      | 0.6017      | 0.8256      | 0.6892      |
| 1013.png                 | 0.5607      | 0.3896      | 0.4185      | 0.8493      |
| 1017.png                 | 0.7441      | 0.5925      | 0.6154      | 0.9407      |
| 1018.png                 | 0.8288      | 0.7077      | 1.0000      | 0.7077      |
| 1019.png                 | 0.9473      | 0.8999      | 0.9982      | 0.9013      |
| 102.png                  | 0.8934      | 0.8073      | 0.8718      | 0.9161      |
| 1020.png                 | 0.9310      | 0.8709      | 0.9837      | 0.8837      |
| 1021.png                 | 0.8929      | 0.8066      | 0.8770      | 0.9095      |
| 1022.png                 | 0.8596      | 0.7537      | 0.7589      | 0.9911      |
| 1023.png                 | 0.9111      | 0.8367      | 0.9797      | 0.8514      |
| 1024.png                 | 0.7894      | 0.6521      | 0.8619      | 0.7282      |
| 1025.png                 | 0.8848      | 0.7934      | 0.8380      | 0.9372      |
| 1026.png                 | 0.7068      | 0.5465      | 0.5665      | 0.9394      |
| 1027.png                 | 0.7160      | 0.5576      | 0.5749      | 0.9488      |
| 103.png                  | 0.8936      | 0.8077      | 0.9738      | 0.8256      |
| 1032.png                 | 0.4488      | 0.2893      | 0.3001      | 0.8898      |
| 1033.png                 | 0.4102      | 0.2580      | 0.2708      | 0.8454      |
| 1035.png                 | 0.9249      | 0.8603      | 0.9785      | 0.8769      |
| 1036.png                 | 0.9045      | 0.8257      | 0.9797      | 0.8401      |
| 1037.png                 | 0.9208      | 0.8532      | 0.9885      | 0.8617      |
| 1038.png                 | 0.9158      | 0.8446      | 0.9719      | 0.8657      |
| 1039.png                 | 0.9099      | 0.8347      | 0.9725      | 0.8550      |
| 1040.png                 | 0.8517      | 0.7416      | 0.9294      | 0.7859      |
| 1041.png                 | 0.8323      | 0.7128      | 0.9984      | 0.7136      |
| 1042.png                 | 0.7856      | 0.6469      | 0.9761      | 0.6573      |
| 1043.png                 | 0.8935      | 0.8074      | 0.9783      | 0.8222      |
| 1045.png                 | 0.8968      | 0.8128      | 0.9879      | 0.8210      |
| 1046.png                 | 0.6104      | 0.4392      | 0.5098      | 0.7603      |
| 1047.png                 | 0.8304      | 0.7100      | 0.9719      | 0.7248      |
| 1048.png                 | 0.9360      | 0.8796      | 0.9945      | 0.8840      |
| 1049.png                 | 0.9238      | 0.8584      | 0.9905      | 0.8655      |
| 105.png                  | 0.8532      | 0.7440      | 0.9987      | 0.7448      |
| 1050.png                 | 0.9099      | 0.8347      | 0.9842      | 0.8461      |
| 1051.png                 | 0.9197      | 0.8514      | 0.9975      | 0.8532      |
| 1052.png                 | 0.8818      | 0.7887      | 0.9925      | 0.7934      |
| 1053.png                 | 0.7634      | 0.6174      | 0.9125      | 0.6563      |
| 1054.png                 | 0.4916      | 0.3259      | 0.4309      | 0.5722      |
| 1055.png                 | 0.5658      | 0.3945      | 0.7262      | 0.4634      |
| 1056.png                 | 0.6130      | 0.4419      | 0.9833      | 0.4453      |
| 1057.png                 | 0.0249      | 0.0126      | 0.3485      | 0.0129      |
| 1058.png                 | 0.6532      | 0.4850      | 0.6041      | 0.7111      |
| 1061.png                 | 0.8189      | 0.6933      | 0.7976      | 0.8414      |
| 1062.png                 | 0.7160      | 0.5576      | 0.8064      | 0.6438      |
| 1063.png                 | 0.6987      | 0.5369      | 0.8952      | 0.5729      |
| 1066.png                 | 0.1051      | 0.0554      | 1.0000      | 0.0554      |
| 1070.png                 | 0.6729      | 0.5070      | 0.9932      | 0.5088      |
| 1071.png                 | 0.6558      | 0.4879      | 1.0000      | 0.4879      |
| 1072.png                 | 0.4811      | 0.3167      | 1.0000      | 0.3167      |
| 1075.png                 | 0.4104      | 0.2582      | 1.0000      | 0.2582      |
| 1076.png                 | 0.3367      | 0.2024      | 1.0000      | 0.2024      |
| 1087.png                 | 0.6783      | 0.5132      | 0.9695      | 0.5216      |
| 1089.png                 | 0.6727      | 0.5068      | 0.9943      | 0.5082      |
| 109.png                  | 0.8526      | 0.7431      | 0.9947      | 0.7461      |
| 1090.png                 | 0.7391      | 0.5861      | 0.9873      | 0.5906      |
| 1091.png                 | 0.6554      | 0.4875      | 0.9869      | 0.4906      |
| 1092.png                 | 0.8487      | 0.7372      | 0.9878      | 0.7440      |
| 1094.png                 | 0.4462      | 0.2871      | 1.0000      | 0.2871      |
| 1095.png                 | 0.6140      | 0.4430      | 1.0000      | 0.4430      |
| 1096.png                 | 0.6264      | 0.4561      | 0.9955      | 0.4570      |
| 1097.png                 | 0.7973      | 0.6629      | 0.9294      | 0.6981      |
| 1098.png                 | 0.6498      | 0.4812      | 0.7589      | 0.5681      |
| 1099.png                 | 0.4170      | 0.2634      | 0.2796      | 0.8203      |
| 11.png                   | 0.9406      | 0.8878      | 0.9980      | 0.8894      |
| 1100.png                 | 0.5648      | 0.3936      | 1.0000      | 0.3936      |
| 1101.png                 | 0.5871      | 0.4155      | 0.9918      | 0.4170      |
| 1102.png                 | 0.5429      | 0.3726      | 0.9959      | 0.3732      |
| 1103.png                 | 0.4795      | 0.3154      | 0.8504      | 0.3339      |
| 1104.png                 | 0.3606      | 0.2199      | 1.0000      | 0.2199      |
| 1105.png                 | 0.4527      | 0.2926      | 0.9952      | 0.2930      |
| 1106.png                 | 0.5310      | 0.3615      | 1.0000      | 0.3615      |
| 1107.png                 | 0.7055      | 0.5450      | 0.9978      | 0.5457      |
| 1108.png                 | 0.6870      | 0.5232      | 0.9088      | 0.5522      |
| 1110.png                 | 0.7164      | 0.5581      | 1.0000      | 0.5581      |
| 1111.png                 | 0.7421      | 0.5900      | 0.9946      | 0.5919      |
| 1114.png                 | 0.8242      | 0.7010      | 0.7396      | 0.9307      |
| 1118.png                 | 0.3375      | 0.2030      | 0.7221      | 0.2202      |
| 112.png                  | 0.8573      | 0.7503      | 0.9329      | 0.7931      |
| 1122.png                 | 0.9082      | 0.8318      | 0.9735      | 0.8511      |
| 1123.png                 | 0.8450      | 0.7316      | 0.9060      | 0.7916      |
| 1125.png                 | 0.7575      | 0.6097      | 0.6863      | 0.8451      |
| 1126.png                 | 0.9004      | 0.8189      | 0.8942      | 0.9068      |
| 1127.png                 | 0.7814      | 0.6412      | 0.6889      | 0.9025      |
| 1129.png                 | 0.7838      | 0.6445      | 0.9987      | 0.6450      |
| 113.png                  | 0.8962      | 0.8120      | 0.9938      | 0.8161      |
| 1130.png                 | 0.9249      | 0.8603      | 0.9878      | 0.8695      |
| 1131.png                 | 0.9176      | 0.8478      | 0.9950      | 0.8514      |
| 1132.png                 | 0.9380      | 0.8832      | 0.9762      | 0.9026      |
| 1133.png                 | 0.7563      | 0.6081      | 0.7887      | 0.7265      |
| 1134.png                 | 0.8308      | 0.7105      | 0.9846      | 0.7185      |
| 1135.png                 | 0.8844      | 0.7928      | 0.8757      | 0.8933      |
| 1136.png                 | 0.8599      | 0.7542      | 0.8083      | 0.9184      |
| 1137.png                 | 0.8672      | 0.7655      | 0.9774      | 0.7793      |
| 1138.png                 | 0.3431      | 0.2071      | 0.2684      | 0.4754      |
| 114.png                  | 0.9108      | 0.8363      | 0.9858      | 0.8465      |
| 1140.png                 | 0.7119      | 0.5527      | 0.8944      | 0.5913      |
| 1141.png                 | 0.7411      | 0.5888      | 0.8628      | 0.6495      |
| 1142.png                 | 0.7935      | 0.6577      | 0.8746      | 0.7261      |
| 1143.png                 | 0.6912      | 0.5281      | 0.9966      | 0.5291      |
| 1144.png                 | 0.8087      | 0.6789      | 0.8397      | 0.7800      |
| 1145.png                 | 0.8341      | 0.7154      | 0.8456      | 0.8229      |
| 1146.png                 | 0.8922      | 0.8053      | 0.9955      | 0.8083      |
| 1147.png                 | 0.8156      | 0.6886      | 0.9516      | 0.7136      |
| 1148.png                 | 0.3924      | 0.2441      | 0.9820      | 0.2452      |
| 1149.png                 | 0.4552      | 0.2947      | 0.9868      | 0.2958      |
| 115.png                  | 0.8966      | 0.8126      | 1.0000      | 0.8126      |
| 1151.png                 | 0.6812      | 0.5166      | 0.7306      | 0.6381      |
| 1152.png                 | 0.3898      | 0.2421      | 0.2752      | 0.6679      |
| 1154.png                 | 0.9130      | 0.8400      | 0.9452      | 0.8830      |
| 1155.png                 | 0.7942      | 0.6587      | 0.6903      | 0.9350      |
| 1156.png                 | 0.6645      | 0.4975      | 0.5239      | 0.9080      |
| 1157.png                 | 0.9068      | 0.8295      | 0.9709      | 0.8507      |
| 1158.png                 | 0.8621      | 0.7577      | 0.9979      | 0.7589      |
| 1159.png                 | 0.8797      | 0.7853      | 0.9958      | 0.7879      |
| 116.png                  | 0.8666      | 0.7645      | 0.9974      | 0.7661      |
| 1160.png                 | 0.8546      | 0.7462      | 0.8464      | 0.8630      |
| 1161.png                 | 0.8631      | 0.7592      | 0.9011      | 0.8282      |
| 1162.png                 | 0.8221      | 0.6980      | 0.9944      | 0.7008      |
| 1163.png                 | 0.9129      | 0.8397      | 0.9741      | 0.8589      |
| 1169.png                 | 0.9394      | 0.8857      | 0.9596      | 0.9200      |
| 117.png                  | 0.4695      | 0.3068      | 0.9655      | 0.3102      |
| 1170.png                 | 0.9575      | 0.9185      | 0.9695      | 0.9458      |
| 1171.png                 | 0.9335      | 0.8753      | 0.9853      | 0.8868      |
| 1172.png                 | 0.9406      | 0.8879      | 0.9863      | 0.8990      |
| 1173.png                 | 0.9502      | 0.9051      | 0.9960      | 0.9085      |
| 1174.png                 | 0.9496      | 0.9040      | 0.9921      | 0.9105      |
| 1175.png                 | 0.8309      | 0.7107      | 0.7846      | 0.8830      |
| 1176.png                 | 0.8172      | 0.6909      | 0.9766      | 0.7026      |
| 1177.png                 | 0.6640      | 0.4971      | 0.5449      | 0.8499      |
| 1178.png                 | 0.7399      | 0.5872      | 0.6334      | 0.8895      |
| 1179.png                 | 0.7624      | 0.6160      | 0.6694      | 0.8854      |
| 118.png                  | 0.8971      | 0.8134      | 0.9985      | 0.8144      |
| 1180.png                 | 0.6962      | 0.5340      | 0.5678      | 0.8998      |
| 1182.png                 | 0.5568      | 0.3858      | 0.4272      | 0.7993      |
| 1183.png                 | 0.9146      | 0.8427      | 0.9738      | 0.8622      |
| 1184.png                 | 0.8888      | 0.7999      | 0.8333      | 0.9523      |
| 1185.png                 | 0.8810      | 0.7873      | 0.8710      | 0.8912      |
| 1186.png                 | 0.9252      | 0.8607      | 0.9930      | 0.8660      |
| 1187.png                 | 0.8481      | 0.7362      | 0.8085      | 0.8917      |
| 1188.png                 | 0.6237      | 0.4532      | 0.5408      | 0.7366      |
| 1194.png                 | 0.7077      | 0.5477      | 0.6615      | 0.7609      |
| 1195.png                 | 0.6727      | 0.5068      | 0.6364      | 0.7134      |
| 1197.png                 | 0.5677      | 0.3964      | 0.4271      | 0.8464      |
| 12.png                   | 0.9594      | 0.9219      | 0.9874      | 0.9329      |
| 1202.png                 | 0.3536      | 0.2148      | 0.2621      | 0.5431      |
| 1205.png                 | 0.8259      | 0.7034      | 1.0000      | 0.7034      |
| 1219.png                 | 0.6333      | 0.4634      | 0.5214      | 0.8062      |
| 1220.png                 | 0.9205      | 0.8528      | 0.9611      | 0.8833      |
| 1221.png                 | 0.8192      | 0.6938      | 0.9479      | 0.7213      |
| 1222.png                 | 0.8011      | 0.6682      | 0.8967      | 0.7239      |
| 1223.png                 | 0.7714      | 0.6278      | 0.9355      | 0.6562      |
| 1224.png                 | 0.4860      | 0.3210      | 0.3735      | 0.6958      |
| 1225.png                 | 0.4334      | 0.2767      | 0.9426      | 0.2814      |
| 1226.png                 | 0.7393      | 0.5864      | 0.9763      | 0.5949      |
| 1227.png                 | 0.7591      | 0.6117      | 0.7818      | 0.7377      |
| 1228.png                 | 0.3585      | 0.2184      | 0.2430      | 0.6832      |
| 1230.png                 | 0.7283      | 0.5728      | 0.9172      | 0.6040      |
| 1236.png                 | 0.4145      | 0.2614      | 0.3007      | 0.6670      |
| 124.png                  | 0.8713      | 0.7719      | 0.9964      | 0.7740      |
| 1244.png                 | 0.9198      | 0.8515      | 0.9274      | 0.9123      |
| 1245.png                 | 0.8358      | 0.7179      | 0.7613      | 0.9265      |
| 1246.png                 | 0.9065      | 0.8290      | 0.8608      | 0.9573      |
| 1247.png                 | 0.8930      | 0.8067      | 0.8674      | 0.9202      |
| 1248.png                 | 0.9105      | 0.8358      | 0.8900      | 0.9320      |
| 1249.png                 | 0.9046      | 0.8258      | 0.8584      | 0.9560      |
| 1250.png                 | 0.9190      | 0.8502      | 0.8871      | 0.9533      |
| 1251.png                 | 0.6309      | 0.4608      | 0.4939      | 0.8730      |
| 1252.png                 | 0.6833      | 0.5190      | 0.5484      | 0.9063      |
| 1253.png                 | 0.7139      | 0.5551      | 0.6020      | 0.8769      |
| 1254.png                 | 0.6015      | 0.4301      | 0.4580      | 0.8759      |
| 1255.png                 | 0.4428      | 0.2844      | 0.3016      | 0.8326      |
| 1256.png                 | 0.5453      | 0.3749      | 0.4173      | 0.7867      |
| 1257.png                 | 0.5677      | 0.3964      | 0.4295      | 0.8370      |
| 1258.png                 | 0.6316      | 0.4616      | 0.5171      | 0.8113      |
| 1259.png                 | 0.5747      | 0.4033      | 0.4253      | 0.8861      |
| 1260.png                 | 0.6248      | 0.4543      | 0.4871      | 0.8707      |
| 1261.png                 | 0.8830      | 0.7905      | 0.9053      | 0.8617      |
| 1262.png                 | 0.8790      | 0.7840      | 0.8333      | 0.9299      |
| 1264.png                 | 0.8768      | 0.7807      | 0.9771      | 0.7953      |
| 1265.png                 | 0.4034      | 0.2526      | 0.2666      | 0.8287      |
| 1266.png                 | 0.6569      | 0.4891      | 0.9812      | 0.4937      |
| 1273.png                 | 0.5134      | 0.3453      | 0.3560      | 0.9201      |
| 1274.png                 | 0.7421      | 0.5899      | 0.6142      | 0.9372      |
| 1276.png                 | 0.9306      | 0.8701      | 0.9977      | 0.8719      |
| 1277.png                 | 0.9017      | 0.8209      | 0.9984      | 0.8220      |
| 1278.png                 | 0.9116      | 0.8376      | 0.9984      | 0.8388      |
| 1281.png                 | 0.3909      | 0.2429      | 0.9978      | 0.2431      |
| 1282.png                 | 0.4658      | 0.3037      | 0.8768      | 0.3172      |
| 1285.png                 | 0.7275      | 0.5718      | 0.6152      | 0.8901      |
| 1286.png                 | 0.7190      | 0.5613      | 0.5905      | 0.9191      |
| 1287.png                 | 0.6523      | 0.4840      | 0.9822      | 0.4882      |
| 1289.png                 | 0.4255      | 0.2702      | 0.2919      | 0.7842      |
| 1291.png                 | 0.7464      | 0.5954      | 0.6720      | 0.8394      |
| 1293.png                 | 0.8075      | 0.6772      | 0.7106      | 0.9351      |
| 1294.png                 | 0.8490      | 0.7375      | 0.9225      | 0.7862      |
| 1296.png                 | 0.6824      | 0.5179      | 0.7908      | 0.6001      |
| 1297.png                 | 0.6464      | 0.4776      | 0.8202      | 0.5334      |
| 1298.png                 | 0.6187      | 0.4479      | 0.7526      | 0.5253      |
| 1299.png                 | 0.5561      | 0.3852      | 1.0000      | 0.3852      |
| 13.png                   | 0.9594      | 0.9220      | 0.9968      | 0.9247      |
| 1300.png                 | 0.8676      | 0.7662      | 1.0000      | 0.7662      |
| 1302.png                 | 0.8668      | 0.7649      | 0.7901      | 0.9600      |
| 1303.png                 | 0.8730      | 0.7746      | 0.8534      | 0.8935      |
| 1304.png                 | 0.3824      | 0.2364      | 0.5445      | 0.2946      |
| 1305.png                 | 0.3863      | 0.2394      | 0.9249      | 0.2442      |
| 1307.png                 | 0.9024      | 0.8222      | 0.9240      | 0.8818      |
| 1308.png                 | 0.8894      | 0.8008      | 0.9640      | 0.8255      |
| 1309.png                 | 0.9021      | 0.8217      | 0.8695      | 0.9373      |
| 1310.png                 | 0.5483      | 0.3777      | 0.4014      | 0.8646      |
| 1311.png                 | 0.8521      | 0.7422      | 0.8214      | 0.8851      |
| 1312.png                 | 0.8735      | 0.7755      | 0.8623      | 0.8851      |
| 1313.png                 | 0.9160      | 0.8450      | 0.9802      | 0.8597      |
| 1314.png                 | 0.9150      | 0.8433      | 0.9635      | 0.8711      |
| 1315.png                 | 0.9059      | 0.8280      | 0.9933      | 0.8327      |
| 1317.png                 | 0.7172      | 0.5591      | 0.5985      | 0.8946      |
| 1318.png                 | 0.7904      | 0.6535      | 0.6990      | 0.9093      |
| 1319.png                 | 0.9145      | 0.8424      | 0.9103      | 0.9187      |
| 132.png                  | 0.8155      | 0.6885      | 0.9994      | 0.6888      |
| 1320.png                 | 0.8585      | 0.7521      | 0.8535      | 0.8636      |
| 1321.png                 | 0.7503      | 0.6004      | 1.0000      | 0.6004      |
| 1322.png                 | 0.7084      | 0.5484      | 1.0000      | 0.5484      |
| 1323.png                 | 0.8166      | 0.6900      | 0.7709      | 0.8679      |
| 1324.png                 | 0.8075      | 0.6771      | 1.0000      | 0.6771      |
| 1325.png                 | 0.7569      | 0.6089      | 0.9880      | 0.6134      |
| 1326.png                 | 0.8012      | 0.6684      | 0.8888      | 0.7294      |
| 1327.png                 | 0.9162      | 0.8453      | 0.9635      | 0.8732      |
| 1328.png                 | 0.9090      | 0.8331      | 0.9884      | 0.8413      |
| 1329.png                 | 0.7873      | 0.6492      | 0.9979      | 0.6501      |
| 133.png                  | 0.9116      | 0.8376      | 1.0000      | 0.8376      |
| 1330.png                 | 0.7879      | 0.6501      | 0.8342      | 0.7465      |
| 1333.png                 | 0.0539      | 0.0277      | 1.0000      | 0.0277      |
| 1334.png                 | 0.5067      | 0.3393      | 0.9983      | 0.3395      |
| 1335.png                 | 0.6379      | 0.4683      | 1.0000      | 0.4683      |
| 1337.png                 | 0.8730      | 0.7747      | 0.9850      | 0.7839      |
| 134.png                  | 0.9302      | 0.8696      | 0.9936      | 0.8745      |
| 1345.png                 | 0.8496      | 0.7385      | 0.9910      | 0.7435      |
| 1348.png                 | 0.7634      | 0.6174      | 0.6378      | 0.9507      |
| 1349.png                 | 0.7871      | 0.6490      | 0.9952      | 0.6510      |
| 1350.png                 | 0.8212      | 0.6967      | 0.9596      | 0.7177      |
| 1353.png                 | 0.7849      | 0.6459      | 0.6512      | 0.9875      |
| 1354.png                 | 0.9181      | 0.8487      | 0.8864      | 0.9522      |
| 1355.png                 | 0.8928      | 0.8064      | 0.8640      | 0.9237      |
| 1356.png                 | 0.9585      | 0.9203      | 0.9709      | 0.9464      |
| 1357.png                 | 0.9634      | 0.9294      | 0.9709      | 0.9560      |
| 1358.png                 | 0.9483      | 0.9016      | 0.9732      | 0.9246      |
| 1359.png                 | 0.9320      | 0.8726      | 0.9562      | 0.9089      |
| 1370.png                 | 0.8317      | 0.7119      | 0.7681      | 0.9068      |
| 1371.png                 | 0.8165      | 0.6899      | 0.7687      | 0.8706      |
| 1372.png                 | 0.9341      | 0.8763      | 0.9261      | 0.9422      |
| 1373.png                 | 0.9014      | 0.8205      | 0.9509      | 0.8568      |
| 1374.png                 | 0.8945      | 0.8091      | 0.8901      | 0.8989      |
| 1375.png                 | 0.0000      | 0.0000      | 0.0000      | 0.0000      |
| 1376.png                 | 0.8155      | 0.6884      | 0.7723      | 0.8638      |
| 1377.png                 | 0.7607      | 0.6138      | 0.9233      | 0.6468      |
| 1378.png                 | 0.7542      | 0.6054      | 0.7426      | 0.7661      |
| 1379.png                 | 0.8102      | 0.6809      | 0.8463      | 0.7770      |
| 1380.png                 | 0.4753      | 0.3117      | 0.3697      | 0.6651      |
| 1381.png                 | 0.8309      | 0.7107      | 0.7894      | 0.8770      |
| 1382.png                 | 0.6656      | 0.4988      | 0.9577      | 0.5101      |
| 1389.png                 | 0.7870      | 0.6487      | 0.8003      | 0.7741      |
| 139.png                  | 0.9300      | 0.8692      | 0.9980      | 0.8707      |
| 1390.png                 | 0.8774      | 0.7817      | 0.9930      | 0.7860      |
| 1397.png                 | 0.5715      | 0.4001      | 0.8869      | 0.4216      |
| 14.png                   | 0.9537      | 0.9115      | 0.9902      | 0.9198      |
| 140.png                  | 0.9211      | 0.8537      | 0.9934      | 0.8586      |
| 1405.png                 | 0.7796      | 0.6388      | 0.6892      | 0.8973      |
| 1406.png                 | 0.7675      | 0.6227      | 0.6827      | 0.8764      |
| 1407.png                 | 0.8441      | 0.7303      | 0.9094      | 0.7876      |
| 1409.png                 | 0.8910      | 0.8035      | 0.9279      | 0.8569      |
| 1410.png                 | 0.8807      | 0.7869      | 0.9035      | 0.8591      |
| 1411.png                 | 0.8978      | 0.8146      | 0.9266      | 0.8708      |
| 1412.png                 | 0.7434      | 0.5916      | 1.0000      | 0.5916      |
| 1414.png                 | 0.8328      | 0.7135      | 0.7794      | 0.8941      |
| 1415.png                 | 0.8662      | 0.7639      | 0.9370      | 0.8053      |
| 1416.png                 | 0.8752      | 0.7781      | 0.8992      | 0.8525      |
| 1417.png                 | 0.8427      | 0.7281      | 0.9346      | 0.7672      |
| 1418.png                 | 0.9026      | 0.8224      | 0.9866      | 0.8317      |
| 1419.png                 | 0.8760      | 0.7794      | 0.9472      | 0.8148      |
| 142.png                  | 0.8509      | 0.7405      | 1.0000      | 0.7405      |
| 1420.png                 | 0.8000      | 0.6667      | 0.9847      | 0.6737      |
| 1422.png                 | 0.7725      | 0.6293      | 0.6907      | 0.8763      |
| 1424.png                 | 0.7962      | 0.6615      | 0.7228      | 0.8863      |
| 1426.png                 | 0.9217      | 0.8547      | 0.9514      | 0.8937      |
| 1427.png                 | 0.8678      | 0.7665      | 0.9917      | 0.7715      |
| 1428.png                 | 0.8983      | 0.8153      | 0.9967      | 0.8175      |
| 1429.png                 | 0.9219      | 0.8551      | 0.9564      | 0.8898      |
| 143.png                  | 0.8935      | 0.8075      | 1.0000      | 0.8075      |
| 1432.png                 | 0.8474      | 0.7352      | 0.8999      | 0.8006      |
| 1433.png                 | 0.9030      | 0.8232      | 0.9518      | 0.8590      |
| 1435.png                 | 0.5614      | 0.3902      | 0.3949      | 0.9704      |
| 1436.png                 | 0.8671      | 0.7654      | 0.7988      | 0.9482      |
| 1437.png                 | 0.8712      | 0.7718      | 0.8034      | 0.9514      |
| 1438.png                 | 0.9162      | 0.8453      | 0.9634      | 0.8734      |
| 1439.png                 | 0.8939      | 0.8082      | 0.9954      | 0.8112      |
| 1442.png                 | 0.8626      | 0.7584      | 0.8414      | 0.8848      |
| 1443.png                 | 0.8850      | 0.7938      | 0.8972      | 0.8732      |
| 1444.png                 | 0.9219      | 0.8551      | 0.9416      | 0.9030      |
| 1445.png                 | 0.9552      | 0.9142      | 0.9951      | 0.9184      |
| 1446.png                 | 0.9335      | 0.8754      | 0.9738      | 0.8965      |
| 1450.png                 | 0.9215      | 0.8544      | 0.8777      | 0.9698      |
| 1451.png                 | 0.8291      | 0.7081      | 0.7287      | 0.9616      |
| 1452.png                 | 0.8473      | 0.7350      | 0.7940      | 0.9082      |
| 1453.png                 | 0.8926      | 0.8060      | 0.9517      | 0.8404      |
| 1454.png                 | 0.8717      | 0.7726      | 1.0000      | 0.7726      |
| 1455.png                 | 0.6626      | 0.4955      | 0.9899      | 0.4980      |
| 1456.png                 | 0.7756      | 0.6334      | 0.7906      | 0.7611      |
| 1457.png                 | 0.9180      | 0.8484      | 0.9586      | 0.8806      |
| 1458.png                 | 0.9147      | 0.8428      | 0.8953      | 0.9350      |
| 1460.png                 | 0.4529      | 0.2928      | 0.3589      | 0.6137      |
| 1461.png                 | 0.3720      | 0.2285      | 0.2460      | 0.7622      |
| 1462.png                 | 0.8635      | 0.7599      | 0.7735      | 0.9772      |
| 1469.png                 | 0.8630      | 0.7590      | 0.9650      | 0.7805      |
| 147.png                  | 0.3559      | 0.2164      | 0.2167      | 0.9954      |
| 1470.png                 | 0.8554      | 0.7473      | 0.9147      | 0.8032      |
| 1472.png                 | 0.7831      | 0.6435      | 0.7778      | 0.7885      |
| 1473.png                 | 0.7066      | 0.5463      | 0.6026      | 0.8540      |
| 1474.png                 | 0.8496      | 0.7385      | 0.8067      | 0.8972      |
| 1476.png                 | 0.8753      | 0.7783      | 0.8393      | 0.9146      |
| 1477.png                 | 0.8515      | 0.7414      | 0.8030      | 0.9062      |
| 1478.png                 | 0.8691      | 0.7686      | 0.8139      | 0.9324      |
| 1479.png                 | 0.8160      | 0.6892      | 0.9466      | 0.7170      |
| 1480.png                 | 0.5084      | 0.3409      | 0.9086      | 0.3530      |
| 1481.png                 | 0.8807      | 0.7868      | 0.9547      | 0.8173      |
| 1482.png                 | 0.7550      | 0.6065      | 0.9495      | 0.6267      |
| 1484.png                 | 0.8838      | 0.7917      | 0.8473      | 0.9235      |
| 1485.png                 | 0.8734      | 0.7752      | 0.9372      | 0.8177      |
| 1486.png                 | 0.8121      | 0.6836      | 0.9062      | 0.7357      |
| 1487.png                 | 0.6810      | 0.5163      | 0.9675      | 0.5254      |
| 1488.png                 | 0.6816      | 0.5170      | 0.8931      | 0.5511      |
| 1490.png                 | 0.7105      | 0.5510      | 0.7794      | 0.6527      |
| 1491.png                 | 0.8249      | 0.7020      | 0.7765      | 0.8797      |
| 1492.png                 | 0.8579      | 0.7512      | 0.8244      | 0.8943      |
| 1496.png                 | 0.8228      | 0.6990      | 0.8624      | 0.7868      |
| 1498.png                 | 0.4438      | 0.2852      | 0.9601      | 0.2886      |
| 1499.png                 | 0.8473      | 0.7351      | 0.8349      | 0.8602      |
| 15.png                   | 0.8941      | 0.8085      | 0.9738      | 0.8265      |
| 1500.png                 | 0.9500      | 0.9048      | 0.9611      | 0.9391      |
| 1501.png                 | 0.9207      | 0.8531      | 0.9067      | 0.9353      |
| 1503.png                 | 0.9264      | 0.8629      | 0.9049      | 0.9489      |
| 1506.png                 | 0.5577      | 0.3867      | 0.4038      | 0.9014      |
| 1507.png                 | 0.9165      | 0.8458      | 0.9469      | 0.8880      |
| 1508.png                 | 0.9053      | 0.8270      | 0.8814      | 0.9305      |
| 1509.png                 | 0.9361      | 0.8799      | 0.9675      | 0.9067      |
| 1510.png                 | 0.0683      | 0.0353      | 1.0000      | 0.0353      |
| 1511.png                 | 0.7501      | 0.6002      | 0.9190      | 0.6337      |
| 1512.png                 | 0.8803      | 0.7862      | 0.9147      | 0.8484      |
| 1513.png                 | 0.8888      | 0.7999      | 0.9580      | 0.8290      |
| 1514.png                 | 0.3916      | 0.2435      | 0.9641      | 0.2457      |
| 1516.png                 | 0.8998      | 0.8178      | 0.9652      | 0.8426      |
| 1517.png                 | 0.9350      | 0.8779      | 0.9709      | 0.9017      |
| 1518.png                 | 0.9267      | 0.8635      | 0.9647      | 0.8916      |
| 1519.png                 | 0.9081      | 0.8316      | 0.8682      | 0.9518      |
| 1520.png                 | 0.8358      | 0.7179      | 0.9986      | 0.7187      |
| 1523.png                 | 0.4910      | 0.3254      | 0.9277      | 0.3339      |
| 1525.png                 | 0.1088      | 0.0575      | 1.0000      | 0.0575      |
| 1527.png                 | 0.6196      | 0.4488      | 0.8522      | 0.4867      |
| 1533.png                 | 0.7844      | 0.6452      | 0.9448      | 0.6705      |
| 1534.png                 | 0.8923      | 0.8055      | 0.9020      | 0.8827      |
| 1535.png                 | 0.9073      | 0.8302      | 0.9882      | 0.8385      |
| 1536.png                 | 0.8827      | 0.7900      | 0.9365      | 0.8347      |
| 1538.png                 | 0.4314      | 0.2750      | 0.9939      | 0.2755      |
| 1539.png                 | 0.9472      | 0.8996      | 0.9495      | 0.9448      |
| 154.png                  | 0.9398      | 0.8864      | 0.9577      | 0.9225      |
| 1540.png                 | 0.9637      | 0.9300      | 0.9664      | 0.9610      |
| 1541.png                 | 0.9664      | 0.9349      | 0.9521      | 0.9810      |
| 1542.png                 | 0.9457      | 0.8970      | 0.9392      | 0.9523      |
| 1543.png                 | 0.9309      | 0.8707      | 0.9931      | 0.8761      |
| 1545.png                 | 0.5268      | 0.3576      | 0.3626      | 0.9628      |
| 1546.png                 | 0.6488      | 0.4801      | 0.4829      | 0.9882      |
| 1547.png                 | 0.4664      | 0.3041      | 0.3055      | 0.9853      |
| 1548.png                 | 0.8893      | 0.8007      | 0.8108      | 0.9847      |
| 1549.png                 | 0.9448      | 0.8953      | 0.9242      | 0.9663      |
| 155.png                  | 0.9251      | 0.8607      | 0.9197      | 0.9307      |
| 1550.png                 | 0.9314      | 0.8717      | 0.9012      | 0.9637      |
| 1551.png                 | 0.6670      | 0.5004      | 0.5128      | 0.9537      |
| 1553.png                 | 0.8306      | 0.7103      | 0.9290      | 0.7511      |
| 1554.png                 | 0.9025      | 0.8223      | 0.8879      | 0.9176      |
| 1555.png                 | 0.8722      | 0.7734      | 0.7897      | 0.9740      |
| 1556.png                 | 0.8004      | 0.6672      | 0.7356      | 0.8777      |
| 1557.png                 | 0.7903      | 0.6533      | 0.9134      | 0.6964      |
| 1558.png                 | 0.8691      | 0.7685      | 0.8460      | 0.8935      |
| 1559.png                 | 0.9085      | 0.8323      | 0.9230      | 0.8944      |
| 1560.png                 | 0.8987      | 0.8160      | 0.9324      | 0.8673      |
| 1561.png                 | 0.9163      | 0.8455      | 0.9267      | 0.9061      |
| 1562.png                 | 0.8266      | 0.7045      | 0.9178      | 0.7519      |
| 1563.png                 | 0.4644      | 0.3024      | 1.0000      | 0.3024      |
| 1564.png                 | 0.7243      | 0.5678      | 0.9611      | 0.5812      |
| 1565.png                 | 0.7453      | 0.5939      | 0.8162      | 0.6857      |
| 1566.png                 | 0.6394      | 0.4699      | 0.5615      | 0.7424      |
| 1567.png                 | 0.7846      | 0.6455      | 0.8299      | 0.7439      |
| 1568.png                 | 0.8596      | 0.7538      | 0.9275      | 0.8010      |
| 157.png                  | 0.8995      | 0.8173      | 0.8388      | 0.9695      |
| 1571.png                 | 0.7878      | 0.6499      | 0.9295      | 0.6836      |
| 1572.png                 | 0.5842      | 0.4127      | 0.4442      | 0.8532      |
| 1577.png                 | 0.9118      | 0.8379      | 0.8631      | 0.9664      |
| 1578.png                 | 0.9089      | 0.8331      | 0.9535      | 0.8684      |
| 1579.png                 | 0.9237      | 0.8583      | 0.9726      | 0.8796      |
| 158.png                  | 0.8629      | 0.7588      | 0.7756      | 0.9723      |
| 1580.png                 | 0.5133      | 0.3453      | 0.9932      | 0.3461      |
| 1590.png                 | 0.8339      | 0.7152      | 0.7856      | 0.8886      |
| 1591.png                 | 0.7932      | 0.6572      | 0.8517      | 0.7421      |
| 1592.png                 | 0.7483      | 0.5978      | 0.6207      | 0.9418      |
| 1593.png                 | 0.7859      | 0.6473      | 0.6895      | 0.9136      |
| 1594.png                 | 0.8211      | 0.6964      | 0.9512      | 0.7222      |
| 1595.png                 | 0.7739      | 0.6312      | 0.7010      | 0.8638      |
| 1596.png                 | 0.7356      | 0.5818      | 0.9949      | 0.5835      |
| 1597.png                 | 0.7018      | 0.5405      | 0.9974      | 0.5413      |
| 1598.png                 | 0.6458      | 0.4769      | 0.9646      | 0.4854      |
| 16.png                   | 0.7376      | 0.5843      | 0.7355      | 0.7398      |
| 160.png                  | 0.8819      | 0.7887      | 1.0000      | 0.7887      |
| 1600.png                 | 0.8269      | 0.7049      | 0.9732      | 0.7189      |
| 1601.png                 | 0.9036      | 0.8241      | 0.9077      | 0.8994      |
| 1602.png                 | 0.8991      | 0.8168      | 0.9816      | 0.8294      |
| 1603.png                 | 0.8846      | 0.7930      | 0.9799      | 0.8061      |
| 1604.png                 | 0.7723      | 0.6291      | 1.0000      | 0.6291      |
| 1605.png                 | 0.4372      | 0.2798      | 0.5307      | 0.3717      |
| 1606.png                 | 0.4898      | 0.3243      | 0.7559      | 0.3623      |
| 1608.png                 | 0.7920      | 0.6557      | 0.9749      | 0.6670      |
| 1609.png                 | 0.8459      | 0.7330      | 0.8748      | 0.8189      |
| 161.png                  | 0.9273      | 0.8645      | 0.9863      | 0.8750      |
| 1610.png                 | 0.7097      | 0.5500      | 0.5637      | 0.9577      |
| 1611.png                 | 0.7063      | 0.5459      | 0.8742      | 0.5925      |
| 1612.png                 | 0.7420      | 0.5898      | 0.9879      | 0.5941      |
| 1613.png                 | 0.8103      | 0.6811      | 0.7567      | 0.8720      |
| 1614.png                 | 0.8592      | 0.7532      | 0.9708      | 0.7707      |
| 1617.png                 | 0.8867      | 0.7964      | 0.9562      | 0.8266      |
| 1618.png                 | 0.8686      | 0.7677      | 0.8612      | 0.8762      |
| 1619.png                 | 0.8793      | 0.7846      | 0.8634      | 0.8957      |
| 162.png                  | 0.9098      | 0.8344      | 0.9978      | 0.8360      |
| 1620.png                 | 0.7812      | 0.6409      | 0.7954      | 0.7675      |
| 1622.png                 | 0.8332      | 0.7141      | 0.9265      | 0.7570      |
| 1625.png                 | 0.8106      | 0.6815      | 0.9521      | 0.7057      |
| 1626.png                 | 0.8596      | 0.7537      | 0.9810      | 0.7649      |
| 1628.png                 | 0.6073      | 0.4360      | 0.8616      | 0.4689      |
| 1629.png                 | 0.9091      | 0.8333      | 0.9573      | 0.8654      |
| 1630.png                 | 0.9042      | 0.8252      | 0.9398      | 0.8713      |
| 1631.png                 | 0.9384      | 0.8840      | 0.9728      | 0.9064      |
| 1632.png                 | 0.7051      | 0.5446      | 0.9446      | 0.5625      |
| 1635.png                 | 0.9020      | 0.8215      | 0.9751      | 0.8391      |
| 1636.png                 | 0.9516      | 0.9077      | 0.9791      | 0.9256      |
| 1637.png                 | 0.9375      | 0.8824      | 0.9765      | 0.9015      |
| 1638.png                 | 0.9216      | 0.8546      | 0.9298      | 0.9136      |
| 1639.png                 | 0.9232      | 0.8573      | 0.9711      | 0.8797      |
| 164.png                  | 0.9296      | 0.8684      | 0.9527      | 0.9075      |
| 165.png                  | 0.8493      | 0.7380      | 0.8099      | 0.8927      |
| 1656.png                 | 0.3917      | 0.2435      | 0.2575      | 0.8182      |
| 1657.png                 | 0.8655      | 0.7629      | 0.9404      | 0.8016      |
| 166.png                  | 0.9402      | 0.8872      | 0.9790      | 0.9044      |
| 1665.png                 | 0.6252      | 0.4548      | 0.9306      | 0.4707      |
| 1666.png                 | 0.7033      | 0.5423      | 0.6189      | 0.8143      |
| 1667.png                 | 0.7376      | 0.5843      | 0.9562      | 0.6003      |
| 1668.png                 | 0.7368      | 0.5832      | 0.9755      | 0.5919      |
| 1669.png                 | 0.5636      | 0.3924      | 0.6953      | 0.4739      |
| 167.png                  | 0.9198      | 0.8515      | 0.9955      | 0.8548      |
| 1670.png                 | 0.3670      | 0.2247      | 0.9323      | 0.2285      |
| 1671.png                 | 0.5417      | 0.3715      | 0.8536      | 0.3968      |
| 1672.png                 | 0.6948      | 0.5323      | 0.9279      | 0.5553      |
| 1677.png                 | 0.6884      | 0.5248      | 0.9890      | 0.5279      |
| 1679.png                 | 0.7703      | 0.6264      | 0.6584      | 0.9280      |
| 168.png                  | 0.8476      | 0.7355      | 0.9861      | 0.7432      |
| 1681.png                 | 0.8908      | 0.8032      | 0.8692      | 0.9136      |
| 1685.png                 | 0.4379      | 0.2804      | 0.3380      | 0.6217      |
| 1689.png                 | 0.5186      | 0.3501      | 0.3724      | 0.8540      |
| 1691.png                 | 0.8649      | 0.7620      | 0.9314      | 0.8073      |
| 1692.png                 | 0.4002      | 0.2501      | 0.2601      | 0.8670      |
| 1693.png                 | 0.5049      | 0.3377      | 0.3454      | 0.9381      |
| 1694.png                 | 0.5909      | 0.4193      | 0.4337      | 0.9265      |
| 1697.png                 | 0.5209      | 0.3522      | 0.3646      | 0.9117      |
| 1699.png                 | 0.9055      | 0.8273      | 0.9327      | 0.8798      |
| 17.png                   | 0.7407      | 0.5882      | 0.9856      | 0.5932      |
| 1700.png                 | 0.8368      | 0.7194      | 0.7813      | 0.9009      |
| 1701.png                 | 0.8932      | 0.8070      | 0.9136      | 0.8738      |
| 1702.png                 | 0.8767      | 0.7804      | 0.8818      | 0.8716      |
| 1705.png                 | 0.8786      | 0.7835      | 0.9695      | 0.8032      |
| 1706.png                 | 0.8931      | 0.8069      | 0.9363      | 0.8537      |
| 1707.png                 | 0.7858      | 0.6472      | 0.6940      | 0.9056      |
| 1708.png                 | 0.6361      | 0.4664      | 0.5150      | 0.8316      |
| 1713.png                 | 0.3971      | 0.2478      | 0.9933      | 0.2482      |
| 1715.png                 | 0.9059      | 0.8280      | 0.9342      | 0.8793      |
| 172.png                  | 0.9536      | 0.9114      | 0.9676      | 0.9401      |
| 1722.png                 | 0.8822      | 0.7892      | 0.8735      | 0.8911      |
| 1723.png                 | 0.8479      | 0.7360      | 0.9463      | 0.7681      |
| 1724.png                 | 0.4656      | 0.3035      | 1.0000      | 0.3035      |
| 1726.png                 | 0.9072      | 0.8301      | 0.9165      | 0.8980      |
| 1727.png                 | 0.9677      | 0.9373      | 0.9764      | 0.9590      |
| 1728.png                 | 0.9533      | 0.9107      | 0.9654      | 0.9415      |
| 1729.png                 | 0.8473      | 0.7351      | 0.7642      | 0.9507      |
| 173.png                  | 0.9458      | 0.8972      | 0.9606      | 0.9315      |
| 1730.png                 | 0.9467      | 0.8987      | 0.9318      | 0.9620      |
| 1731.png                 | 0.9486      | 0.9021      | 0.9465      | 0.9506      |
| 1732.png                 | 0.8843      | 0.7925      | 0.8048      | 0.9812      |
| 1733.png                 | 0.8986      | 0.8158      | 0.9691      | 0.8376      |
| 1741.png                 | 0.6549      | 0.4869      | 0.6933      | 0.6206      |
| 1743.png                 | 0.5269      | 0.3577      | 0.3646      | 0.9497      |
| 1745.png                 | 0.6789      | 0.5139      | 0.5287      | 0.9485      |
| 1746.png                 | 0.7075      | 0.5474      | 0.5809      | 0.9045      |
| 1747.png                 | 0.5036      | 0.3366      | 0.4767      | 0.5337      |
| 1748.png                 | 0.8132      | 0.6853      | 0.7599      | 0.8746      |
| 1749.png                 | 0.8568      | 0.7494      | 0.8323      | 0.8827      |
| 175.png                  | 0.8981      | 0.8150      | 0.9781      | 0.8301      |
| 1750.png                 | 0.9096      | 0.8342      | 0.9576      | 0.8662      |
| 1751.png                 | 0.8865      | 0.7961      | 0.9890      | 0.8032      |
| 1752.png                 | 0.8105      | 0.6814      | 0.9572      | 0.7029      |
| 1753.png                 | 0.8366      | 0.7190      | 0.9855      | 0.7267      |
| 1759.png                 | 0.3099      | 0.1834      | 0.1900      | 0.8404      |
| 176.png                  | 0.9037      | 0.8243      | 0.9982      | 0.8255      |
| 1760.png                 | 0.7911      | 0.6544      | 0.7890      | 0.7931      |
| 1761.png                 | 0.0037      | 0.0019      | 0.0034      | 0.0041      |
| 1762.png                 | 0.5183      | 0.3498      | 0.3700      | 0.8649      |
| 1764.png                 | 0.7250      | 0.5686      | 0.5869      | 0.9480      |
| 1766.png                 | 0.6439      | 0.4748      | 0.5139      | 0.8619      |
| 1767.png                 | 0.0000      | 0.0000      | 0.0000      | 0.0000      |
| 177.png                  | 0.9168      | 0.8463      | 0.9995      | 0.8467      |
| 1771.png                 | 0.9238      | 0.8584      | 0.9273      | 0.9203      |
| 178.png                  | 0.9043      | 0.8253      | 0.9986      | 0.8263      |
| 1781.png                 | 0.7828      | 0.6432      | 0.7566      | 0.8110      |
| 1782.png                 | 0.5248      | 0.3558      | 0.3938      | 0.7864      |
| 1786.png                 | 0.8344      | 0.7158      | 0.9706      | 0.7317      |
| 1787.png                 | 0.8356      | 0.7177      | 0.9918      | 0.7220      |
| 1788.png                 | 0.8763      | 0.7798      | 0.9844      | 0.7896      |
| 1789.png                 | 0.7198      | 0.5622      | 0.9459      | 0.5809      |
| 1790.png                 | 0.8190      | 0.6935      | 1.0000      | 0.6935      |
| 1791.png                 | 0.8485      | 0.7368      | 1.0000      | 0.7368      |
| 1793.png                 | 0.3341      | 0.2006      | 1.0000      | 0.2006      |
| 1795.png                 | 0.5268      | 0.3576      | 0.8916      | 0.3738      |
| 1796.png                 | 0.8989      | 0.8164      | 0.9237      | 0.8754      |
| 1797.png                 | 0.9339      | 0.8760      | 0.9179      | 0.9505      |
| 1798.png                 | 0.9187      | 0.8497      | 0.9279      | 0.9097      |
| 1799.png                 | 0.6148      | 0.4439      | 0.8744      | 0.4741      |
| 18.png                   | 0.8211      | 0.6964      | 1.0000      | 0.6964      |
| 180.png                  | 0.9182      | 0.8487      | 1.0000      | 0.8487      |
| 1800.png                 | 0.6751      | 0.5096      | 0.9981      | 0.5101      |
| 1801.png                 | 0.4475      | 0.2883      | 0.3423      | 0.6462      |
| 1802.png                 | 0.7390      | 0.5861      | 0.8417      | 0.6587      |
| 1805.png                 | 0.7788      | 0.6377      | 0.8857      | 0.6949      |
| 1808.png                 | 0.8540      | 0.7452      | 0.8008      | 0.9148      |
| 181.png                  | 0.9446      | 0.8950      | 0.9991      | 0.8958      |
| 182.png                  | 0.9151      | 0.8434      | 0.9985      | 0.8445      |
| 1820.png                 | 0.8648      | 0.7619      | 0.8688      | 0.8609      |
| 1822.png                 | 0.5976      | 0.4261      | 0.4446      | 0.9110      |
| 1825.png                 | 0.9391      | 0.8852      | 0.9127      | 0.9670      |
| 1826.png                 | 0.7951      | 0.6599      | 0.9615      | 0.6778      |
| 1827.png                 | 0.9106      | 0.8359      | 0.9932      | 0.8407      |
| 1828.png                 | 0.8294      | 0.7086      | 0.7783      | 0.8878      |
| 1829.png                 | 0.2328      | 0.1318      | 0.9624      | 0.1324      |
| 183.png                  | 0.9059      | 0.8279      | 0.9813      | 0.8412      |
| 1830.png                 | 0.8774      | 0.7816      | 0.8978      | 0.8580      |
| 1831.png                 | 0.7895      | 0.6522      | 0.7066      | 0.8943      |
| 1832.png                 | 0.9100      | 0.8349      | 0.9330      | 0.8882      |
| 1833.png                 | 0.8932      | 0.8071      | 0.9468      | 0.8454      |
| 1834.png                 | 0.7570      | 0.6090      | 0.6762      | 0.8597      |
| 1835.png                 | 0.5486      | 0.3780      | 0.3975      | 0.8849      |
| 1836.png                 | 0.9393      | 0.8856      | 0.9281      | 0.9508      |
| 1837.png                 | 0.9407      | 0.8880      | 0.9792      | 0.9051      |
| 1838.png                 | 0.9539      | 0.9118      | 0.9724      | 0.9360      |
| 1839.png                 | 0.9476      | 0.9003      | 0.9643      | 0.9314      |
| 184.png                  | 0.5018      | 0.3349      | 0.3723      | 0.7691      |
| 1840.png                 | 0.8108      | 0.6818      | 0.7891      | 0.8337      |
| 185.png                  | 0.7197      | 0.5622      | 0.6496      | 0.8069      |
| 1896.png                 | 0.5286      | 0.3592      | 1.0000      | 0.3592      |
| 1897.png                 | 0.0000      | 0.0000      | 0.0000      | 0.0000      |
| 19.png                   | 0.6769      | 0.5116      | 0.9981      | 0.5121      |
| 192.png                  | 0.9114      | 0.8373      | 0.8868      | 0.9375      |
| 193.png                  | 0.9117      | 0.8378      | 0.8573      | 0.9736      |
| 194.png                  | 0.9757      | 0.9526      | 0.9675      | 0.9841      |
| 195.png                  | 0.9617      | 0.9262      | 0.9870      | 0.9376      |
| 1950.png                 | 0.8618      | 0.7571      | 0.8638      | 0.8598      |
| 1956.png                 | 0.3940      | 0.2453      | 1.0000      | 0.2453      |
| 1957.png                 | 0.5179      | 0.3494      | 1.0000      | 0.3494      |
| 1958.png                 | 0.7456      | 0.5944      | 0.9976      | 0.5952      |
| 196.png                  | 0.9533      | 0.9108      | 0.9682      | 0.9389      |
| 1967.png                 | 0.6147      | 0.4437      | 0.9986      | 0.4440      |
| 2.png                    | 0.8866      | 0.7962      | 0.9648      | 0.8200      |
| 20.png                   | 0.8411      | 0.7258      | 0.9899      | 0.7312      |
| 201.png                  | 0.9133      | 0.8405      | 0.8649      | 0.9675      |
| 202.png                  | 0.9257      | 0.8617      | 0.8850      | 0.9704      |
| 21.png                   | 0.9552      | 0.9142      | 0.9869      | 0.9254      |
| 2102.png                 | 0.3727      | 0.2290      | 1.0000      | 0.2290      |
| 211.png                  | 0.8141      | 0.6864      | 0.9935      | 0.6895      |
| 212.png                  | 0.8528      | 0.7434      | 0.9988      | 0.7441      |
| 213.png                  | 0.9035      | 0.8239      | 0.9614      | 0.8521      |
| 214.png                  | 0.8570      | 0.7497      | 0.9401      | 0.7874      |
| 215.png                  | 0.7484      | 0.5980      | 0.8465      | 0.6708      |
| 216.png                  | 0.5502      | 0.3795      | 0.9919      | 0.3807      |
| 217.png                  | 0.4531      | 0.2929      | 0.9829      | 0.2944      |
| 218.png                  | 0.7760      | 0.6340      | 0.8002      | 0.7532      |
| 2188.png                 | 0.3436      | 0.2074      | 1.0000      | 0.2074      |
| 219.png                  | 0.7299      | 0.5747      | 0.6690      | 0.8030      |
| 2190.png                 | 0.8078      | 0.6776      | 0.9987      | 0.6782      |
| 2192.png                 | 0.9099      | 0.8347      | 0.9902      | 0.8417      |
| 2199.png                 | 0.9042      | 0.8252      | 0.9866      | 0.8345      |
| 22.png                   | 0.9443      | 0.8945      | 0.9682      | 0.9216      |
| 220.png                  | 0.5712      | 0.3998      | 0.4507      | 0.7798      |
| 2200.png                 | 0.7945      | 0.6590      | 0.9882      | 0.6643      |
| 221.png                  | 0.8134      | 0.6855      | 1.0000      | 0.6855      |
| 222.png                  | 0.9160      | 0.8451      | 0.9991      | 0.8457      |
| 223.png                  | 0.9466      | 0.8987      | 0.9997      | 0.8989      |
| 224.png                  | 0.9006      | 0.8192      | 1.0000      | 0.8192      |
| 2244.png                 | 0.7416      | 0.5893      | 0.9973      | 0.5903      |
| 225.png                  | 0.9134      | 0.8406      | 0.9986      | 0.8417      |
| 2257.png                 | 0.4364      | 0.2791      | 0.9950      | 0.2795      |
| 2259.png                 | 0.2449      | 0.1396      | 1.0000      | 0.1396      |
| 226.png                  | 0.8621      | 0.7576      | 0.9997      | 0.7578      |
| 227.png                  | 0.7645      | 0.6187      | 0.8324      | 0.7068      |
| 228.png                  | 0.7222      | 0.5652      | 1.0000      | 0.5652      |
| 229.png                  | 0.7639      | 0.6180      | 0.9982      | 0.6187      |
| 23.png                   | 0.9524      | 0.9091      | 0.9930      | 0.9149      |
| 230.png                  | 0.7298      | 0.5746      | 0.9977      | 0.5753      |
| 2307.png                 | 0.8280      | 0.7065      | 0.9828      | 0.7153      |
| 2308.png                 | 0.5513      | 0.3806      | 0.4595      | 0.6891      |
| 2312.png                 | 0.5073      | 0.3398      | 1.0000      | 0.3398      |
| 2313.png                 | 0.6071      | 0.4358      | 1.0000      | 0.4358      |
| 2314.png                 | 0.6755      | 0.5100      | 1.0000      | 0.5100      |
| 2315.png                 | 0.7829      | 0.6433      | 1.0000      | 0.6433      |
| 2316.png                 | 0.5228      | 0.3539      | 1.0000      | 0.3539      |
| 2318.png                 | 0.4754      | 0.3118      | 0.9343      | 0.3188      |
| 233.png                  | 0.9448      | 0.8953      | 0.9778      | 0.9139      |
| 234.png                  | 0.9537      | 0.9116      | 0.9932      | 0.9173      |
| 235.png                  | 0.9482      | 0.9016      | 0.9892      | 0.9105      |
| 236.png                  | 0.5955      | 0.4240      | 0.9825      | 0.4273      |
| 237.png                  | 0.7259      | 0.5698      | 0.9992      | 0.5701      |
| 2371.png                 | 0.3654      | 0.2236      | 0.2236      | 1.0000      |
| 2379.png                 | 0.3492      | 0.2115      | 0.2294      | 0.7310      |
| 238.png                  | 0.7519      | 0.6024      | 0.9936      | 0.6048      |
| 2381.png                 | 0.2670      | 0.1541      | 0.1700      | 0.6215      |
| 239.png                  | 0.8471      | 0.7348      | 0.9702      | 0.7517      |
| 24.png                   | 0.5025      | 0.3356      | 0.7437      | 0.3795      |
| 2411.png                 | 0.5018      | 0.3349      | 1.0000      | 0.3349      |
| 2412.png                 | 0.5847      | 0.4132      | 1.0000      | 0.4132      |
| 242.png                  | 0.8528      | 0.7433      | 0.7955      | 0.9188      |
| 2427.png                 | 0.0948      | 0.0498      | 0.0498      | 1.0000      |
| 2428.png                 | 0.5751      | 0.4036      | 1.0000      | 0.4036      |
| 243.png                  | 0.9441      | 0.8941      | 0.9891      | 0.9030      |
| 2431.png                 | 0.3897      | 0.2420      | 0.9992      | 0.2420      |
| 2432.png                 | 0.3106      | 0.1838      | 1.0000      | 0.1838      |
| 2438.png                 | 0.0000      | 0.0000      | 0.0000      | 0.0000      |
| 244.png                  | 0.8890      | 0.8001      | 1.0000      | 0.8001      |
| 2446.png                 | 0.0043      | 0.0021      | 1.0000      | 0.0021      |
| 2447.png                 | 0.6394      | 0.4700      | 1.0000      | 0.4700      |
| 2448.png                 | 0.7284      | 0.5728      | 1.0000      | 0.5728      |
| 2449.png                 | 0.4467      | 0.2875      | 1.0000      | 0.2875      |
| 245.png                  | 0.7399      | 0.5871      | 0.9958      | 0.5886      |
| 2456.png                 | 0.0090      | 0.0045      | 1.0000      | 0.0045      |
| 2457.png                 | 0.3776      | 0.2328      | 0.2328      | 0.9996      |
| 246.png                  | 0.0000      | 0.0000      | 0.0000      | 0.0000      |
| 247.png                  | 0.8859      | 0.7951      | 0.9865      | 0.8039      |
| 2477.png                 | 0.5276      | 0.3583      | 1.0000      | 0.3583      |
| 2482.png                 | 0.4941      | 0.3281      | 1.0000      | 0.3281      |
| 2483.png                 | 0.5073      | 0.3398      | 1.0000      | 0.3398      |
| 25.png                   | 0.6511      | 0.4827      | 0.6256      | 0.6788      |
| 250.png                  | 0.8929      | 0.8065      | 0.9795      | 0.8203      |
| 251.png                  | 0.8879      | 0.7983      | 0.9738      | 0.8158      |
| 253.png                  | 0.7121      | 0.5530      | 0.9840      | 0.5580      |
| 254.png                  | 0.7825      | 0.6427      | 1.0000      | 0.6427      |
| 2542.png                 | 0.7872      | 0.6491      | 0.9936      | 0.6518      |
| 2544.png                 | 0.8879      | 0.7983      | 1.0000      | 0.7983      |
| 2545.png                 | 0.8527      | 0.7433      | 0.9590      | 0.7677      |
| 255.png                  | 0.7423      | 0.5901      | 1.0000      | 0.5901      |
| 256.png                  | 0.9065      | 0.8291      | 0.9959      | 0.8319      |
| 2562.png                 | 0.4876      | 0.3224      | 0.9881      | 0.3237      |
| 2564.png                 | 0.3776      | 0.2327      | 0.2327      | 1.0000      |
| 2565.png                 | 0.3657      | 0.2238      | 0.2238      | 1.0000      |
| 257.png                  | 0.9077      | 0.8310      | 0.9970      | 0.8331      |
| 258.png                  | 0.8999      | 0.8181      | 0.9992      | 0.8186      |
| 259.png                  | 0.8225      | 0.6986      | 1.0000      | 0.6986      |
| 260.png                  | 0.7175      | 0.5594      | 1.0000      | 0.5594      |
| 2606.png                 | 0.0000      | 0.0000      | 0.0000      | 0.0000      |
| 261.png                  | 0.7959      | 0.6610      | 0.9943      | 0.6635      |
| 262.png                  | 0.0396      | 0.0202      | 1.0000      | 0.0202      |
| 263.png                  | 0.7843      | 0.6451      | 0.9952      | 0.6471      |
| 264.png                  | 0.7806      | 0.6402      | 0.9992      | 0.6405      |
| 265.png                  | 0.7310      | 0.5761      | 1.0000      | 0.5761      |
| 2654.png                 | 0.0617      | 0.0318      | 1.0000      | 0.0318      |
| 266.png                  | 0.9356      | 0.8790      | 0.9885      | 0.8881      |
| 267.png                  | 0.7385      | 0.5854      | 0.9996      | 0.5856      |
| 2703.png                 | 0.4047      | 0.2536      | 1.0000      | 0.2536      |
| 2718.png                 | 0.4149      | 0.2617      | 0.9946      | 0.2621      |
| 2724.png                 | 0.5457      | 0.3752      | 1.0000      | 0.3752      |
| 2725.png                 | 0.8032      | 0.6711      | 0.9901      | 0.6757      |
| 2726.png                 | 0.8231      | 0.6994      | 1.0000      | 0.6994      |
| 2728.png                 | 0.9072      | 0.8302      | 0.9973      | 0.8321      |
| 2729.png                 | 0.8722      | 0.7733      | 0.9988      | 0.7740      |
| 2764.png                 | 0.3581      | 0.2181      | 0.2181      | 1.0000      |
| 2770.png                 | 0.4894      | 0.3240      | 0.9673      | 0.3275      |
| 2771.png                 | 0.2827      | 0.1646      | 0.9282      | 0.1667      |
| 2789.png                 | 0.3688      | 0.2261      | 1.0000      | 0.2261      |
| 2790.png                 | 0.3902      | 0.2424      | 1.0000      | 0.2424      |
| 2791.png                 | 0.3826      | 0.2366      | 0.9971      | 0.2368      |
| 2792.png                 | 0.7040      | 0.5432      | 0.9579      | 0.5565      |
| 2793.png                 | 0.5833      | 0.4117      | 1.0000      | 0.4117      |
| 2795.png                 | 0.3674      | 0.2251      | 0.2253      | 0.9959      |
| 2796.png                 | 0.0000      | 0.0000      | 0.0000      | 0.0000      |
| 28.png                   | 0.8323      | 0.7128      | 0.9954      | 0.7152      |
| 281.png                  | 0.7241      | 0.5675      | 1.0000      | 0.5675      |
| 2812.png                 | 0.3303      | 0.1978      | 1.0000      | 0.1978      |
| 2826.png                 | 0.5786      | 0.4071      | 1.0000      | 0.4071      |
| 2829.png                 | 0.7921      | 0.6557      | 1.0000      | 0.6557      |
| 2831.png                 | 0.4834      | 0.3187      | 0.3348      | 0.8691      |
| 2833.png                 | 0.5233      | 0.3544      | 1.0000      | 0.3544      |
| 2843.png                 | 0.4941      | 0.3281      | 0.9396      | 0.3352      |
| 2844.png                 | 0.7931      | 0.6572      | 0.9904      | 0.6614      |
| 2845.png                 | 0.5258      | 0.3566      | 0.8842      | 0.3741      |
| 2870.png                 | 0.0419      | 0.0214      | 0.9599      | 0.0214      |
| 2871.png                 | 0.5312      | 0.3617      | 0.7822      | 0.4022      |
| 2883.png                 | 0.5554      | 0.3844      | 0.9773      | 0.3879      |
| 2884.png                 | 0.3898      | 0.2421      | 0.9851      | 0.2430      |
| 2895.png                 | 0.9065      | 0.8290      | 0.9443      | 0.8716      |
| 2896.png                 | 0.9311      | 0.8711      | 0.9500      | 0.9130      |
| 2897.png                 | 0.9062      | 0.8285      | 0.9651      | 0.8540      |
| 2898.png                 | 0.4778      | 0.3139      | 0.9943      | 0.3145      |
| 29.png                   | 0.9274      | 0.8647      | 0.9971      | 0.8669      |
| 2900.png                 | 0.9164      | 0.8457      | 0.9454      | 0.8891      |
| 2901.png                 | 0.4912      | 0.3256      | 0.9942      | 0.3262      |
| 2902.png                 | 0.7794      | 0.6385      | 0.9945      | 0.6408      |
| 2903.png                 | 0.7755      | 0.6333      | 0.9889      | 0.6379      |
| 2904.png                 | 0.7965      | 0.6619      | 0.9971      | 0.6631      |
| 2905.png                 | 0.7506      | 0.6008      | 0.9951      | 0.6026      |
| 2939.png                 | 0.3686      | 0.2259      | 0.2259      | 1.0000      |
| 2940.png                 | 0.3911      | 0.2431      | 0.2431      | 1.0000      |
| 295.png                  | 0.9543      | 0.9127      | 0.9928      | 0.9188      |
| 2989.png                 | 0.4084      | 0.2566      | 0.2606      | 0.9434      |
| 3.png                    | 0.9365      | 0.8806      | 0.9873      | 0.8907      |
| 30.png                   | 0.9221      | 0.8554      | 0.9952      | 0.8589      |
| 301.png                  | 0.9603      | 0.9236      | 0.9926      | 0.9300      |
| 3022.png                 | 0.8569      | 0.7496      | 0.9499      | 0.7804      |
| 3023.png                 | 0.9458      | 0.8972      | 0.9875      | 0.9076      |
| 3024.png                 | 0.8991      | 0.8167      | 1.0000      | 0.8167      |
| 3026.png                 | 0.9291      | 0.8675      | 0.9870      | 0.8775      |
| 3027.png                 | 0.8108      | 0.6818      | 0.9481      | 0.7082      |
| 303.png                  | 0.9297      | 0.8687      | 0.9847      | 0.8806      |
| 3047.png                 | 0.3416      | 0.2060      | 1.0000      | 0.2060      |
| 3048.png                 | 0.2500      | 0.1429      | 1.0000      | 0.1429      |
| 31.png                   | 0.8820      | 0.7889      | 0.9991      | 0.7894      |
| 311.png                  | 0.9371      | 0.8817      | 0.9949      | 0.8857      |
| 312.png                  | 0.9524      | 0.9091      | 0.9869      | 0.9203      |
| 316.png                  | 0.8025      | 0.6702      | 0.9951      | 0.6724      |
| 317.png                  | 0.8415      | 0.7264      | 0.9874      | 0.7332      |
| 318.png                  | 0.9127      | 0.8394      | 0.9741      | 0.8585      |
| 319.png                  | 0.9262      | 0.8625      | 0.9635      | 0.8916      |
| 32.png                   | 0.8260      | 0.7035      | 0.9661      | 0.7213      |
| 320.png                  | 0.8480      | 0.7361      | 0.8724      | 0.8249      |
| 321.png                  | 0.8798      | 0.7854      | 0.9471      | 0.8214      |
| 322.png                  | 0.8792      | 0.7845      | 0.9053      | 0.8546      |
| 325.png                  | 0.8623      | 0.7579      | 0.9575      | 0.7843      |
| 33.png                   | 0.8293      | 0.7084      | 0.9722      | 0.7231      |
| 332.png                  | 0.7501      | 0.6001      | 0.9558      | 0.6172      |
| 333.png                  | 0.4344      | 0.2774      | 0.2981      | 0.8004      |
| 339.png                  | 0.4710      | 0.3080      | 1.0000      | 0.3080      |
| 342.png                  | 0.9504      | 0.9056      | 0.9802      | 0.9224      |
| 345.png                  | 0.3923      | 0.2440      | 0.9936      | 0.2444      |
| 346.png                  | 0.8715      | 0.7722      | 0.9900      | 0.7783      |
| 347.png                  | 0.8922      | 0.8054      | 0.9766      | 0.8212      |
| 35.png                   | 0.0141      | 0.0071      | 0.0071      | 1.0000      |
| 357.png                  | 0.8206      | 0.6958      | 0.9013      | 0.7532      |
| 359.png                  | 0.9198      | 0.8516      | 0.9977      | 0.8533      |
| 36.png                   | 0.8428      | 0.7284      | 1.0000      | 0.7284      |
| 37.png                   | 0.8688      | 0.7681      | 0.9995      | 0.7684      |
| 38.png                   | 0.8717      | 0.7727      | 1.0000      | 0.7727      |
| 384.png                  | 0.9658      | 0.9339      | 0.9786      | 0.9534      |
| 385.png                  | 0.9670      | 0.9361      | 0.9787      | 0.9556      |
| 386.png                  | 0.9502      | 0.9051      | 0.9646      | 0.9362      |
| 387.png                  | 0.9680      | 0.9380      | 0.9815      | 0.9549      |
| 388.png                  | 0.9723      | 0.9461      | 0.9715      | 0.9732      |
| 389.png                  | 0.9549      | 0.9137      | 0.9896      | 0.9226      |
| 39.png                   | 0.9155      | 0.8442      | 0.9989      | 0.8450      |
| 390.png                  | 0.8689      | 0.7683      | 0.9278      | 0.8171      |
| 391.png                  | 0.9463      | 0.8980      | 0.9951      | 0.9020      |
| 392.png                  | 0.8590      | 0.7528      | 0.9826      | 0.7630      |
| 395.png                  | 0.8355      | 0.7174      | 0.9002      | 0.7794      |
| 396.png                  | 0.7020      | 0.5408      | 0.5916      | 0.8629      |
| 397.png                  | 0.8572      | 0.7501      | 0.8095      | 0.9108      |
| 398.png                  | 0.9334      | 0.8751      | 0.9829      | 0.8886      |
| 4.png                    | 0.9165      | 0.8459      | 0.9843      | 0.8575      |
| 40.png                   | 0.9253      | 0.8610      | 0.9925      | 0.8666      |
| 41.png                   | 0.8733      | 0.7751      | 0.9875      | 0.7828      |
| 415.png                  | 0.8038      | 0.6719      | 0.8469      | 0.7648      |
| 416.png                  | 0.5442      | 0.3738      | 0.4123      | 0.8003      |
| 417.png                  | 0.8129      | 0.6848      | 0.9910      | 0.6891      |
| 418.png                  | 0.9029      | 0.8230      | 1.0000      | 0.8230      |
| 419.png                  | 0.9456      | 0.8968      | 0.9985      | 0.8981      |
| 42.png                   | 0.0353      | 0.0180      | 1.0000      | 0.0180      |
| 420.png                  | 0.8962      | 0.8119      | 0.9992      | 0.8124      |
| 421.png                  | 0.7304      | 0.5753      | 0.9996      | 0.5755      |
| 422.png                  | 0.5456      | 0.3751      | 1.0000      | 0.3751      |
| 43.png                   | 0.8091      | 0.6794      | 0.9719      | 0.6930      |
| 44.png                   | 0.8940      | 0.8083      | 0.9596      | 0.8368      |
| 442.png                  | 0.8863      | 0.7959      | 0.9880      | 0.8036      |
| 443.png                  | 0.7550      | 0.6065      | 0.9986      | 0.6070      |
| 444.png                  | 0.9134      | 0.8406      | 0.9867      | 0.8503      |
| 445.png                  | 0.7118      | 0.5525      | 0.6409      | 0.8002      |
| 446.png                  | 0.7748      | 0.6324      | 0.6995      | 0.8684      |
| 447.png                  | 0.7999      | 0.6665      | 0.8503      | 0.7551      |
| 448.png                  | 0.7737      | 0.6310      | 0.9882      | 0.6358      |
| 449.png                  | 0.8302      | 0.7097      | 0.8750      | 0.7897      |
| 455.png                  | 0.6889      | 0.5254      | 0.9997      | 0.5255      |
| 456.png                  | 0.9142      | 0.8420      | 0.9986      | 0.8430      |
| 457.png                  | 0.9400      | 0.8868      | 0.9994      | 0.8873      |
| 458.png                  | 0.8744      | 0.7768      | 1.0000      | 0.7768      |
| 461.png                  | 0.7749      | 0.6326      | 0.8510      | 0.7114      |
| 462.png                  | 0.8074      | 0.6771      | 0.8361      | 0.7807      |
| 463.png                  | 0.7835      | 0.6441      | 0.8728      | 0.7109      |
| 464.png                  | 0.7835      | 0.6441      | 0.9097      | 0.6880      |
| 470.png                  | 0.8131      | 0.6851      | 0.9985      | 0.6858      |
| 472.png                  | 0.5451      | 0.3746      | 0.3846      | 0.9355      |
| 473.png                  | 0.9017      | 0.8210      | 0.9232      | 0.8811      |
| 474.png                  | 0.8384      | 0.7217      | 0.9301      | 0.7632      |
| 475.png                  | 0.0579      | 0.0298      | 1.0000      | 0.0298      |
| 476.png                  | 0.8531      | 0.7438      | 0.9541      | 0.7715      |
| 480.png                  | 0.8667      | 0.7648      | 1.0000      | 0.7648      |
| 481.png                  | 0.8952      | 0.8102      | 0.8934      | 0.8969      |
| 482.png                  | 0.7184      | 0.5605      | 0.5864      | 0.9270      |
| 483.png                  | 0.9006      | 0.8191      | 0.9882      | 0.8272      |
| 485.png                  | 0.9033      | 0.8237      | 0.9361      | 0.8728      |
| 486.png                  | 0.3843      | 0.2379      | 0.2455      | 0.8840      |
| 487.png                  | 0.9072      | 0.8301      | 0.9839      | 0.8416      |
| 490.png                  | 0.6605      | 0.4931      | 0.9970      | 0.4938      |
| 496.png                  | 0.9073      | 0.8304      | 0.9725      | 0.8503      |
| 497.png                  | 0.8938      | 0.8080      | 0.9028      | 0.8850      |
| 498.png                  | 0.9334      | 0.8751      | 0.9841      | 0.8876      |
| 499.png                  | 0.9025      | 0.8223      | 0.9586      | 0.8526      |
| 5.png                    | 0.5236      | 0.3547      | 1.0000      | 0.3547      |
| 500.png                  | 0.8411      | 0.7257      | 0.9911      | 0.7305      |
| 501.png                  | 0.8367      | 0.7192      | 0.9990      | 0.7197      |
| 502.png                  | 0.7336      | 0.5793      | 1.0000      | 0.5793      |
| 503.png                  | 0.7893      | 0.6519      | 0.9953      | 0.6540      |
| 504.png                  | 0.8754      | 0.7785      | 0.9211      | 0.8341      |
| 508.png                  | 0.9351      | 0.8780      | 0.9861      | 0.8890      |
| 51.png                   | 0.9572      | 0.9180      | 0.9690      | 0.9457      |
| 510.png                  | 0.9027      | 0.8226      | 0.9886      | 0.8305      |
| 511.png                  | 0.9360      | 0.8796      | 0.9992      | 0.8802      |
| 512.png                  | 0.9543      | 0.9126      | 0.9985      | 0.9138      |
| 513.png                  | 0.9124      | 0.8389      | 0.9939      | 0.8432      |
| 515.png                  | 0.8235      | 0.6999      | 0.7254      | 0.9523      |
| 517.png                  | 0.8300      | 0.7095      | 0.9976      | 0.7107      |
| 532.png                  | 0.8453      | 0.7320      | 0.9661      | 0.7513      |
| 537.png                  | 0.9673      | 0.9366      | 0.9884      | 0.9470      |
| 538.png                  | 0.9380      | 0.8832      | 0.9959      | 0.8865      |
| 541.png                  | 0.9612      | 0.9252      | 0.9729      | 0.9497      |
| 551.png                  | 0.8606      | 0.7553      | 0.9956      | 0.7579      |
| 552.png                  | 0.9059      | 0.8280      | 0.9962      | 0.8306      |
| 553.png                  | 0.6778      | 0.5127      | 0.9995      | 0.5128      |
| 554.png                  | 0.8525      | 0.7430      | 0.9615      | 0.7658      |
| 555.png                  | 0.9210      | 0.8535      | 0.9438      | 0.8992      |
| 556.png                  | 0.6506      | 0.4821      | 0.5009      | 0.9280      |
| 557.png                  | 0.6149      | 0.4440      | 0.4739      | 0.8755      |
| 563.png                  | 0.8477      | 0.7356      | 0.9253      | 0.7821      |
| 566.png                  | 0.8606      | 0.7554      | 1.0000      | 0.7554      |
| 567.png                  | 0.8363      | 0.7186      | 0.9958      | 0.7208      |
| 569.png                  | 0.3650      | 0.2232      | 0.2305      | 0.8758      |
| 575.png                  | 0.8969      | 0.8131      | 0.9890      | 0.8205      |
| 576.png                  | 0.8665      | 0.7645      | 0.9790      | 0.7773      |
| 582.png                  | 0.9542      | 0.9123      | 0.9952      | 0.9164      |
| 584.png                  | 0.8983      | 0.8154      | 0.9955      | 0.8184      |
| 585.png                  | 0.8192      | 0.6937      | 0.8919      | 0.7574      |
| 59.png                   | 0.8980      | 0.8149      | 0.8469      | 0.9558      |
| 597.png                  | 0.6383      | 0.4688      | 1.0000      | 0.4688      |
| 598.png                  | 0.8374      | 0.7202      | 0.9811      | 0.7304      |
| 6.png                    | 0.7898      | 0.6527      | 0.9479      | 0.6769      |
| 60.png                   | 0.9486      | 0.9021      | 0.9706      | 0.9275      |
| 61.png                   | 0.9582      | 0.9197      | 0.9943      | 0.9245      |
| 619.png                  | 0.7683      | 0.6237      | 0.9897      | 0.6278      |
| 62.png                   | 0.8845      | 0.7930      | 0.9961      | 0.7955      |
| 621.png                  | 0.8838      | 0.7918      | 0.8333      | 0.9407      |
| 622.png                  | 0.3649      | 0.2232      | 0.2245      | 0.9736      |
| 628.png                  | 0.3726      | 0.2290      | 0.2290      | 0.9997      |
| 63.png                   | 0.9471      | 0.8995      | 0.9988      | 0.9004      |
| 631.png                  | 0.8939      | 0.8082      | 0.9993      | 0.8086      |
| 632.png                  | 0.9584      | 0.9201      | 0.9980      | 0.9218      |
| 635.png                  | 0.9043      | 0.8254      | 0.9749      | 0.8432      |
| 636.png                  | 0.9545      | 0.9129      | 0.9840      | 0.9267      |
| 637.png                  | 0.9498      | 0.9045      | 0.9931      | 0.9102      |
| 638.png                  | 0.9032      | 0.8235      | 0.8779      | 0.9300      |
| 64.png                   | 0.9098      | 0.8345      | 0.9973      | 0.8363      |
| 642.png                  | 0.8198      | 0.6946      | 1.0000      | 0.6946      |
| 643.png                  | 0.8861      | 0.7954      | 0.9766      | 0.8109      |
| 644.png                  | 0.8580      | 0.7513      | 0.8374      | 0.8796      |
| 645.png                  | 0.7811      | 0.6409      | 0.7194      | 0.8545      |
| 646.png                  | 0.8039      | 0.6721      | 0.8393      | 0.7713      |
| 647.png                  | 0.8599      | 0.7542      | 0.9438      | 0.7897      |
| 649.png                  | 0.9242      | 0.8591      | 0.9775      | 0.8764      |
| 65.png                   | 0.9355      | 0.8789      | 0.9948      | 0.8829      |
| 650.png                  | 0.9576      | 0.9186      | 0.9958      | 0.9222      |
| 651.png                  | 0.9510      | 0.9065      | 0.9792      | 0.9243      |
| 652.png                  | 0.9515      | 0.9075      | 0.9774      | 0.9269      |
| 66.png                   | 0.8669      | 0.7651      | 0.9913      | 0.7702      |
| 673.png                  | 0.8051      | 0.6737      | 0.9883      | 0.6791      |
| 674.png                  | 0.8868      | 0.7967      | 0.9569      | 0.8263      |
| 7.png                    | 0.6083      | 0.4371      | 0.4966      | 0.7847      |
| 713.png                  | 0.8802      | 0.7861      | 0.8180      | 0.9526      |
| 714.png                  | 0.9542      | 0.9124      | 0.9410      | 0.9678      |
| 736.png                  | 0.3716      | 0.2282      | 1.0000      | 0.2282      |
| 743.png                  | 0.4176      | 0.2639      | 0.2644      | 0.9921      |
| 744.png                  | 0.3807      | 0.2351      | 0.2353      | 0.9963      |
| 753.png                  | 0.8518      | 0.7419      | 0.9571      | 0.7674      |
| 754.png                  | 0.4301      | 0.2739      | 0.9876      | 0.2749      |
| 755.png                  | 0.3582      | 0.2182      | 0.9987      | 0.2182      |
| 756.png                  | 0.6289      | 0.4587      | 1.0000      | 0.4587      |
| 765.png                  | 0.9309      | 0.8708      | 0.9662      | 0.8982      |
| 772.png                  | 0.9032      | 0.8235      | 0.9850      | 0.8339      |
| 786.png                  | 0.4159      | 0.2625      | 0.2840      | 0.7761      |
| 787.png                  | 0.4394      | 0.2816      | 0.2825      | 0.9891      |
| 788.png                  | 0.4515      | 0.2915      | 0.2918      | 0.9975      |
| 789.png                  | 0.3948      | 0.2459      | 0.2505      | 0.9304      |
| 79.png                   | 0.8670      | 0.7653      | 0.7957      | 0.9524      |
| 796.png                  | 0.0000      | 0.0000      | 0.0000      | 0.0000      |
| 8.png                    | 0.7903      | 0.6534      | 0.8082      | 0.7733      |
| 802.png                  | 0.3852      | 0.2385      | 0.9979      | 0.2386      |
| 816.png                  | 0.4153      | 0.2621      | 0.2621      | 1.0000      |
| 819.png                  | 0.0929      | 0.0487      | 1.0000      | 0.0487      |
| 82.png                   | 0.5323      | 0.3626      | 0.9984      | 0.3628      |
| 820.png                  | 0.8886      | 0.7995      | 0.9886      | 0.8070      |
| 822.png                  | 0.7146      | 0.5560      | 0.9857      | 0.5605      |
| 823.png                  | 0.3855      | 0.2388      | 1.0000      | 0.2388      |
| 826.png                  | 0.9032      | 0.8235      | 0.9962      | 0.8261      |
| 827.png                  | 0.8128      | 0.6846      | 1.0000      | 0.6846      |
| 829.png                  | 0.4227      | 0.2680      | 0.9452      | 0.2722      |
| 83.png                   | 0.6308      | 0.4607      | 0.5697      | 0.7065      |
| 830.png                  | 0.1542      | 0.0835      | 1.0000      | 0.0835      |
| 831.png                  | 0.6635      | 0.4964      | 0.9956      | 0.4975      |
| 832.png                  | 0.0203      | 0.0102      | 1.0000      | 0.0102      |
| 833.png                  | 0.6804      | 0.5156      | 1.0000      | 0.5156      |
| 843.png                  | 0.8731      | 0.7748      | 0.9683      | 0.7949      |
| 846.png                  | 0.7315      | 0.5767      | 1.0000      | 0.5767      |
| 847.png                  | 0.8801      | 0.7859      | 0.9653      | 0.8087      |
| 848.png                  | 0.9155      | 0.8442      | 0.9608      | 0.8743      |
| 851.png                  | 0.0000      | 0.0000      | 0.0000      | 0.0000      |
| 852.png                  | 0.8227      | 0.6988      | 0.9991      | 0.6993      |
| 853.png                  | 0.5560      | 0.3851      | 0.9590      | 0.3915      |
| 854.png                  | 0.0000      | 0.0000      | 0.0000      | 0.0000      |
| 860.png                  | 0.4909      | 0.3253      | 0.3317      | 0.9441      |
| 861.png                  | 0.4684      | 0.3058      | 0.3210      | 0.8661      |
| 862.png                  | 0.0000      | 0.0000      | 0.0000      | 0.0000      |
| 868.png                  | 0.4265      | 0.2710      | 0.2758      | 0.9397      |
| 870.png                  | 0.7988      | 0.6649      | 0.9313      | 0.6993      |
| 872.png                  | 0.0561      | 0.0289      | 0.0289      | 0.9945      |
| 904.png                  | 0.9458      | 0.8972      | 0.9725      | 0.9205      |
| 909.png                  | 0.4620      | 0.3004      | 0.3021      | 0.9823      |
| 918.png                  | 0.7634      | 0.6174      | 0.9612      | 0.6332      |
| 92.png                   | 0.6619      | 0.4946      | 0.9718      | 0.5018      |
| 920.png                  | 0.0000      | 0.0000      | 0.0000      | 0.0000      |
| 922.png                  | 0.9565      | 0.9166      | 0.9827      | 0.9317      |
| 923.png                  | 0.9526      | 0.9095      | 0.9915      | 0.9166      |
| 924.png                  | 0.9364      | 0.8804      | 0.9965      | 0.8831      |
| 925.png                  | 0.9173      | 0.8473      | 0.9810      | 0.8614      |
| 926.png                  | 0.7618      | 0.6152      | 0.6613      | 0.8983      |
| 927.png                  | 0.8624      | 0.7581      | 0.8190      | 0.9108      |
| 928.png                  | 0.8749      | 0.7777      | 0.8282      | 0.9273      |
| 929.png                  | 0.8783      | 0.7830      | 0.9394      | 0.8247      |
| 930.png                  | 0.9071      | 0.8300      | 0.9363      | 0.8797      |
| 931.png                  | 0.9027      | 0.8226      | 0.9525      | 0.8578      |
| 932.png                  | 0.8864      | 0.7960      | 0.9944      | 0.7995      |
| 933.png                  | 0.8275      | 0.7057      | 0.7591      | 0.9094      |
| 934.png                  | 0.8566      | 0.7492      | 0.7692      | 0.9666      |
| 935.png                  | 0.9457      | 0.8970      | 0.9949      | 0.9011      |
| 936.png                  | 0.9490      | 0.9030      | 0.9924      | 0.9094      |
| 937.png                  | 0.9543      | 0.9127      | 0.9997      | 0.9129      |
| 938.png                  | 0.8167      | 0.6902      | 1.0000      | 0.6902      |
| 94.png                   | 0.8382      | 0.7215      | 0.9733      | 0.7361      |
| 947.png                  | 0.6806      | 0.5159      | 0.5385      | 0.9245      |
| 948.png                  | 0.7683      | 0.6238      | 0.7542      | 0.7830      |
| 949.png                  | 0.5483      | 0.3777      | 0.4153      | 0.8065      |
| 95.png                   | 0.7942      | 0.6586      | 0.7635      | 0.8274      |
| 950.png                  | 0.4915      | 0.3258      | 0.5642      | 0.4354      |
| 951.png                  | 0.6162      | 0.4453      | 0.8766      | 0.4751      |
| 965.png                  | 0.8946      | 0.8092      | 0.9477      | 0.8470      |
| 966.png                  | 0.7727      | 0.6296      | 0.7110      | 0.8462      |
| 967.png                  | 0.8862      | 0.7957      | 0.9055      | 0.8677      |
| 968.png                  | 0.8156      | 0.6887      | 0.8141      | 0.8172      |
| 969.png                  | 0.8529      | 0.7435      | 0.8308      | 0.8763      |
| 97.png                   | 0.8996      | 0.8175      | 0.9676      | 0.8404      |
| 970.png                  | 0.9117      | 0.8377      | 0.9101      | 0.9134      |
| 971.png                  | 0.8950      | 0.8100      | 0.9830      | 0.8215      |
| 972.png                  | 0.7198      | 0.5622      | 0.7896      | 0.6613      |
| 973.png                  | 0.5783      | 0.4067      | 1.0000      | 0.4067      |
| 975.png                  | 0.5841      | 0.4126      | 1.0000      | 0.4126      |
| 977.png                  | 0.4105      | 0.2582      | 0.5948      | 0.3134      |
| 978.png                  | 0.7857      | 0.6470      | 0.9110      | 0.6907      |
| 982.png                  | 0.7926      | 0.6564      | 0.7030      | 0.9084      |
| 990.png                  | 0.6883      | 0.5247      | 0.5581      | 0.8976      |
| 991.png                  | 0.9197      | 0.8514      | 0.9759      | 0.8697      |
| 992.png                  | 0.9116      | 0.8376      | 0.9887      | 0.8457      |
| 993.png                  | 0.8647      | 0.7617      | 0.9978      | 0.7630      |
| 994.png                  | 0.8961      | 0.8118      | 0.9614      | 0.8391      |
| 995.png                  | 0.9419      | 0.8901      | 0.9837      | 0.9035      |
| 996.png                  | 0.8953      | 0.8105      | 0.9967      | 0.8127      |
| 997.png                  | 0.7741      | 0.6314      | 0.9663      | 0.6456      |
| 998.png                  | 0.8230      | 0.6992      | 0.8775      | 0.7748      |
| 999.png                  | 0.0000      | 0.0000      | 0.0000      | 0.0000      |
------------------------------------------------------------------------------------
| MEAN                     | 0.7444      | 0.6320      | 0.8503      | 0.7335      |
====================================================================================
