
==================== BANG DANH GIA MASK ====================
------------------------------------------------------------------------------------
| File                     | Dice        | IoU         | Precision   | Recall      | 
------------------------------------------------------------------------------------
| 1.png                    | 0.8895      | 0.8009      | 0.9247      | 0.8569      | 
| 10.png                   | 0.8401      | 0.7243      | 1.0000      | 0.7243      | 
| 100.png                  | 0.6310      | 0.4609      | 0.5187      | 0.8052      | 
| 1000.png                 | 0.7502      | 0.6002      | 0.6260      | 0.9358      | 
| 1001.png                 | 0.7468      | 0.5959      | 0.6374      | 0.9015      | 
| 1002.png                 | 0.8713      | 0.7719      | 0.9918      | 0.7769      | 
| 1003.png                 | 0.8102      | 0.6809      | 0.7853      | 0.8367      | 
| 1004.png                 | 0.8121      | 0.6837      | 0.7597      | 0.8723      | 
| 1005.png                 | 0.8992      | 0.8169      | 0.9601      | 0.8456      | 
| 1006.png                 | 0.3925      | 0.2442      | 0.2551      | 0.8508      | 
| 1007.png                 | 0.7648      | 0.6192      | 0.6502      | 0.9285      | 
| 1008.png                 | 0.9049      | 0.8263      | 0.9091      | 0.9007      | 
| 1009.png                 | 0.8731      | 0.7747      | 0.9714      | 0.7928      | 
| 101.png                  | 0.5508      | 0.3800      | 0.3956      | 0.9062      | 
| 1010.png                 | 0.0432      | 0.0221      | 0.0222      | 0.8402      | 
| 1011.png                 | 0.7443      | 0.5928      | 0.6573      | 0.8579      | 
| 1012.png                 | 0.6923      | 0.5293      | 0.6888      | 0.6958      | 
| 1013.png                 | 0.4802      | 0.3160      | 0.3250      | 0.9190      | 
| 1017.png                 | 0.3657      | 0.2238      | 0.2256      | 0.9661      | 
| 1018.png                 | 0.8578      | 0.7510      | 0.9995      | 0.7513      | 
| 1019.png                 | 0.9743      | 0.9499      | 0.9930      | 0.9563      | 
| 102.png                  | 0.8922      | 0.8054      | 0.8650      | 0.9211      | 
| 1020.png                 | 0.9496      | 0.9040      | 0.9722      | 0.9280      | 
| 1021.png                 | 0.7468      | 0.5959      | 0.6314      | 0.9137      | 
| 1022.png                 | 0.8551      | 0.7468      | 0.7504      | 0.9936      | 
| 1023.png                 | 0.9195      | 0.8510      | 0.9801      | 0.8660      | 
| 1024.png                 | 0.7861      | 0.6476      | 0.8534      | 0.7287      | 
| 1025.png                 | 0.0381      | 0.0194      | 0.0194      | 0.9593      | 
| 1026.png                 | 0.1837      | 0.1012      | 0.1018      | 0.9450      | 
| 1027.png                 | 0.2226      | 0.1253      | 0.1263      | 0.9412      | 
| 103.png                  | 0.8941      | 0.8085      | 0.9730      | 0.8270      | 
| 1032.png                 | 0.4549      | 0.2944      | 0.3022      | 0.9197      | 
| 1033.png                 | 0.4186      | 0.2647      | 0.2755      | 0.8708      | 
| 1035.png                 | 0.9271      | 0.8641      | 0.9728      | 0.8855      | 
| 1036.png                 | 0.9157      | 0.8445      | 0.9671      | 0.8695      | 
| 1037.png                 | 0.9305      | 0.8701      | 0.9754      | 0.8896      | 
| 1038.png                 | 0.9125      | 0.8390      | 0.9262      | 0.8991      | 
| 1039.png                 | 0.9244      | 0.8595      | 0.9542      | 0.8965      | 
| 1040.png                 | 0.8152      | 0.6881      | 0.8220      | 0.8086      | 
| 1041.png                 | 0.8354      | 0.7174      | 0.9960      | 0.7194      | 
| 1042.png                 | 0.7753      | 0.6331      | 0.8580      | 0.7072      | 
| 1043.png                 | 0.2186      | 0.1227      | 0.1250      | 0.8698      | 
| 1045.png                 | 0.9268      | 0.8637      | 0.9548      | 0.9005      | 
| 1046.png                 | 0.6277      | 0.4574      | 0.5043      | 0.8308      | 
| 1047.png                 | 0.8268      | 0.7047      | 0.9534      | 0.7298      | 
| 1048.png                 | 0.9420      | 0.8903      | 0.9929      | 0.8960      | 
| 1049.png                 | 0.9278      | 0.8653      | 0.9452      | 0.9111      | 
| 105.png                  | 0.8650      | 0.7621      | 0.9964      | 0.7641      | 
| 1050.png                 | 0.9240      | 0.8587      | 0.9722      | 0.8803      | 
| 1051.png                 | 0.9292      | 0.8678      | 0.9935      | 0.8727      | 
| 1052.png                 | 0.8970      | 0.8133      | 0.9879      | 0.8215      | 
| 1053.png                 | 0.7937      | 0.6580      | 0.9057      | 0.7064      | 
| 1054.png                 | 0.3767      | 0.2320      | 0.2678      | 0.6346      | 
| 1055.png                 | 0.6323      | 0.4624      | 0.7169      | 0.5656      | 
| 1056.png                 | 0.6899      | 0.5266      | 0.9509      | 0.5413      | 
| 1057.png                 | 0.7191      | 0.5614      | 0.6358      | 0.8276      | 
| 1058.png                 | 0.6077      | 0.4365      | 0.5150      | 0.7411      | 
| 1061.png                 | 0.6962      | 0.5340      | 0.5790      | 0.8730      | 
| 1062.png                 | 0.7465      | 0.5955      | 0.7905      | 0.7072      | 
| 1063.png                 | 0.6482      | 0.4795      | 0.5553      | 0.7783      | 
| 1066.png                 | 0.3780      | 0.2330      | 0.9006      | 0.2392      | 
| 1070.png                 | 0.7728      | 0.6298      | 0.9785      | 0.6386      | 
| 1071.png                 | 0.7234      | 0.5667      | 1.0000      | 0.5667      | 
| 1072.png                 | 0.0324      | 0.0165      | 0.0165      | 1.0000      | 
| 1075.png                 | 0.4878      | 0.3226      | 1.0000      | 0.3226      | 
| 1076.png                 | 0.4609      | 0.2994      | 1.0000      | 0.2994      | 
| 1087.png                 | 0.7017      | 0.5405      | 0.9509      | 0.5560      | 
| 1089.png                 | 0.7309      | 0.5759      | 0.9632      | 0.5889      | 
| 109.png                  | 0.8828      | 0.7902      | 0.9916      | 0.7955      | 
| 1090.png                 | 0.7807      | 0.6403      | 0.9686      | 0.6539      | 
| 1091.png                 | 0.7189      | 0.5612      | 0.9777      | 0.5685      | 
| 1092.png                 | 0.8724      | 0.7736      | 0.9701      | 0.7926      | 
| 1094.png                 | 0.5749      | 0.4034      | 0.9553      | 0.4111      | 
| 1095.png                 | 0.6497      | 0.4812      | 1.0000      | 0.4812      | 
| 1096.png                 | 0.6712      | 0.5051      | 0.9940      | 0.5067      | 
| 1097.png                 | 0.8076      | 0.6773      | 0.8794      | 0.7466      | 
| 1098.png                 | 0.7247      | 0.5683      | 0.7250      | 0.7245      | 
| 1099.png                 | 0.3163      | 0.1878      | 0.1944      | 0.8472      | 
| 11.png                   | 0.9481      | 0.9014      | 0.9959      | 0.9048      | 
| 1100.png                 | 0.6550      | 0.4870      | 0.9959      | 0.4880      | 
| 1101.png                 | 0.6791      | 0.5141      | 0.9096      | 0.5418      | 
| 1102.png                 | 0.6951      | 0.5327      | 0.9957      | 0.5339      | 
| 1103.png                 | 0.5440      | 0.3737      | 0.8396      | 0.4024      | 
| 1104.png                 | 0.4627      | 0.3010      | 0.9643      | 0.3043      | 
| 1105.png                 | 0.4881      | 0.3229      | 0.9917      | 0.3237      | 
| 1106.png                 | 0.7151      | 0.5566      | 0.9910      | 0.5594      | 
| 1107.png                 | 0.7523      | 0.6030      | 0.9931      | 0.6056      | 
| 1108.png                 | 0.7199      | 0.5624      | 0.8725      | 0.6128      | 
| 1110.png                 | 0.7551      | 0.6065      | 0.9992      | 0.6068      | 
| 1111.png                 | 0.7797      | 0.6389      | 0.9825      | 0.6462      | 
| 1114.png                 | 0.8014      | 0.6687      | 0.6947      | 0.9469      | 
| 1118.png                 | 0.9066      | 0.8292      | 0.8672      | 0.9498      | 
| 112.png                  | 0.8647      | 0.7617      | 0.9111      | 0.8228      | 
| 1122.png                 | 0.9318      | 0.8723      | 0.9641      | 0.9016      | 
| 1123.png                 | 0.7673      | 0.6224      | 0.7150      | 0.8278      | 
| 1125.png                 | 0.5972      | 0.4257      | 0.4465      | 0.9012      | 
| 1126.png                 | 0.6787      | 0.5137      | 0.5271      | 0.9527      | 
| 1127.png                 | 0.7550      | 0.6064      | 0.6344      | 0.9322      | 
| 1129.png                 | 0.7889      | 0.6514      | 0.9987      | 0.6520      | 
| 113.png                  | 0.9132      | 0.8402      | 0.9925      | 0.8456      | 
| 1130.png                 | 0.9319      | 0.8724      | 0.9750      | 0.8924      | 
| 1131.png                 | 0.9323      | 0.8732      | 0.9879      | 0.8826      | 
| 1132.png                 | 0.9354      | 0.8786      | 0.9552      | 0.9164      | 
| 1133.png                 | 0.7354      | 0.5816      | 0.7301      | 0.7409      | 
| 1134.png                 | 0.8493      | 0.7380      | 0.9798      | 0.7495      | 
| 1135.png                 | 0.8717      | 0.7726      | 0.8225      | 0.9272      | 
| 1136.png                 | 0.8418      | 0.7268      | 0.7575      | 0.9473      | 
| 1137.png                 | 0.8763      | 0.7799      | 0.9558      | 0.8090      | 
| 1138.png                 | 0.3951      | 0.2462      | 0.2971      | 0.5898      | 
| 114.png                  | 0.9287      | 0.8669      | 0.9794      | 0.8830      | 
| 1140.png                 | 0.7958      | 0.6608      | 0.8655      | 0.7365      | 
| 1141.png                 | 0.7791      | 0.6381      | 0.8282      | 0.7355      | 
| 1142.png                 | 0.8208      | 0.6961      | 0.8456      | 0.7975      | 
| 1143.png                 | 0.7206      | 0.5632      | 0.7653      | 0.6808      | 
| 1144.png                 | 0.8016      | 0.6688      | 0.7852      | 0.8186      | 
| 1145.png                 | 0.8319      | 0.7122      | 0.7871      | 0.8821      | 
| 1146.png                 | 0.9223      | 0.8558      | 0.9818      | 0.8696      | 
| 1147.png                 | 0.8426      | 0.7280      | 0.9116      | 0.7833      | 
| 1148.png                 | 0.4371      | 0.2797      | 0.9733      | 0.2819      | 
| 1149.png                 | 0.5276      | 0.3583      | 0.9820      | 0.3607      | 
| 115.png                  | 0.9130      | 0.8399      | 1.0000      | 0.8399      | 
| 1151.png                 | 0.6723      | 0.5064      | 0.6176      | 0.7377      | 
| 1152.png                 | 0.4086      | 0.2568      | 0.2811      | 0.7477      | 
| 1154.png                 | 0.8578      | 0.7510      | 0.7996      | 0.9251      | 
| 1155.png                 | 0.3047      | 0.1798      | 0.1803      | 0.9831      | 
| 1156.png                 | 0.6095      | 0.4383      | 0.4516      | 0.9372      | 
| 1157.png                 | 0.9339      | 0.8761      | 0.9519      | 0.9167      | 
| 1158.png                 | 0.8977      | 0.8143      | 0.9825      | 0.8263      | 
| 1159.png                 | 0.9159      | 0.8449      | 0.9873      | 0.8542      | 
| 116.png                  | 0.8818      | 0.7885      | 0.9928      | 0.7931      | 
| 1160.png                 | 0.8212      | 0.6966      | 0.7524      | 0.9038      | 
| 1161.png                 | 0.8429      | 0.7284      | 0.8445      | 0.8413      | 
| 1162.png                 | 0.8405      | 0.7248      | 0.9851      | 0.7329      | 
| 1163.png                 | 0.6714      | 0.5053      | 0.5369      | 0.8959      | 
| 1169.png                 | 0.9244      | 0.8594      | 0.9533      | 0.8972      | 
| 117.png                  | 0.4892      | 0.3238      | 0.9616      | 0.3280      | 
| 1170.png                 | 0.9548      | 0.9135      | 0.9618      | 0.9479      | 
| 1171.png                 | 0.9560      | 0.9157      | 0.9814      | 0.9319      | 
| 1172.png                 | 0.9497      | 0.9041      | 0.9782      | 0.9227      | 
| 1173.png                 | 0.9694      | 0.9406      | 0.9938      | 0.9461      | 
| 1174.png                 | 0.9620      | 0.9269      | 0.9826      | 0.9424      | 
| 1175.png                 | 0.8057      | 0.6746      | 0.7402      | 0.8839      | 
| 1176.png                 | 0.8670      | 0.7652      | 0.9554      | 0.7935      | 
| 1177.png                 | 0.6550      | 0.4870      | 0.5076      | 0.9230      | 
| 1178.png                 | 0.5771      | 0.4055      | 0.4170      | 0.9368      | 
| 1179.png                 | 0.6917      | 0.5287      | 0.5586      | 0.9081      | 
| 118.png                  | 0.9114      | 0.8372      | 0.9946      | 0.8410      | 
| 1180.png                 | 0.6773      | 0.5121      | 0.5287      | 0.9421      | 
| 1182.png                 | 0.3952      | 0.2463      | 0.2599      | 0.8241      | 
| 1183.png                 | 0.7598      | 0.6126      | 0.6701      | 0.8771      | 
| 1184.png                 | 0.7829      | 0.6432      | 0.6628      | 0.9561      | 
| 1185.png                 | 0.8405      | 0.7249      | 0.7810      | 0.9099      | 
| 1186.png                 | 0.8491      | 0.7378      | 0.8145      | 0.8868      | 
| 1187.png                 | 0.7505      | 0.6006      | 0.6407      | 0.9057      | 
| 1188.png                 | 0.6113      | 0.4402      | 0.5165      | 0.7488      | 
| 1194.png                 | 0.6603      | 0.4929      | 0.5529      | 0.8197      | 
| 1195.png                 | 0.5860      | 0.4145      | 0.4807      | 0.7505      | 
| 1197.png                 | 0.0394      | 0.0201      | 0.0201      | 0.9211      | 
| 12.png                   | 0.9662      | 0.9346      | 0.9803      | 0.9525      | 
| 1202.png                 | 0.3628      | 0.2216      | 0.2555      | 0.6256      | 
| 1205.png                 | 0.8058      | 0.6747      | 0.7863      | 0.8263      | 
| 1219.png                 | 0.6437      | 0.4746      | 0.5262      | 0.8287      | 
| 1220.png                 | 0.9223      | 0.8557      | 0.9504      | 0.8957      | 
| 1221.png                 | 0.8395      | 0.7234      | 0.9427      | 0.7567      | 
| 1222.png                 | 0.8128      | 0.6846      | 0.8683      | 0.7639      | 
| 1223.png                 | 0.7951      | 0.6599      | 0.9284      | 0.6954      | 
| 1224.png                 | 0.4679      | 0.3054      | 0.3434      | 0.7340      | 
| 1225.png                 | 0.4970      | 0.3307      | 0.9109      | 0.3418      | 
| 1226.png                 | 0.8111      | 0.6822      | 0.9503      | 0.7074      | 
| 1227.png                 | 0.7978      | 0.6636      | 0.7735      | 0.8237      | 
| 1228.png                 | 0.3672      | 0.2249      | 0.2451      | 0.7314      | 
| 1230.png                 | 0.7054      | 0.5449      | 0.7894      | 0.6375      | 
| 1236.png                 | 0.4025      | 0.2520      | 0.2650      | 0.8373      | 
| 124.png                  | 0.9227      | 0.8564      | 0.9806      | 0.8712      | 
| 1244.png                 | 0.6637      | 0.4967      | 0.5179      | 0.9240      | 
| 1245.png                 | 0.7695      | 0.6253      | 0.6473      | 0.9485      | 
| 1246.png                 | 0.8983      | 0.8154      | 0.8419      | 0.9628      | 
| 1247.png                 | 0.8926      | 0.8060      | 0.8611      | 0.9264      | 
| 1248.png                 | 0.9233      | 0.8575      | 0.8802      | 0.9708      | 
| 1249.png                 | 0.9046      | 0.8259      | 0.8401      | 0.9799      | 
| 1250.png                 | 0.9113      | 0.8370      | 0.8700      | 0.9567      | 
| 1251.png                 | 0.6312      | 0.4611      | 0.4795      | 0.9233      | 
| 1252.png                 | 0.6768      | 0.5114      | 0.5309      | 0.9330      | 
| 1253.png                 | 0.6696      | 0.5033      | 0.5285      | 0.9133      | 
| 1254.png                 | 0.6059      | 0.4346      | 0.4498      | 0.9281      | 
| 1255.png                 | 0.4329      | 0.2762      | 0.2858      | 0.8919      | 
| 1256.png                 | 0.5602      | 0.3891      | 0.4138      | 0.8670      | 
| 1257.png                 | 0.5907      | 0.4192      | 0.4339      | 0.9249      | 
| 1258.png                 | 0.6546      | 0.4866      | 0.5162      | 0.8944      | 
| 1259.png                 | 0.5713      | 0.3999      | 0.4087      | 0.9490      | 
| 1260.png                 | 0.5869      | 0.4153      | 0.4330      | 0.9104      | 
| 1261.png                 | 0.8551      | 0.7468      | 0.8210      | 0.8921      | 
| 1262.png                 | 0.8909      | 0.8033      | 0.8170      | 0.9796      | 
| 1264.png                 | 0.9119      | 0.8381      | 0.9670      | 0.8628      | 
| 1265.png                 | 0.4060      | 0.2547      | 0.2615      | 0.9076      | 
| 1266.png                 | 0.8925      | 0.8058      | 0.9115      | 0.8742      | 
| 1273.png                 | 0.5051      | 0.3379      | 0.3441      | 0.9487      | 
| 1274.png                 | 0.5762      | 0.4047      | 0.4118      | 0.9590      | 
| 1276.png                 | 0.9482      | 0.9016      | 0.9978      | 0.9034      | 
| 1277.png                 | 0.9281      | 0.8658      | 0.9958      | 0.8690      | 
| 1278.png                 | 0.9360      | 0.8798      | 0.9902      | 0.8875      | 
| 1281.png                 | 0.4215      | 0.2670      | 0.8271      | 0.2828      | 
| 1282.png                 | 0.4755      | 0.3119      | 0.8710      | 0.3270      | 
| 1285.png                 | 0.5485      | 0.3779      | 0.3861      | 0.9469      | 
| 1286.png                 | 0.4664      | 0.3042      | 0.3092      | 0.9494      | 
| 1287.png                 | 0.7549      | 0.6063      | 0.9635      | 0.6206      | 
| 1289.png                 | 0.3578      | 0.2179      | 0.2234      | 0.8973      | 
| 1291.png                 | 0.6715      | 0.5054      | 0.5432      | 0.8791      | 
| 1293.png                 | 0.7635      | 0.6175      | 0.6434      | 0.9387      | 
| 1294.png                 | 0.8737      | 0.7757      | 0.9182      | 0.8332      | 
| 1296.png                 | 0.0000      | 0.0000      | 0.0000      | 0.0000      | 
| 1297.png                 | 0.3699      | 0.2269      | 0.2592      | 0.6459      | 
| 1298.png                 | 0.6395      | 0.4701      | 0.7286      | 0.5699      | 
| 1299.png                 | 0.7657      | 0.6204      | 0.9418      | 0.6451      | 
| 13.png                   | 0.9617      | 0.9262      | 0.9877      | 0.9370      | 
| 1300.png                 | 0.8924      | 0.8057      | 0.9981      | 0.8069      | 
| 1302.png                 | 0.5597      | 0.3886      | 0.3929      | 0.9726      | 
| 1303.png                 | 0.8556      | 0.7476      | 0.7756      | 0.9539      | 
| 1304.png                 | 0.4348      | 0.2778      | 0.5221      | 0.3724      | 
| 1305.png                 | 0.4156      | 0.2623      | 0.8710      | 0.2729      | 
| 1307.png                 | 0.9124      | 0.8389      | 0.9051      | 0.9198      | 
| 1308.png                 | 0.9047      | 0.8260      | 0.9486      | 0.8647      | 
| 1309.png                 | 0.9023      | 0.8220      | 0.8684      | 0.9389      | 
| 1310.png                 | 0.4583      | 0.2973      | 0.3111      | 0.8704      | 
| 1311.png                 | 0.8483      | 0.7365      | 0.7885      | 0.9178      | 
| 1312.png                 | 0.7878      | 0.6499      | 0.6843      | 0.9283      | 
| 1313.png                 | 0.9374      | 0.8822      | 0.9595      | 0.9164      | 
| 1314.png                 | 0.9297      | 0.8686      | 0.9349      | 0.9246      | 
| 1315.png                 | 0.9299      | 0.8690      | 0.9917      | 0.8754      | 
| 1317.png                 | 0.3137      | 0.1861      | 0.1883      | 0.9397      | 
| 1318.png                 | 0.7768      | 0.6350      | 0.6644      | 0.9348      | 
| 1319.png                 | 0.9028      | 0.8228      | 0.8712      | 0.9367      | 
| 132.png                  | 0.8453      | 0.7321      | 0.9943      | 0.7352      | 
| 1320.png                 | 0.8822      | 0.7893      | 0.8513      | 0.9155      | 
| 1321.png                 | 0.7997      | 0.6663      | 1.0000      | 0.6663      | 
| 1322.png                 | 0.7384      | 0.5853      | 1.0000      | 0.5853      | 
| 1323.png                 | 0.8084      | 0.6784      | 0.7157      | 0.9287      | 
| 1324.png                 | 0.8759      | 0.7791      | 1.0000      | 0.7791      | 
| 1325.png                 | 0.7914      | 0.6548      | 0.9888      | 0.6597      | 
| 1326.png                 | 0.7990      | 0.6652      | 0.8117      | 0.7867      | 
| 1327.png                 | 0.9360      | 0.8797      | 0.9454      | 0.9268      | 
| 1328.png                 | 0.9346      | 0.8772      | 0.9628      | 0.9080      | 
| 1329.png                 | 0.8196      | 0.6943      | 0.9930      | 0.6977      | 
| 133.png                  | 0.9447      | 0.8953      | 0.9965      | 0.8981      | 
| 1330.png                 | 0.6562      | 0.4883      | 0.5714      | 0.7705      | 
| 1333.png                 | 0.7922      | 0.6560      | 0.7208      | 0.8795      | 
| 1334.png                 | 0.7335      | 0.5792      | 0.9872      | 0.5836      | 
| 1335.png                 | 0.8752      | 0.7781      | 1.0000      | 0.7781      | 
| 1337.png                 | 0.8994      | 0.8171      | 0.9820      | 0.8295      | 
| 134.png                  | 0.9533      | 0.9108      | 0.9752      | 0.9324      | 
| 1345.png                 | 0.8528      | 0.7434      | 0.9910      | 0.7485      | 
| 1348.png                 | 0.6115      | 0.4404      | 0.4481      | 0.9624      | 
| 1349.png                 | 0.8677      | 0.7663      | 0.9861      | 0.7746      | 
| 1350.png                 | 0.8698      | 0.7697      | 0.9154      | 0.8286      | 
| 1353.png                 | 0.4101      | 0.2579      | 0.2581      | 0.9978      | 
| 1354.png                 | 0.8847      | 0.7933      | 0.8021      | 0.9863      | 
| 1355.png                 | 0.8926      | 0.8060      | 0.8617      | 0.9257      | 
| 1356.png                 | 0.9589      | 0.9210      | 0.9630      | 0.9547      | 
| 1357.png                 | 0.9666      | 0.9353      | 0.9619      | 0.9713      | 
| 1358.png                 | 0.9593      | 0.9218      | 0.9632      | 0.9554      | 
| 1359.png                 | 0.9321      | 0.8729      | 0.9562      | 0.9092      | 
| 1370.png                 | 0.8068      | 0.6761      | 0.7105      | 0.9332      | 
| 1371.png                 | 0.7740      | 0.6313      | 0.6550      | 0.9458      | 
| 1372.png                 | 0.9267      | 0.8634      | 0.8880      | 0.9689      | 
| 1373.png                 | 0.9027      | 0.8227      | 0.9050      | 0.9004      | 
| 1374.png                 | 0.7511      | 0.6014      | 0.6239      | 0.9435      | 
| 1375.png                 | 0.6996      | 0.5380      | 0.5651      | 0.9182      | 
| 1376.png                 | 0.7864      | 0.6480      | 0.6857      | 0.9218      | 
| 1377.png                 | 0.8013      | 0.6685      | 0.9098      | 0.7159      | 
| 1378.png                 | 0.6244      | 0.4539      | 0.5104      | 0.8039      | 
| 1379.png                 | 0.7650      | 0.6195      | 0.6931      | 0.8537      | 
| 1380.png                 | 0.5509      | 0.3801      | 0.4051      | 0.8604      | 
| 1381.png                 | 0.7500      | 0.6000      | 0.6300      | 0.9264      | 
| 1382.png                 | 0.7240      | 0.5674      | 0.9377      | 0.5896      | 
| 1389.png                 | 0.7746      | 0.6321      | 0.7668      | 0.7826      | 
| 139.png                  | 0.9428      | 0.8918      | 0.9816      | 0.9070      | 
| 1390.png                 | 0.9095      | 0.8340      | 0.9844      | 0.8451      | 
| 1397.png                 | 0.5594      | 0.3883      | 0.6420      | 0.4957      | 
| 14.png                   | 0.9567      | 0.9169      | 0.9884      | 0.9269      | 
| 140.png                  | 0.9366      | 0.8808      | 0.9738      | 0.9022      | 
| 1405.png                 | 0.7688      | 0.6245      | 0.6549      | 0.9308      | 
| 1406.png                 | 0.7216      | 0.5645      | 0.6053      | 0.8933      | 
| 1407.png                 | 0.8143      | 0.6868      | 0.8022      | 0.8268      | 
| 1409.png                 | 0.8980      | 0.8149      | 0.9111      | 0.8853      | 
| 1410.png                 | 0.9011      | 0.8199      | 0.8543      | 0.9533      | 
| 1411.png                 | 0.8716      | 0.7724      | 0.8365      | 0.9097      | 
| 1412.png                 | 0.8251      | 0.7022      | 0.9862      | 0.7092      | 
| 1414.png                 | 0.7830      | 0.6433      | 0.6877      | 0.9089      | 
| 1415.png                 | 0.8345      | 0.7160      | 0.8150      | 0.8550      | 
| 1416.png                 | 0.8919      | 0.8048      | 0.8883      | 0.8954      | 
| 1417.png                 | 0.8680      | 0.7668      | 0.9130      | 0.8272      | 
| 1418.png                 | 0.9268      | 0.8635      | 0.9735      | 0.8843      | 
| 1419.png                 | 0.8946      | 0.8093      | 0.9269      | 0.8645      | 
| 142.png                  | 0.8981      | 0.8151      | 0.9954      | 0.8182      | 
| 1420.png                 | 0.8091      | 0.6795      | 0.9835      | 0.6873      | 
| 1422.png                 | 0.7654      | 0.6199      | 0.6436      | 0.9441      | 
| 1424.png                 | 0.7574      | 0.6095      | 0.6482      | 0.9107      | 
| 1426.png                 | 0.8665      | 0.7644      | 0.7811      | 0.9728      | 
| 1427.png                 | 0.9030      | 0.8232      | 0.9675      | 0.8466      | 
| 1428.png                 | 0.9404      | 0.8875      | 0.9769      | 0.9066      | 
| 1429.png                 | 0.9212      | 0.8540      | 0.9475      | 0.8964      | 
| 143.png                  | 0.9281      | 0.8658      | 0.9955      | 0.8692      | 
| 1432.png                 | 0.8633      | 0.7595      | 0.8561      | 0.8706      | 
| 1433.png                 | 0.9076      | 0.8308      | 0.9212      | 0.8944      | 
| 1435.png                 | 0.4319      | 0.2754      | 0.2772      | 0.9772      | 
| 1436.png                 | 0.8589      | 0.7527      | 0.7729      | 0.9665      | 
| 1437.png                 | 0.8685      | 0.7676      | 0.7892      | 0.9655      | 
| 1438.png                 | 0.9237      | 0.8582      | 0.9491      | 0.8997      | 
| 1439.png                 | 0.9184      | 0.8490      | 0.9910      | 0.8556      | 
| 1442.png                 | 0.8386      | 0.7221      | 0.7913      | 0.8920      | 
| 1443.png                 | 0.8829      | 0.7903      | 0.8916      | 0.8743      | 
| 1444.png                 | 0.9162      | 0.8453      | 0.9138      | 0.9185      | 
| 1445.png                 | 0.9748      | 0.9509      | 0.9864      | 0.9636      | 
| 1446.png                 | 0.9309      | 0.8707      | 0.9639      | 0.9000      | 
| 1450.png                 | 0.0000      | 0.0000      | 0.0000      | 0.0000      | 
| 1451.png                 | 0.7443      | 0.5927      | 0.6090      | 0.9569      | 
| 1452.png                 | 0.8399      | 0.7239      | 0.7604      | 0.9380      | 
| 1453.png                 | 0.9168      | 0.8463      | 0.9306      | 0.9034      | 
| 1454.png                 | 0.9219      | 0.8551      | 0.9952      | 0.8587      | 
| 1455.png                 | 0.6711      | 0.5051      | 0.9921      | 0.5071      | 
| 1456.png                 | 0.1200      | 0.0639      | 0.0649      | 0.7948      | 
| 1457.png                 | 0.8266      | 0.7044      | 0.7611      | 0.9044      | 
| 1458.png                 | 0.8319      | 0.7122      | 0.7369      | 0.9550      | 
| 1460.png                 | 0.7687      | 0.6243      | 0.9122      | 0.6642      | 
| 1461.png                 | 0.3813      | 0.2356      | 0.2484      | 0.8198      | 
| 1462.png                 | 0.8502      | 0.7395      | 0.7450      | 0.9901      | 
| 1469.png                 | 0.9057      | 0.8277      | 0.9433      | 0.8711      | 
| 147.png                  | 0.3150      | 0.1869      | 0.1871      | 0.9954      | 
| 1470.png                 | 0.7154      | 0.5570      | 0.5886      | 0.9119      | 
| 1472.png                 | 0.7826      | 0.6428      | 0.7161      | 0.8626      | 
| 1473.png                 | 0.6417      | 0.4724      | 0.5033      | 0.8850      | 
| 1474.png                 | 0.7853      | 0.6466      | 0.6772      | 0.9346      | 
| 1476.png                 | 0.8381      | 0.7213      | 0.7422      | 0.9624      | 
| 1477.png                 | 0.6947      | 0.5322      | 0.5461      | 0.9543      | 
| 1478.png                 | 0.8066      | 0.6759      | 0.6981      | 0.9550      | 
| 1479.png                 | 0.6038      | 0.4324      | 0.4678      | 0.8511      | 
| 1480.png                 | 0.8586      | 0.7522      | 0.8549      | 0.8622      | 
| 1481.png                 | 0.7895      | 0.6522      | 0.7177      | 0.8771      | 
| 1482.png                 | 0.7880      | 0.6501      | 0.9420      | 0.6772      | 
| 1484.png                 | 0.8590      | 0.7529      | 0.7678      | 0.9748      | 
| 1485.png                 | 0.8050      | 0.6737      | 0.7579      | 0.8585      | 
| 1486.png                 | 0.7608      | 0.6139      | 0.7829      | 0.7400      | 
| 1487.png                 | 0.0103      | 0.0052      | 0.0052      | 0.7086      | 
| 1488.png                 | 0.8236      | 0.7001      | 0.8168      | 0.8305      | 
| 1490.png                 | 0.7090      | 0.5492      | 0.6899      | 0.7291      | 
| 1491.png                 | 0.6310      | 0.4609      | 0.4729      | 0.9481      | 
| 1492.png                 | 0.8330      | 0.7138      | 0.7478      | 0.9402      | 
| 1496.png                 | 0.5888      | 0.4172      | 0.9006      | 0.4374      | 
| 1498.png                 | 0.0000      | 0.0000      | 0.0000      | 0.0000      | 
| 1499.png                 | 0.8358      | 0.7180      | 0.7869      | 0.8912      | 
| 15.png                   | 0.9017      | 0.8209      | 0.9690      | 0.8431      | 
| 1500.png                 | 0.6144      | 0.4434      | 0.4522      | 0.9581      | 
| 1501.png                 | 0.9048      | 0.8262      | 0.8604      | 0.9540      | 
| 1503.png                 | 0.7737      | 0.6310      | 0.6430      | 0.9712      | 
| 1506.png                 | 0.5398      | 0.3697      | 0.3804      | 0.9294      | 
| 1507.png                 | 0.9116      | 0.8375      | 0.9065      | 0.9167      | 
| 1508.png                 | 0.9038      | 0.8245      | 0.8531      | 0.9609      | 
| 1509.png                 | 0.9376      | 0.8826      | 0.9348      | 0.9405      | 
| 1510.png                 | 0.5158      | 0.3475      | 0.3738      | 0.8313      | 
| 1511.png                 | 0.7351      | 0.5811      | 0.8060      | 0.6756      | 
| 1512.png                 | 0.8346      | 0.7161      | 0.7565      | 0.9305      | 
| 1513.png                 | 0.9149      | 0.8431      | 0.9046      | 0.9254      | 
| 1514.png                 | 0.4279      | 0.2722      | 0.9453      | 0.2766      | 
| 1516.png                 | 0.8994      | 0.8172      | 0.9346      | 0.8668      | 
| 1517.png                 | 0.9495      | 0.9039      | 0.9590      | 0.9402      | 
| 1518.png                 | 0.9451      | 0.8960      | 0.9356      | 0.9548      | 
| 1519.png                 | 0.8845      | 0.7929      | 0.8120      | 0.9712      | 
| 1520.png                 | 0.8452      | 0.7319      | 0.9903      | 0.7372      | 
| 1523.png                 | 0.5680      | 0.3967      | 0.8164      | 0.4355      | 
| 1525.png                 | 0.5772      | 0.4056      | 0.5810      | 0.5734      | 
| 1527.png                 | 0.8624      | 0.7581      | 0.8142      | 0.9168      | 
| 1533.png                 | 0.8081      | 0.6780      | 0.8787      | 0.7480      | 
| 1534.png                 | 0.8927      | 0.8062      | 0.8425      | 0.9493      | 
| 1535.png                 | 0.9307      | 0.8705      | 0.9488      | 0.9133      | 
| 1536.png                 | 0.8856      | 0.7946      | 0.8689      | 0.9028      | 
| 1538.png                 | 0.4447      | 0.2860      | 0.9915      | 0.2867      | 
| 1539.png                 | 0.9486      | 0.9022      | 0.9435      | 0.9537      | 
| 154.png                  | 0.9396      | 0.8860      | 0.9426      | 0.9366      | 
| 1540.png                 | 0.9669      | 0.9360      | 0.9534      | 0.9808      | 
| 1541.png                 | 0.9597      | 0.9225      | 0.9299      | 0.9915      | 
| 1542.png                 | 0.9475      | 0.9002      | 0.9257      | 0.9703      | 
| 1543.png                 | 0.9302      | 0.8696      | 0.9855      | 0.8808      | 
| 1545.png                 | 0.4127      | 0.2600      | 0.2610      | 0.9859      | 
| 1546.png                 | 0.4660      | 0.3038      | 0.3043      | 0.9950      | 
| 1547.png                 | 0.3973      | 0.2479      | 0.2482      | 0.9940      | 
| 1548.png                 | 0.8649      | 0.7619      | 0.7663      | 0.9926      | 
| 1549.png                 | 0.8735      | 0.7754      | 0.7835      | 0.9869      | 
| 155.png                  | 0.9264      | 0.8629      | 0.9177      | 0.9353      | 
| 1550.png                 | 0.9205      | 0.8527      | 0.8744      | 0.9717      | 
| 1551.png                 | 0.6207      | 0.4500      | 0.4559      | 0.9722      | 
| 1553.png                 | 0.8305      | 0.7102      | 0.8582      | 0.8046      | 
| 1554.png                 | 0.8862      | 0.7957      | 0.8434      | 0.9336      | 
| 1555.png                 | 0.8102      | 0.6810      | 0.6850      | 0.9913      | 
| 1556.png                 | 0.6654      | 0.4986      | 0.5279      | 0.8998      | 
| 1557.png                 | 0.8610      | 0.7559      | 0.8741      | 0.8482      | 
| 1558.png                 | 0.8612      | 0.7563      | 0.8265      | 0.8991      | 
| 1559.png                 | 0.9148      | 0.8429      | 0.9030      | 0.9268      | 
| 1560.png                 | 0.8955      | 0.8108      | 0.8909      | 0.9002      | 
| 1561.png                 | 0.9257      | 0.8617      | 0.8966      | 0.9569      | 
| 1562.png                 | 0.8549      | 0.7466      | 0.8800      | 0.8312      | 
| 1563.png                 | 0.5693      | 0.3980      | 0.9781      | 0.4015      | 
| 1564.png                 | 0.7592      | 0.6119      | 0.9331      | 0.6400      | 
| 1565.png                 | 0.7539      | 0.6050      | 0.7131      | 0.7996      | 
| 1566.png                 | 0.6357      | 0.4659      | 0.4932      | 0.8939      | 
| 1567.png                 | 0.8060      | 0.6750      | 0.7923      | 0.8201      | 
| 1568.png                 | 0.0000      | 0.0000      | 0.0000      | 0.0000      | 
| 157.png                  | 0.8955      | 0.8108      | 0.8301      | 0.9721      | 
| 1571.png                 | 0.8297      | 0.7090      | 0.8550      | 0.8060      | 
| 1572.png                 | 0.4262      | 0.2708      | 0.2801      | 0.8909      | 
| 1577.png                 | 0.9050      | 0.8265      | 0.8393      | 0.9819      | 
| 1578.png                 | 0.9114      | 0.8373      | 0.9298      | 0.8938      | 
| 1579.png                 | 0.9336      | 0.8755      | 0.9584      | 0.9101      | 
| 158.png                  | 0.8621      | 0.7576      | 0.7728      | 0.9747      | 
| 1580.png                 | 0.6252      | 0.4547      | 0.8986      | 0.4793      | 
| 1590.png                 | 0.8140      | 0.6863      | 0.7338      | 0.9138      | 
| 1591.png                 | 0.7977      | 0.6635      | 0.8079      | 0.7878      | 
| 1592.png                 | 0.7287      | 0.5732      | 0.5762      | 0.9909      | 
| 1593.png                 | 0.7675      | 0.6228      | 0.6522      | 0.9324      | 
| 1594.png                 | 0.8356      | 0.7176      | 0.9082      | 0.7737      | 
| 1595.png                 | 0.7538      | 0.6049      | 0.6433      | 0.9102      | 
| 1596.png                 | 0.7805      | 0.6400      | 0.9089      | 0.6839      | 
| 1597.png                 | 0.8091      | 0.6795      | 0.9969      | 0.6809      | 
| 1598.png                 | 0.6975      | 0.5355      | 0.9055      | 0.5671      | 
| 16.png                   | 0.7804      | 0.6399      | 0.7126      | 0.8626      | 
| 160.png                  | 0.8870      | 0.7970      | 0.9859      | 0.8062      | 
| 1600.png                 | 0.8439      | 0.7300      | 0.9462      | 0.7616      | 
| 1601.png                 | 0.8959      | 0.8114      | 0.8594      | 0.9355      | 
| 1602.png                 | 0.9153      | 0.8439      | 0.9617      | 0.8732      | 
| 1603.png                 | 0.9102      | 0.8352      | 0.9402      | 0.8821      | 
| 1604.png                 | 0.8023      | 0.6699      | 1.0000      | 0.6699      | 
| 1605.png                 | 0.4683      | 0.3058      | 0.4652      | 0.4716      | 
| 1606.png                 | 0.5259      | 0.3568      | 0.6673      | 0.4340      | 
| 1608.png                 | 0.8199      | 0.6948      | 0.9614      | 0.7147      | 
| 1609.png                 | 0.8349      | 0.7166      | 0.8059      | 0.8661      | 
| 161.png                  | 0.9441      | 0.8941      | 0.9685      | 0.9208      | 
| 1610.png                 | 0.6345      | 0.4646      | 0.4713      | 0.9706      | 
| 1611.png                 | 0.8838      | 0.7918      | 0.8218      | 0.9559      | 
| 1612.png                 | 0.9094      | 0.8338      | 0.8709      | 0.9514      | 
| 1613.png                 | 0.7520      | 0.6025      | 0.6042      | 0.9954      | 
| 1614.png                 | 0.8670      | 0.7653      | 0.9480      | 0.7988      | 
| 1617.png                 | 0.7951      | 0.6598      | 0.7330      | 0.8687      | 
| 1618.png                 | 0.8556      | 0.7477      | 0.8155      | 0.8999      | 
| 1619.png                 | 0.8776      | 0.7819      | 0.8422      | 0.9161      | 
| 162.png                  | 0.9189      | 0.8499      | 0.9961      | 0.8527      | 
| 1620.png                 | 0.7427      | 0.5907      | 0.7131      | 0.7750      | 
| 1622.png                 | 0.8230      | 0.6992      | 0.8747      | 0.7770      | 
| 1625.png                 | 0.9256      | 0.8615      | 0.9340      | 0.9174      | 
| 1626.png                 | 0.8850      | 0.7937      | 0.9744      | 0.8106      | 
| 1628.png                 | 0.6065      | 0.4353      | 0.7881      | 0.4930      | 
| 1629.png                 | 0.9184      | 0.8490      | 0.9492      | 0.8894      | 
| 1630.png                 | 0.9030      | 0.8232      | 0.9176      | 0.8889      | 
| 1631.png                 | 0.9428      | 0.8918      | 0.9649      | 0.9217      | 
| 1632.png                 | 0.7082      | 0.5482      | 0.9367      | 0.5693      | 
| 1635.png                 | 0.9066      | 0.8292      | 0.9721      | 0.8494      | 
| 1636.png                 | 0.9432      | 0.8924      | 0.9368      | 0.9496      | 
| 1637.png                 | 0.9254      | 0.8612      | 0.9243      | 0.9266      | 
| 1638.png                 | 0.9048      | 0.8261      | 0.8728      | 0.9392      | 
| 1639.png                 | 0.8966      | 0.8127      | 0.8985      | 0.8949      | 
| 164.png                  | 0.9327      | 0.8740      | 0.9426      | 0.9231      | 
| 165.png                  | 0.8393      | 0.7231      | 0.7882      | 0.8975      | 
| 1656.png                 | 0.3949      | 0.2461      | 0.2557      | 0.8670      | 
| 1657.png                 | 0.0206      | 0.0104      | 0.0104      | 0.9246      | 
| 166.png                  | 0.9454      | 0.8964      | 0.9748      | 0.9177      | 
| 1665.png                 | 0.6352      | 0.4655      | 0.6398      | 0.6307      | 
| 1666.png                 | 0.7134      | 0.5544      | 0.5999      | 0.8798      | 
| 1667.png                 | 0.8993      | 0.8171      | 0.8592      | 0.9434      | 
| 1668.png                 | 0.7756      | 0.6334      | 0.9482      | 0.6561      | 
| 1669.png                 | 0.6220      | 0.4514      | 0.7004      | 0.5594      | 
| 167.png                  | 0.9254      | 0.8612      | 0.9947      | 0.8652      | 
| 1670.png                 | 0.6156      | 0.4447      | 0.9399      | 0.4577      | 
| 1671.png                 | 0.4659      | 0.3037      | 0.3914      | 0.5755      | 
| 1672.png                 | 0.7500      | 0.6000      | 0.8773      | 0.6550      | 
| 1677.png                 | 0.7735      | 0.6307      | 0.9761      | 0.6405      | 
| 1679.png                 | 0.7488      | 0.5984      | 0.6185      | 0.9487      | 
| 168.png                  | 0.8620      | 0.7575      | 0.9840      | 0.7670      | 
| 1681.png                 | 0.7198      | 0.5622      | 0.5871      | 0.9300      | 
| 1685.png                 | 0.4302      | 0.2741      | 0.3091      | 0.7076      | 
| 1689.png                 | 0.4831      | 0.3185      | 0.3337      | 0.8749      | 
| 1691.png                 | 0.4333      | 0.2766      | 0.2925      | 0.8362      | 
| 1692.png                 | 0.3470      | 0.2099      | 0.2155      | 0.8890      | 
| 1693.png                 | 0.4761      | 0.3124      | 0.3167      | 0.9587      | 
| 1694.png                 | 0.5750      | 0.4035      | 0.4106      | 0.9593      | 
| 1697.png                 | 0.0301      | 0.0153      | 0.0153      | 0.9225      | 
| 1699.png                 | 0.8998      | 0.8179      | 0.9087      | 0.8912      | 
| 17.png                   | 0.7481      | 0.5975      | 0.9618      | 0.6121      | 
| 1700.png                 | 0.8398      | 0.7239      | 0.7444      | 0.9634      | 
| 1701.png                 | 0.8771      | 0.7811      | 0.8298      | 0.9301      | 
| 1702.png                 | 0.8569      | 0.7496      | 0.8042      | 0.9168      | 
| 1705.png                 | 0.7927      | 0.6566      | 0.7521      | 0.8380      | 
| 1706.png                 | 0.8828      | 0.7901      | 0.8794      | 0.8862      | 
| 1707.png                 | 0.7603      | 0.6133      | 0.6475      | 0.9207      | 
| 1708.png                 | 0.6110      | 0.4399      | 0.4623      | 0.9007      | 
| 1713.png                 | 0.5144      | 0.3462      | 0.9936      | 0.3470      | 
| 1715.png                 | 0.8993      | 0.8170      | 0.9264      | 0.8737      | 
| 172.png                  | 0.9594      | 0.9220      | 0.9667      | 0.9522      | 
| 1722.png                 | 0.8837      | 0.7916      | 0.8452      | 0.9258      | 
| 1723.png                 | 0.8792      | 0.7844      | 0.9402      | 0.8256      | 
| 1724.png                 | 0.8033      | 0.6713      | 0.9348      | 0.7042      | 
| 1726.png                 | 0.9027      | 0.8226      | 0.9033      | 0.9020      | 
| 1727.png                 | 0.8890      | 0.8001      | 0.8258      | 0.9627      | 
| 1728.png                 | 0.7189      | 0.5612      | 0.5787      | 0.9488      | 
| 1729.png                 | 0.7444      | 0.5929      | 0.6078      | 0.9604      | 
| 173.png                  | 0.9482      | 0.9014      | 0.9604      | 0.9362      | 
| 1730.png                 | 0.8822      | 0.7892      | 0.8028      | 0.9789      | 
| 1731.png                 | 0.9492      | 0.9034      | 0.9424      | 0.9561      | 
| 1732.png                 | 0.7926      | 0.6564      | 0.6645      | 0.9819      | 
| 1733.png                 | 0.9003      | 0.8187      | 0.9692      | 0.8405      | 
| 1741.png                 | 0.6334      | 0.4634      | 0.6140      | 0.6540      | 
| 1743.png                 | 0.3370      | 0.2026      | 0.2041      | 0.9655      | 
| 1745.png                 | 0.4717      | 0.3086      | 0.3120      | 0.9664      | 
| 1746.png                 | 0.4198      | 0.2657      | 0.2721      | 0.9189      | 
| 1747.png                 | 0.3678      | 0.2253      | 0.2746      | 0.5567      | 
| 1748.png                 | 0.7703      | 0.6265      | 0.6743      | 0.8983      | 
| 1749.png                 | 0.8345      | 0.7159      | 0.7779      | 0.8999      | 
| 175.png                  | 0.8988      | 0.8161      | 0.9781      | 0.8313      | 
| 1750.png                 | 0.9199      | 0.8517      | 0.9347      | 0.9056      | 
| 1751.png                 | 0.9196      | 0.8512      | 0.9897      | 0.8588      | 
| 1752.png                 | 0.8439      | 0.7300      | 0.9532      | 0.7571      | 
| 1753.png                 | 0.8467      | 0.7341      | 0.9576      | 0.7588      | 
| 1759.png                 | 0.3746      | 0.2305      | 0.2367      | 0.8973      | 
| 176.png                  | 0.9141      | 0.8418      | 0.9945      | 0.8458      | 
| 1760.png                 | 0.8055      | 0.6743      | 0.7585      | 0.8586      | 
| 1761.png                 | 0.4757      | 0.3121      | 0.3392      | 0.7962      | 
| 1762.png                 | 0.1859      | 0.1024      | 0.1408      | 0.2734      | 
| 1764.png                 | 0.5954      | 0.4239      | 0.4290      | 0.9730      | 
| 1766.png                 | 0.6259      | 0.4555      | 0.4880      | 0.8723      | 
| 1767.png                 | 0.6974      | 0.5354      | 0.5588      | 0.9276      | 
| 177.png                  | 0.9430      | 0.8921      | 0.9969      | 0.8946      | 
| 1771.png                 | 0.9284      | 0.8663      | 0.9114      | 0.9460      | 
| 178.png                  | 0.9306      | 0.8702      | 0.9984      | 0.8715      | 
| 1781.png                 | 0.7817      | 0.6417      | 0.7022      | 0.8815      | 
| 1782.png                 | 0.5284      | 0.3590      | 0.3878      | 0.8288      | 
| 1786.png                 | 0.8729      | 0.7744      | 0.9728      | 0.7916      | 
| 1787.png                 | 0.8634      | 0.7597      | 0.9608      | 0.7840      | 
| 1788.png                 | 0.9013      | 0.8204      | 0.9757      | 0.8375      | 
| 1789.png                 | 0.8019      | 0.6693      | 0.9218      | 0.7095      | 
| 1790.png                 | 0.8752      | 0.7782      | 0.9768      | 0.7928      | 
| 1791.png                 | 0.3994      | 0.2496      | 0.2589      | 0.8737      | 
| 1793.png                 | 0.0170      | 0.0086      | 0.0086      | 1.0000      | 
| 1795.png                 | 0.5279      | 0.3586      | 0.8919      | 0.3749      | 
| 1796.png                 | 0.8961      | 0.8118      | 0.8891      | 0.9033      | 
| 1797.png                 | 0.9253      | 0.8610      | 0.8946      | 0.9582      | 
| 1798.png                 | 0.9245      | 0.8595      | 0.9258      | 0.9232      | 
| 1799.png                 | 0.6165      | 0.4456      | 0.8665      | 0.4785      | 
| 18.png                   | 0.8582      | 0.7517      | 1.0000      | 0.7517      | 
| 180.png                  | 0.9248      | 0.8600      | 1.0000      | 0.8600      | 
| 1800.png                 | 0.7200      | 0.5626      | 0.9440      | 0.5820      | 
| 1801.png                 | 0.4542      | 0.2939      | 0.3271      | 0.7432      | 
| 1802.png                 | 0.5129      | 0.3449      | 0.3736      | 0.8180      | 
| 1805.png                 | 0.6531      | 0.4849      | 0.5892      | 0.7325      | 
| 1808.png                 | 0.5067      | 0.3394      | 0.3497      | 0.9201      | 
| 181.png                  | 0.9671      | 0.9363      | 0.9958      | 0.9401      | 
| 182.png                  | 0.9350      | 0.8779      | 0.9966      | 0.8805      | 
| 1820.png                 | 0.6704      | 0.5042      | 0.5195      | 0.9449      | 
| 1822.png                 | 0.5867      | 0.4151      | 0.4312      | 0.9178      | 
| 1825.png                 | 0.9319      | 0.8725      | 0.8876      | 0.9809      | 
| 1826.png                 | 0.8085      | 0.6785      | 0.8870      | 0.7428      | 
| 1827.png                 | 0.8401      | 0.7243      | 0.8131      | 0.8690      | 
| 1828.png                 | 0.7864      | 0.6480      | 0.6790      | 0.9342      | 
| 1829.png                 | 0.6345      | 0.4647      | 0.9697      | 0.4715      | 
| 183.png                  | 0.9226      | 0.8563      | 0.9787      | 0.8725      | 
| 1830.png                 | 0.7631      | 0.6170      | 0.6812      | 0.8675      | 
| 1831.png                 | 0.7853      | 0.6465      | 0.6857      | 0.9188      | 
| 1832.png                 | 0.8094      | 0.6798      | 0.7329      | 0.9035      | 
| 1833.png                 | 0.8082      | 0.6781      | 0.7649      | 0.8566      | 
| 1834.png                 | 0.7404      | 0.5878      | 0.6490      | 0.8618      | 
| 1835.png                 | 0.4925      | 0.3267      | 0.3385      | 0.9034      | 
| 1836.png                 | 0.9423      | 0.8909      | 0.9078      | 0.9795      | 
| 1837.png                 | 0.9459      | 0.8974      | 0.9498      | 0.9420      | 
| 1838.png                 | 0.9507      | 0.9061      | 0.9458      | 0.9557      | 
| 1839.png                 | 0.9557      | 0.9151      | 0.9507      | 0.9607      | 
| 184.png                  | 0.4827      | 0.3182      | 0.3429      | 0.8154      | 
| 1840.png                 | 0.8406      | 0.7250      | 0.7844      | 0.9054      | 
| 185.png                  | 0.7119      | 0.5527      | 0.6177      | 0.8402      | 
| 1896.png                 | 0.5885      | 0.4169      | 0.9995      | 0.4170      | 
| 1897.png                 | 0.5742      | 0.4028      | 0.5772      | 0.5713      | 
| 19.png                   | 0.6854      | 0.5213      | 0.9981      | 0.5218      | 
| 192.png                  | 0.9115      | 0.8375      | 0.8868      | 0.9377      | 
| 193.png                  | 0.9120      | 0.8382      | 0.8570      | 0.9746      | 
| 194.png                  | 0.9754      | 0.9520      | 0.9626      | 0.9886      | 
| 195.png                  | 0.9703      | 0.9422      | 0.9792      | 0.9615      | 
| 1950.png                 | 0.8586      | 0.7522      | 0.8574      | 0.8598      | 
| 1956.png                 | 0.8622      | 0.7578      | 0.9866      | 0.7656      | 
| 1957.png                 | 0.6052      | 0.4339      | 0.9949      | 0.4349      | 
| 1958.png                 | 0.7492      | 0.5989      | 0.9976      | 0.5998      | 
| 196.png                  | 0.9505      | 0.9057      | 0.9509      | 0.9502      | 
| 1967.png                 | 0.8533      | 0.7441      | 0.9988      | 0.7447      | 
| 2.png                    | 0.8934      | 0.8074      | 0.9638      | 0.8327      | 
| 20.png                   | 0.8429      | 0.7285      | 0.9889      | 0.7346      | 
| 201.png                  | 0.8880      | 0.7986      | 0.8128      | 0.9785      | 
| 202.png                  | 0.9104      | 0.8356      | 0.8477      | 0.9832      | 
| 21.png                   | 0.9564      | 0.9164      | 0.9824      | 0.9317      | 
| 2102.png                 | 0.0269      | 0.0136      | 0.0136      | 1.0000      | 
| 211.png                  | 0.8406      | 0.7250      | 0.9886      | 0.7311      | 
| 212.png                  | 0.8635      | 0.7598      | 0.9882      | 0.7668      | 
| 213.png                  | 0.9247      | 0.8600      | 0.9525      | 0.8986      | 
| 214.png                  | 0.8821      | 0.7891      | 0.9309      | 0.8382      | 
| 215.png                  | 0.4869      | 0.3218      | 0.3667      | 0.7241      | 
| 216.png                  | 0.5899      | 0.4184      | 0.9713      | 0.4236      | 
| 217.png                  | 0.4858      | 0.3208      | 0.9711      | 0.3239      | 
| 218.png                  | 0.7952      | 0.6600      | 0.7914      | 0.7990      | 
| 2188.png                 | 0.3747      | 0.2306      | 0.9993      | 0.2306      | 
| 219.png                  | 0.7402      | 0.5875      | 0.6586      | 0.8448      | 
| 2190.png                 | 0.8108      | 0.6818      | 0.9987      | 0.6824      | 
| 2192.png                 | 0.9149      | 0.8432      | 0.9897      | 0.8507      | 
| 2199.png                 | 0.9052      | 0.8269      | 0.9805      | 0.8407      | 
| 22.png                   | 0.9465      | 0.8985      | 0.9595      | 0.9339      | 
| 220.png                  | 0.5494      | 0.3787      | 0.4137      | 0.8177      | 
| 2200.png                 | 0.8166      | 0.6901      | 0.9766      | 0.7017      | 
| 221.png                  | 0.8190      | 0.6935      | 0.9869      | 0.7000      | 
| 222.png                  | 0.9240      | 0.8587      | 0.9982      | 0.8600      | 
| 223.png                  | 0.9561      | 0.9159      | 0.9985      | 0.9172      | 
| 224.png                  | 0.9082      | 0.8319      | 0.9980      | 0.8332      | 
| 2244.png                 | 0.7416      | 0.5893      | 0.9973      | 0.5903      | 
| 225.png                  | 0.9209      | 0.8534      | 0.9982      | 0.8547      | 
| 2257.png                 | 0.4858      | 0.3208      | 0.9956      | 0.3213      | 
| 2259.png                 | 0.5038      | 0.3367      | 1.0000      | 0.3367      | 
| 226.png                  | 0.8667      | 0.7648      | 0.9922      | 0.7694      | 
| 227.png                  | 0.7877      | 0.6498      | 0.7800      | 0.7956      | 
| 228.png                  | 0.7538      | 0.6049      | 0.9992      | 0.6052      | 
| 229.png                  | 0.8099      | 0.6806      | 0.9677      | 0.6964      | 
| 23.png                   | 0.9569      | 0.9174      | 0.9927      | 0.9236      | 
| 230.png                  | 0.8117      | 0.6830      | 0.9923      | 0.6867      | 
| 2307.png                 | 0.8428      | 0.7283      | 0.9701      | 0.7450      | 
| 2308.png                 | 0.5044      | 0.3373      | 0.9974      | 0.3376      | 
| 2312.png                 | 0.5624      | 0.3912      | 1.0000      | 0.3912      | 
| 2313.png                 | 0.8540      | 0.7452      | 1.0000      | 0.7452      | 
| 2314.png                 | 0.8063      | 0.6754      | 1.0000      | 0.6754      | 
| 2315.png                 | 0.8064      | 0.6757      | 1.0000      | 0.6757      | 
| 2316.png                 | 0.5421      | 0.3718      | 1.0000      | 0.3718      | 
| 2318.png                 | 0.4806      | 0.3163      | 0.9345      | 0.3235      | 
| 233.png                  | 0.9450      | 0.8958      | 0.9479      | 0.9422      | 
| 234.png                  | 0.9619      | 0.9266      | 0.9841      | 0.9407      | 
| 235.png                  | 0.9621      | 0.9269      | 0.9877      | 0.9377      | 
| 236.png                  | 0.6354      | 0.4656      | 0.9767      | 0.4708      | 
| 237.png                  | 0.8626      | 0.7584      | 0.9840      | 0.7679      | 
| 2371.png                 | 0.3619      | 0.2209      | 0.2209      | 1.0000      | 
| 2379.png                 | 0.4405      | 0.2825      | 0.2825      | 1.0000      | 
| 238.png                  | 0.8053      | 0.6740      | 0.9823      | 0.6823      | 
| 2381.png                 | 0.3886      | 0.2411      | 0.2411      | 1.0000      | 
| 239.png                  | 0.8893      | 0.8007      | 0.9574      | 0.8303      | 
| 24.png                   | 0.5354      | 0.3656      | 0.7371      | 0.4204      | 
| 2411.png                 | 0.5346      | 0.3648      | 1.0000      | 0.3648      | 
| 2412.png                 | 0.6153      | 0.4443      | 1.0000      | 0.4443      | 
| 242.png                  | 0.7657      | 0.6204      | 0.6405      | 0.9519      | 
| 2427.png                 | 0.7254      | 0.5692      | 1.0000      | 0.5692      | 
| 2428.png                 | 0.6579      | 0.4902      | 1.0000      | 0.4902      | 
| 243.png                  | 0.9538      | 0.9117      | 0.9823      | 0.9269      | 
| 2431.png                 | 0.4573      | 0.2964      | 0.9987      | 0.2965      | 
| 2432.png                 | 0.3955      | 0.2465      | 1.0000      | 0.2465      | 
| 2438.png                 | 0.3933      | 0.2448      | 0.2500      | 0.9220      | 
| 244.png                  | 0.9054      | 0.8272      | 0.9938      | 0.8314      | 
| 2446.png                 | 0.3356      | 0.2017      | 0.2031      | 0.9669      | 
| 2447.png                 | 0.6429      | 0.4738      | 1.0000      | 0.4738      | 
| 2448.png                 | 0.7331      | 0.5786      | 1.0000      | 0.5786      | 
| 2449.png                 | 0.4497      | 0.2901      | 1.0000      | 0.2901      | 
| 245.png                  | 0.7570      | 0.6090      | 0.9959      | 0.6105      | 
| 2456.png                 | 0.3395      | 0.2044      | 0.2045      | 0.9985      | 
| 2457.png                 | 0.3691      | 0.2263      | 0.2263      | 0.9998      | 
| 246.png                  | 0.7489      | 0.5987      | 0.6846      | 0.8266      | 
| 247.png                  | 0.9072      | 0.8301      | 0.9677      | 0.8537      | 
| 2477.png                 | 0.5985      | 0.4270      | 0.9945      | 0.4281      | 
| 2482.png                 | 0.5217      | 0.3529      | 0.9969      | 0.3533      | 
| 2483.png                 | 0.5236      | 0.3546      | 1.0000      | 0.3546      | 
| 25.png                   | 0.6337      | 0.4638      | 0.5759      | 0.7044      | 
| 250.png                  | 0.9121      | 0.8384      | 0.9624      | 0.8668      | 
| 251.png                  | 0.9025      | 0.8223      | 0.9592      | 0.8521      | 
| 253.png                  | 0.8072      | 0.6767      | 0.9647      | 0.6938      | 
| 254.png                  | 0.8392      | 0.7230      | 1.0000      | 0.7230      | 
| 2542.png                 | 0.8330      | 0.7139      | 0.9879      | 0.7202      | 
| 2544.png                 | 0.9316      | 0.8719      | 0.9827      | 0.8855      | 
| 2545.png                 | 0.8662      | 0.7639      | 0.9170      | 0.8207      | 
| 255.png                  | 0.7731      | 0.6301      | 1.0000      | 0.6301      | 
| 256.png                  | 0.9247      | 0.8599      | 0.9856      | 0.8708      | 
| 2562.png                 | 0.4839      | 0.3192      | 0.9316      | 0.3268      | 
| 2564.png                 | 0.3498      | 0.2119      | 0.2119      | 1.0000      | 
| 2565.png                 | 0.3615      | 0.2206      | 0.2206      | 1.0000      | 
| 257.png                  | 0.9320      | 0.8726      | 0.9909      | 0.8797      | 
| 258.png                  | 0.9278      | 0.8653      | 0.9923      | 0.8711      | 
| 259.png                  | 0.8499      | 0.7389      | 1.0000      | 0.7389      | 
| 260.png                  | 0.7465      | 0.5956      | 1.0000      | 0.5956      | 
| 2606.png                 | 0.3563      | 0.2168      | 0.2212      | 0.9158      | 
| 261.png                  | 0.8548      | 0.7464      | 0.9726      | 0.7624      | 
| 262.png                  | 0.8247      | 0.7017      | 0.9670      | 0.7189      | 
| 263.png                  | 0.8504      | 0.7397      | 0.9917      | 0.7443      | 
| 264.png                  | 0.8185      | 0.6928      | 0.9993      | 0.6932      | 
| 265.png                  | 0.8442      | 0.7304      | 0.9997      | 0.7306      | 
| 2654.png                 | 0.7166      | 0.5584      | 1.0000      | 0.5584      | 
| 266.png                  | 0.9371      | 0.8817      | 0.9751      | 0.9020      | 
| 267.png                  | 0.8465      | 0.7339      | 0.9963      | 0.7359      | 
| 2703.png                 | 0.4575      | 0.2966      | 0.9846      | 0.2980      | 
| 2718.png                 | 0.4404      | 0.2823      | 0.8826      | 0.2934      | 
| 2724.png                 | 0.5473      | 0.3768      | 1.0000      | 0.3768      | 
| 2725.png                 | 0.8188      | 0.6932      | 0.9838      | 0.7013      | 
| 2726.png                 | 0.8392      | 0.7230      | 1.0000      | 0.7230      | 
| 2728.png                 | 0.9131      | 0.8401      | 0.9927      | 0.8454      | 
| 2729.png                 | 0.8789      | 0.7840      | 0.9987      | 0.7848      | 
| 2764.png                 | 0.3215      | 0.1915      | 0.1915      | 1.0000      | 
| 2770.png                 | 0.7182      | 0.5603      | 0.9637      | 0.5724      | 
| 2771.png                 | 0.3614      | 0.2206      | 0.9419      | 0.2236      | 
| 2789.png                 | 0.3825      | 0.2364      | 1.0000      | 0.2364      | 
| 2790.png                 | 0.4123      | 0.2597      | 1.0000      | 0.2597      | 
| 2791.png                 | 0.4030      | 0.2523      | 0.9946      | 0.2527      | 
| 2792.png                 | 0.7339      | 0.5797      | 0.9550      | 0.5960      | 
| 2793.png                 | 0.4934      | 0.3275      | 1.0000      | 0.3275      | 
| 2795.png                 | 0.3064      | 0.1809      | 0.1809      | 1.0000      | 
| 2796.png                 | 0.3575      | 0.2177      | 0.2177      | 1.0000      | 
| 28.png                   | 0.8359      | 0.7181      | 0.9903      | 0.7232      | 
| 281.png                  | 0.7730      | 0.6300      | 1.0000      | 0.6300      | 
| 2812.png                 | 0.3561      | 0.2166      | 1.0000      | 0.2166      | 
| 2826.png                 | 0.6224      | 0.4518      | 1.0000      | 0.4518      | 
| 2829.png                 | 0.8424      | 0.7277      | 1.0000      | 0.7277      | 
| 2831.png                 | 0.4633      | 0.3015      | 0.3150      | 0.8757      | 
| 2833.png                 | 0.5521      | 0.3813      | 1.0000      | 0.3813      | 
| 2843.png                 | 0.6015      | 0.4301      | 0.9238      | 0.4459      | 
| 2844.png                 | 0.8840      | 0.7921      | 0.9855      | 0.8014      | 
| 2845.png                 | 0.5868      | 0.4153      | 0.5030      | 0.7042      | 
| 2870.png                 | 0.5380      | 0.3680      | 0.3746      | 0.9542      | 
| 2871.png                 | 0.8571      | 0.7499      | 0.8704      | 0.8441      | 
| 2883.png                 | 0.6231      | 0.4525      | 0.9656      | 0.4599      | 
| 2884.png                 | 0.4416      | 0.2834      | 0.9385      | 0.2888      | 
| 2895.png                 | 0.9120      | 0.8382      | 0.9384      | 0.8870      | 
| 2896.png                 | 0.9412      | 0.8889      | 0.9246      | 0.9583      | 
| 2897.png                 | 0.9194      | 0.8508      | 0.9410      | 0.8987      | 
| 2898.png                 | 0.5185      | 0.3500      | 0.9949      | 0.3506      | 
| 29.png                   | 0.9322      | 0.8730      | 0.9939      | 0.8777      | 
| 2900.png                 | 0.9162      | 0.8453      | 0.9325      | 0.9004      | 
| 2901.png                 | 0.9554      | 0.9147      | 0.9865      | 0.9263      | 
| 2902.png                 | 0.9285      | 0.8665      | 0.9932      | 0.8716      | 
| 2903.png                 | 0.8409      | 0.7255      | 0.9777      | 0.7377      | 
| 2904.png                 | 0.8423      | 0.7275      | 0.9896      | 0.7331      | 
| 2905.png                 | 0.7576      | 0.6097      | 0.9951      | 0.6116      | 
| 2939.png                 | 0.3529      | 0.2143      | 0.2143      | 1.0000      | 
| 2940.png                 | 0.3614      | 0.2206      | 0.2206      | 1.0000      | 
| 295.png                  | 0.9603      | 0.9236      | 0.9882      | 0.9339      | 
| 2989.png                 | 0.3833      | 0.2371      | 0.2405      | 0.9433      | 
| 3.png                    | 0.9426      | 0.8913      | 0.9802      | 0.9077      | 
| 30.png                   | 0.9334      | 0.8751      | 0.9927      | 0.8807      | 
| 301.png                  | 0.9680      | 0.9380      | 0.9927      | 0.9445      | 
| 3022.png                 | 0.8522      | 0.7424      | 0.9350      | 0.7828      | 
| 3023.png                 | 0.9527      | 0.9097      | 0.9655      | 0.9403      | 
| 3024.png                 | 0.9337      | 0.8756      | 0.9982      | 0.8770      | 
| 3026.png                 | 0.9649      | 0.9323      | 0.9795      | 0.9508      | 
| 3027.png                 | 0.8140      | 0.6864      | 0.9485      | 0.7129      | 
| 303.png                  | 0.9295      | 0.8683      | 0.9840      | 0.8807      | 
| 3047.png                 | 0.5167      | 0.3483      | 1.0000      | 0.3483      | 
| 3048.png                 | 0.4585      | 0.2975      | 1.0000      | 0.2975      | 
| 31.png                   | 0.8884      | 0.7993      | 0.9986      | 0.8002      | 
| 311.png                  | 0.9384      | 0.8840      | 0.9949      | 0.8880      | 
| 312.png                  | 0.9608      | 0.9245      | 0.9863      | 0.9366      | 
| 316.png                  | 0.8390      | 0.7226      | 0.9889      | 0.7285      | 
| 317.png                  | 0.8714      | 0.7721      | 0.9839      | 0.7820      | 
| 318.png                  | 0.9220      | 0.8553      | 0.9648      | 0.8829      | 
| 319.png                  | 0.9317      | 0.8721      | 0.9496      | 0.9144      | 
| 32.png                   | 0.8498      | 0.7388      | 0.9623      | 0.7608      | 
| 320.png                  | 0.8477      | 0.7356      | 0.8078      | 0.8917      | 
| 321.png                  | 0.8716      | 0.7725      | 0.8698      | 0.8734      | 
| 322.png                  | 0.3690      | 0.2262      | 0.2319      | 0.9024      | 
| 325.png                  | 0.8880      | 0.7985      | 0.9452      | 0.8373      | 
| 33.png                   | 0.8441      | 0.7303      | 0.9718      | 0.7461      | 
| 332.png                  | 0.7848      | 0.6458      | 0.9358      | 0.6757      | 
| 333.png                  | 0.4438      | 0.2852      | 0.2965      | 0.8821      | 
| 339.png                  | 0.4901      | 0.3245      | 1.0000      | 0.3245      | 
| 342.png                  | 0.9549      | 0.9137      | 0.9672      | 0.9429      | 
| 345.png                  | 0.4238      | 0.2689      | 0.9934      | 0.2693      | 
| 346.png                  | 0.9006      | 0.8191      | 0.9864      | 0.8284      | 
| 347.png                  | 0.9138      | 0.8413      | 0.9646      | 0.8681      | 
| 35.png                   | 0.0134      | 0.0068      | 0.0068      | 1.0000      | 
| 357.png                  | 0.8614      | 0.7565      | 0.8784      | 0.8450      | 
| 359.png                  | 0.9434      | 0.8929      | 0.9879      | 0.9028      | 
| 36.png                   | 0.8898      | 0.8015      | 1.0000      | 0.8015      | 
| 37.png                   | 0.9030      | 0.8231      | 0.9995      | 0.8234      | 
| 38.png                   | 0.9061      | 0.8283      | 0.9985      | 0.8293      | 
| 384.png                  | 0.9627      | 0.9281      | 0.9627      | 0.9627      | 
| 385.png                  | 0.9679      | 0.9379      | 0.9770      | 0.9590      | 
| 386.png                  | 0.9458      | 0.8972      | 0.9486      | 0.9430      | 
| 387.png                  | 0.9698      | 0.9414      | 0.9779      | 0.9618      | 
| 388.png                  | 0.9759      | 0.9529      | 0.9681      | 0.9837      | 
| 389.png                  | 0.9546      | 0.9132      | 0.9850      | 0.9261      | 
| 39.png                   | 0.9436      | 0.8933      | 0.9883      | 0.9028      | 
| 390.png                  | 0.8679      | 0.7666      | 0.9032      | 0.8352      | 
| 391.png                  | 0.9548      | 0.9135      | 0.9771      | 0.9336      | 
| 392.png                  | 0.8799      | 0.7856      | 0.9542      | 0.8164      | 
| 395.png                  | 0.8524      | 0.7428      | 0.8418      | 0.8633      | 
| 396.png                  | 0.6827      | 0.5183      | 0.5314      | 0.9545      | 
| 397.png                  | 0.7999      | 0.6665      | 0.6977      | 0.9372      | 
| 398.png                  | 0.9505      | 0.9057      | 0.9797      | 0.9230      | 
| 4.png                    | 0.9165      | 0.8458      | 0.9773      | 0.8628      | 
| 40.png                   | 0.9494      | 0.9036      | 0.9849      | 0.9163      | 
| 41.png                   | 0.8908      | 0.8031      | 0.9821      | 0.8150      | 
| 415.png                  | 0.8303      | 0.7098      | 0.8056      | 0.8565      | 
| 416.png                  | 0.5406      | 0.3704      | 0.3898      | 0.8814      | 
| 417.png                  | 0.8694      | 0.7690      | 0.9798      | 0.7814      | 
| 418.png                  | 0.9097      | 0.8344      | 1.0000      | 0.8344      | 
| 419.png                  | 0.9582      | 0.9198      | 0.9879      | 0.9303      | 
| 42.png                   | 0.6901      | 0.5268      | 1.0000      | 0.5268      | 
| 420.png                  | 0.9158      | 0.8447      | 0.9974      | 0.8465      | 
| 421.png                  | 0.7540      | 0.6052      | 0.9981      | 0.6058      | 
| 422.png                  | 0.6726      | 0.5067      | 1.0000      | 0.5067      | 
| 43.png                   | 0.9094      | 0.8338      | 0.9551      | 0.8679      | 
| 44.png                   | 0.9030      | 0.8231      | 0.9585      | 0.8535      | 
| 442.png                  | 0.9020      | 0.8215      | 0.9818      | 0.8343      | 
| 443.png                  | 0.7765      | 0.6346      | 0.9949      | 0.6367      | 
| 444.png                  | 0.9205      | 0.8528      | 0.9776      | 0.8697      | 
| 445.png                  | 0.7079      | 0.5479      | 0.6241      | 0.8176      | 
| 446.png                  | 0.7733      | 0.6304      | 0.6763      | 0.9028      | 
| 447.png                  | 0.7785      | 0.6374      | 0.7697      | 0.7876      | 
| 448.png                  | 0.8068      | 0.6762      | 0.9867      | 0.6824      | 
| 449.png                  | 0.6908      | 0.5277      | 0.5765      | 0.8618      | 
| 455.png                  | 0.6979      | 0.5359      | 0.9997      | 0.5360      | 
| 456.png                  | 0.9164      | 0.8457      | 0.9912      | 0.8521      | 
| 457.png                  | 0.9475      | 0.9002      | 0.9959      | 0.9035      | 
| 458.png                  | 0.8752      | 0.7781      | 1.0000      | 0.7781      | 
| 461.png                  | 0.7773      | 0.6358      | 0.7709      | 0.7839      | 
| 462.png                  | 0.8291      | 0.7082      | 0.8110      | 0.8481      | 
| 463.png                  | 0.8100      | 0.6807      | 0.8532      | 0.7710      | 
| 464.png                  | 0.7210      | 0.5637      | 0.6996      | 0.7437      | 
| 470.png                  | 0.8177      | 0.6916      | 0.9936      | 0.6947      | 
| 472.png                  | 0.5495      | 0.3789      | 0.3866      | 0.9497      | 
| 473.png                  | 0.9006      | 0.8191      | 0.9047      | 0.8965      | 
| 474.png                  | 0.8749      | 0.7776      | 0.9180      | 0.8356      | 
| 475.png                  | 0.5634      | 0.3922      | 0.4252      | 0.8349      | 
| 476.png                  | 0.8766      | 0.7803      | 0.9208      | 0.8364      | 
| 480.png                  | 0.9023      | 0.8220      | 0.9952      | 0.8253      | 
| 481.png                  | 0.8873      | 0.7974      | 0.8611      | 0.9151      | 
| 482.png                  | 0.6792      | 0.5142      | 0.5286      | 0.9495      | 
| 483.png                  | 0.9042      | 0.8251      | 0.9845      | 0.8360      | 
| 485.png                  | 0.5473      | 0.3768      | 0.3952      | 0.8896      | 
| 486.png                  | 0.3743      | 0.2303      | 0.2347      | 0.9242      | 
| 487.png                  | 0.9256      | 0.8615      | 0.9674      | 0.8873      | 
| 490.png                  | 0.7137      | 0.5548      | 0.9973      | 0.5557      | 
| 496.png                  | 0.9176      | 0.8477      | 0.9709      | 0.8698      | 
| 497.png                  | 0.8997      | 0.8177      | 0.8931      | 0.9064      | 
| 498.png                  | 0.9390      | 0.8850      | 0.9789      | 0.9022      | 
| 499.png                  | 0.9181      | 0.8486      | 0.9536      | 0.8852      | 
| 5.png                    | 0.5263      | 0.3572      | 1.0000      | 0.3572      | 
| 500.png                  | 0.8530      | 0.7437      | 0.9862      | 0.7515      | 
| 501.png                  | 0.8570      | 0.7498      | 0.9985      | 0.7507      | 
| 502.png                  | 0.7688      | 0.6244      | 1.0000      | 0.6244      | 
| 503.png                  | 0.8446      | 0.7310      | 0.9822      | 0.7409      | 
| 504.png                  | 0.8809      | 0.7871      | 0.8960      | 0.8663      | 
| 508.png                  | 0.9342      | 0.8765      | 0.9838      | 0.8893      | 
| 51.png                   | 0.8369      | 0.7195      | 0.7376      | 0.9670      | 
| 510.png                  | 0.9173      | 0.8472      | 0.9814      | 0.8611      | 
| 511.png                  | 0.9564      | 0.9164      | 0.9919      | 0.9233      | 
| 512.png                  | 0.9643      | 0.9311      | 0.9953      | 0.9352      | 
| 513.png                  | 0.9136      | 0.8409      | 0.9939      | 0.8453      | 
| 515.png                  | 0.8172      | 0.6909      | 0.7033      | 0.9751      | 
| 517.png                  | 0.8887      | 0.7997      | 0.9937      | 0.8037      | 
| 532.png                  | 0.9070      | 0.8298      | 0.9527      | 0.8654      | 
| 537.png                  | 0.9691      | 0.9400      | 0.9870      | 0.9518      | 
| 538.png                  | 0.9403      | 0.8873      | 0.9903      | 0.8950      | 
| 541.png                  | 0.9611      | 0.9251      | 0.9683      | 0.9540      | 
| 551.png                  | 0.8780      | 0.7826      | 0.9898      | 0.7889      | 
| 552.png                  | 0.9369      | 0.8813      | 0.9950      | 0.8852      | 
| 553.png                  | 0.7301      | 0.5749      | 0.9978      | 0.5756      | 
| 554.png                  | 0.8608      | 0.7555      | 0.9544      | 0.7838      | 
| 555.png                  | 0.9251      | 0.8606      | 0.9246      | 0.9255      | 
| 556.png                  | 0.6088      | 0.4376      | 0.4476      | 0.9516      | 
| 557.png                  | 0.4179      | 0.2642      | 0.2701      | 0.9233      | 
| 563.png                  | 0.8468      | 0.7343      | 0.8935      | 0.8048      | 
| 566.png                  | 0.8654      | 0.7627      | 1.0000      | 0.7627      | 
| 567.png                  | 0.8463      | 0.7335      | 0.9953      | 0.7361      | 
| 569.png                  | 0.3528      | 0.2142      | 0.2193      | 0.9015      | 
| 575.png                  | 0.9068      | 0.8295      | 0.9646      | 0.8556      | 
| 576.png                  | 0.8673      | 0.7657      | 0.9749      | 0.7811      | 
| 582.png                  | 0.9699      | 0.9417      | 0.9844      | 0.9559      | 
| 584.png                  | 0.9293      | 0.8679      | 0.9802      | 0.8833      | 
| 585.png                  | 0.8635      | 0.7597      | 0.8766      | 0.8507      | 
| 59.png                   | 0.8660      | 0.7636      | 0.7706      | 0.9883      | 
| 597.png                  | 0.7097      | 0.5501      | 1.0000      | 0.5501      | 
| 598.png                  | 0.8836      | 0.7915      | 0.9562      | 0.8213      | 
| 6.png                    | 0.8201      | 0.6951      | 0.9171      | 0.7416      | 
| 60.png                   | 0.9516      | 0.9076      | 0.9693      | 0.9345      | 
| 61.png                   | 0.9657      | 0.9336      | 0.9683      | 0.9630      | 
| 619.png                  | 0.8078      | 0.6775      | 0.9880      | 0.6831      | 
| 62.png                   | 0.8884      | 0.7993      | 0.9944      | 0.8029      | 
| 621.png                  | 0.6496      | 0.4810      | 0.4916      | 0.9572      | 
| 622.png                  | 0.3535      | 0.2147      | 0.2155      | 0.9821      | 
| 628.png                  | 0.3464      | 0.2095      | 0.2095      | 1.0000      | 
| 63.png                   | 0.9594      | 0.9219      | 0.9975      | 0.9241      | 
| 631.png                  | 0.8939      | 0.8082      | 0.9993      | 0.8086      | 
| 632.png                  | 0.9756      | 0.9524      | 0.9922      | 0.9596      | 
| 635.png                  | 0.9278      | 0.8653      | 0.9739      | 0.8859      | 
| 636.png                  | 0.9713      | 0.9441      | 0.9782      | 0.9644      | 
| 637.png                  | 0.9670      | 0.9360      | 0.9849      | 0.9497      | 
| 638.png                  | 0.9109      | 0.8364      | 0.8621      | 0.9657      | 
| 64.png                   | 0.9218      | 0.8550      | 0.9894      | 0.8629      | 
| 642.png                  | 0.8206      | 0.6958      | 1.0000      | 0.6958      | 
| 643.png                  | 0.8999      | 0.8180      | 0.9754      | 0.8353      | 
| 644.png                  | 0.8457      | 0.7326      | 0.7913      | 0.9081      | 
| 645.png                  | 0.7839      | 0.6445      | 0.6994      | 0.8916      | 
| 646.png                  | 0.8219      | 0.6977      | 0.8336      | 0.8106      | 
| 647.png                  | 0.8746      | 0.7772      | 0.9388      | 0.8187      | 
| 649.png                  | 0.9219      | 0.8552      | 0.9558      | 0.8903      | 
| 65.png                   | 0.9460      | 0.8976      | 0.9842      | 0.9107      | 
| 650.png                  | 0.9614      | 0.9257      | 0.9788      | 0.9446      | 
| 651.png                  | 0.9655      | 0.9333      | 0.9758      | 0.9554      | 
| 652.png                  | 0.9718      | 0.9451      | 0.9741      | 0.9695      | 
| 66.png                   | 0.8728      | 0.7742      | 0.9850      | 0.7835      | 
| 673.png                  | 0.8685      | 0.7676      | 0.9703      | 0.7861      | 
| 674.png                  | 0.9021      | 0.8216      | 0.9434      | 0.8643      | 
| 7.png                    | 0.6113      | 0.4402      | 0.4804      | 0.8403      | 
| 713.png                  | 0.8283      | 0.7069      | 0.7279      | 0.9608      | 
| 714.png                  | 0.9500      | 0.9047      | 0.9093      | 0.9944      | 
| 736.png                  | 0.4072      | 0.2556      | 1.0000      | 0.2556      | 
| 743.png                  | 0.4017      | 0.2513      | 0.2518      | 0.9921      | 
| 744.png                  | 0.3683      | 0.2257      | 0.2258      | 0.9994      | 
| 753.png                  | 0.8686      | 0.7677      | 0.9390      | 0.8080      | 
| 754.png                  | 0.5704      | 0.3990      | 0.9880      | 0.4010      | 
| 755.png                  | 0.6602      | 0.4927      | 0.9972      | 0.4934      | 
| 756.png                  | 0.9191      | 0.8503      | 0.9896      | 0.8580      | 
| 765.png                  | 0.9379      | 0.8830      | 0.9575      | 0.9190      | 
| 772.png                  | 0.9193      | 0.8507      | 0.9725      | 0.8717      | 
| 786.png                  | 0.3705      | 0.2273      | 0.2430      | 0.7794      | 
| 787.png                  | 0.3896      | 0.2420      | 0.2420      | 0.9989      | 
| 788.png                  | 0.3911      | 0.2430      | 0.2432      | 0.9975      | 
| 789.png                  | 0.3948      | 0.2460      | 0.2498      | 0.9411      | 
| 79.png                   | 0.8720      | 0.7731      | 0.7860      | 0.9792      | 
| 796.png                  | 0.4267      | 0.2712      | 0.2712      | 1.0000      | 
| 8.png                    | 0.7933      | 0.6574      | 0.7778      | 0.8094      | 
| 802.png                  | 0.4684      | 0.3059      | 0.9914      | 0.3067      | 
| 816.png                  | 0.3998      | 0.2498      | 0.2498      | 1.0000      | 
| 819.png                  | 0.4387      | 0.2810      | 1.0000      | 0.2810      | 
| 82.png                   | 0.5508      | 0.3801      | 0.9936      | 0.3810      | 
| 820.png                  | 0.9102      | 0.8351      | 0.9716      | 0.8560      | 
| 822.png                  | 0.7685      | 0.6240      | 0.9783      | 0.6327      | 
| 823.png                  | 0.4453      | 0.2864      | 1.0000      | 0.2864      | 
| 826.png                  | 0.9186      | 0.8494      | 0.9909      | 0.8561      | 
| 827.png                  | 0.8426      | 0.7280      | 0.9948      | 0.7308      | 
| 829.png                  | 0.4335      | 0.2767      | 0.9424      | 0.2815      | 
| 83.png                   | 0.6208      | 0.4501      | 0.4784      | 0.8837      | 
| 830.png                  | 0.7376      | 0.5843      | 0.9783      | 0.5920      | 
| 831.png                  | 0.9141      | 0.8419      | 0.9916      | 0.8479      | 
| 832.png                  | 0.8718      | 0.7728      | 1.0000      | 0.7728      | 
| 833.png                  | 0.7741      | 0.6315      | 0.9979      | 0.6324      | 
| 843.png                  | 0.8961      | 0.8117      | 0.9513      | 0.8469      | 
| 846.png                  | 0.8218      | 0.6975      | 1.0000      | 0.6975      | 
| 847.png                  | 0.8644      | 0.7612      | 0.8735      | 0.8555      | 
| 848.png                  | 0.9229      | 0.8568      | 0.9306      | 0.9153      | 
| 851.png                  | 0.9323      | 0.8732      | 0.9145      | 0.9509      | 
| 852.png                  | 0.9025      | 0.8224      | 0.9807      | 0.8359      | 
| 853.png                  | 0.5560      | 0.3851      | 0.9590      | 0.3915      | 
| 854.png                  | 0.3933      | 0.2448      | 0.9714      | 0.2466      | 
| 860.png                  | 0.4177      | 0.2639      | 0.2647      | 0.9893      | 
| 861.png                  | 0.4678      | 0.3053      | 0.3053      | 1.0000      | 
| 862.png                  | 0.4170      | 0.2634      | 0.2777      | 0.8370      | 
| 868.png                  | 0.3653      | 0.2234      | 0.2235      | 0.9992      | 
| 870.png                  | 0.8007      | 0.6676      | 0.8961      | 0.7236      | 
| 872.png                  | 0.7039      | 0.5431      | 1.0000      | 0.5431      | 
| 904.png                  | 0.9354      | 0.8786      | 0.9071      | 0.9655      | 
| 909.png                  | 0.4368      | 0.2794      | 0.2808      | 0.9827      | 
| 918.png                  | 0.8267      | 0.7046      | 0.9034      | 0.7621      | 
| 92.png                   | 0.7914      | 0.6548      | 0.9684      | 0.6691      | 
| 920.png                  | 0.4727      | 0.3095      | 0.5088      | 0.4414      | 
| 922.png                  | 0.9679      | 0.9378      | 0.9669      | 0.9689      | 
| 923.png                  | 0.9607      | 0.9243      | 0.9728      | 0.9488      | 
| 924.png                  | 0.9460      | 0.8976      | 0.9912      | 0.9048      | 
| 925.png                  | 0.9173      | 0.8473      | 0.9810      | 0.8614      | 
| 926.png                  | 0.7305      | 0.5754      | 0.6184      | 0.8922      | 
| 927.png                  | 0.8218      | 0.6976      | 0.7557      | 0.9006      | 
| 928.png                  | 0.8423      | 0.7276      | 0.7633      | 0.9397      | 
| 929.png                  | 0.8872      | 0.7973      | 0.9235      | 0.8537      | 
| 930.png                  | 0.9337      | 0.8757      | 0.9274      | 0.9402      | 
| 931.png                  | 0.9432      | 0.8926      | 0.9335      | 0.9532      | 
| 932.png                  | 0.8954      | 0.8105      | 0.9945      | 0.8142      | 
| 933.png                  | 0.6563      | 0.4884      | 0.5055      | 0.9354      | 
| 934.png                  | 0.7334      | 0.5790      | 0.5887      | 0.9724      | 
| 935.png                  | 0.9573      | 0.9181      | 0.9805      | 0.9352      | 
| 936.png                  | 0.9688      | 0.9395      | 0.9783      | 0.9595      | 
| 937.png                  | 0.9596      | 0.9223      | 0.9905      | 0.9305      | 
| 938.png                  | 0.8234      | 0.6998      | 1.0000      | 0.6998      | 
| 94.png                   | 0.8556      | 0.7477      | 0.9758      | 0.7618      | 
| 947.png                  | 0.5857      | 0.4142      | 0.4263      | 0.9356      | 
| 948.png                  | 0.7321      | 0.5775      | 0.6795      | 0.7936      | 
| 949.png                  | 0.6395      | 0.4700      | 0.5455      | 0.7727      | 
| 95.png                   | 0.7896      | 0.6524      | 0.7462      | 0.8384      | 
| 950.png                  | 0.5028      | 0.3358      | 0.4903      | 0.5159      | 
| 951.png                  | 0.6610      | 0.4936      | 0.8456      | 0.5425      | 
| 965.png                  | 0.8892      | 0.8006      | 0.8864      | 0.8921      | 
| 966.png                  | 0.7328      | 0.5782      | 0.6175      | 0.9009      | 
| 967.png                  | 0.8642      | 0.7609      | 0.8010      | 0.9382      | 
| 968.png                  | 0.7670      | 0.6221      | 0.7081      | 0.8366      | 
| 969.png                  | 0.8187      | 0.6930      | 0.7546      | 0.8948      | 
| 97.png                   | 0.8932      | 0.8070      | 0.9672      | 0.8297      | 
| 970.png                  | 0.9133      | 0.8404      | 0.9027      | 0.9242      | 
| 971.png                  | 0.8969      | 0.8130      | 0.9790      | 0.8274      | 
| 972.png                  | 0.6968      | 0.5347      | 0.6689      | 0.7270      | 
| 973.png                  | 0.6184      | 0.4476      | 1.0000      | 0.4476      | 
| 975.png                  | 0.7987      | 0.6648      | 0.9757      | 0.6760      | 
| 977.png                  | 0.5626      | 0.3914      | 0.5215      | 0.6109      | 
| 978.png                  | 0.8516      | 0.7416      | 0.9038      | 0.8052      | 
| 982.png                  | 0.7263      | 0.5702      | 0.5867      | 0.9531      | 
| 990.png                  | 0.3313      | 0.1985      | 0.2034      | 0.8923      | 
| 991.png                  | 0.9344      | 0.8768      | 0.9656      | 0.9051      | 
| 992.png                  | 0.9425      | 0.8912      | 0.9741      | 0.9128      | 
| 993.png                  | 0.8938      | 0.8080      | 0.9960      | 0.8107      | 
| 994.png                  | 0.8967      | 0.8128      | 0.9448      | 0.8534      | 
| 995.png                  | 0.9517      | 0.9078      | 0.9718      | 0.9323      | 
| 996.png                  | 0.8994      | 0.8172      | 0.9808      | 0.8305      | 
| 997.png                  | 0.7788      | 0.6377      | 0.9589      | 0.6556      | 
| 998.png                  | 0.6479      | 0.4791      | 0.5535      | 0.7810      | 
| 999.png                  | 0.4902      | 0.3247      | 0.3440      | 0.8526      | 
------------------------------------------------------------------------------------
| MEAN                     | 0.7533      | 0.6402      | 0.7971      | 0.8026      | 
====================================================================================
