
==================== BANG DANH GIA MASK ====================
------------------------------------------------------------------------------------
| File                     | Dice        | IoU         | Precision   | Recall      | 
------------------------------------------------------------------------------------
| 1.png                    | 0.8901      | 0.8020      | 0.9215      | 0.8608      | 
| 10.png                   | 0.8401      | 0.7243      | 1.0000      | 0.7243      | 
| 100.png                  | 0.6271      | 0.4568      | 0.5126      | 0.8076      | 
| 1000.png                 | 0.7222      | 0.5652      | 0.5996      | 0.9079      | 
| 1001.png                 | 0.7353      | 0.5814      | 0.6192      | 0.9050      | 
| 1002.png                 | 0.8780      | 0.7825      | 0.9883      | 0.7898      | 
| 1003.png                 | 0.7606      | 0.6137      | 0.6942      | 0.8411      | 
| 1004.png                 | 0.8135      | 0.6857      | 0.7595      | 0.8758      | 
| 1005.png                 | 0.8992      | 0.8169      | 0.9601      | 0.8456      | 
| 1006.png                 | 0.3822      | 0.2363      | 0.2464      | 0.8521      | 
| 1007.png                 | 0.7625      | 0.6162      | 0.6469      | 0.9285      | 
| 1008.png                 | 0.9101      | 0.8350      | 0.9036      | 0.9167      | 
| 1009.png                 | 0.8732      | 0.7749      | 0.9707      | 0.7935      | 
| 101.png                  | 0.5409      | 0.3707      | 0.3854      | 0.9068      | 
| 1010.png                 | 0.0367      | 0.0187      | 0.0188      | 0.8402      | 
| 1011.png                 | 0.3041      | 0.1793      | 0.1835      | 0.8871      | 
| 1012.png                 | 0.6915      | 0.5285      | 0.6873      | 0.6958      | 
| 1013.png                 | 0.4429      | 0.2844      | 0.2910      | 0.9268      | 
| 1017.png                 | 0.3625      | 0.2214      | 0.2231      | 0.9661      | 
| 1018.png                 | 0.8606      | 0.7554      | 0.9995      | 0.7557      | 
| 1019.png                 | 0.9772      | 0.9553      | 0.9927      | 0.9621      | 
| 102.png                  | 0.8933      | 0.8071      | 0.8634      | 0.9253      | 
| 1020.png                 | 0.9500      | 0.9048      | 0.9707      | 0.9302      | 
| 1021.png                 | 0.7319      | 0.5772      | 0.6105      | 0.9137      | 
| 1022.png                 | 0.8551      | 0.7468      | 0.7504      | 0.9936      | 
| 1023.png                 | 0.9195      | 0.8510      | 0.9801      | 0.8660      | 
| 1024.png                 | 0.7861      | 0.6476      | 0.8534      | 0.7287      | 
| 1025.png                 | 0.0373      | 0.0190      | 0.0190      | 0.9569      | 
| 1026.png                 | 0.1922      | 0.1063      | 0.1070      | 0.9389      | 
| 1027.png                 | 0.2127      | 0.1190      | 0.1199      | 0.9426      | 
| 103.png                  | 0.8941      | 0.8085      | 0.9730      | 0.8270      | 
| 1032.png                 | 0.2758      | 0.1600      | 0.1619      | 0.9320      | 
| 1033.png                 | 0.4194      | 0.2654      | 0.2728      | 0.9071      | 
| 1035.png                 | 0.9271      | 0.8641      | 0.9728      | 0.8855      | 
| 1036.png                 | 0.9195      | 0.8511      | 0.9642      | 0.8788      | 
| 1037.png                 | 0.9304      | 0.8698      | 0.9749      | 0.8898      | 
| 1038.png                 | 0.6890      | 0.5256      | 0.5583      | 0.8999      | 
| 1039.png                 | 0.9110      | 0.8366      | 0.9166      | 0.9055      | 
| 1040.png                 | 0.7955      | 0.6604      | 0.7817      | 0.8098      | 
| 1041.png                 | 0.8354      | 0.7174      | 0.9960      | 0.7194      | 
| 1042.png                 | 0.7946      | 0.6592      | 0.7964      | 0.7928      | 
| 1043.png                 | 0.2124      | 0.1188      | 0.1209      | 0.8712      | 
| 1045.png                 | 0.9396      | 0.8860      | 0.9440      | 0.9352      | 
| 1046.png                 | 0.6309      | 0.4608      | 0.5038      | 0.8436      | 
| 1047.png                 | 0.8038      | 0.6720      | 0.8942      | 0.7301      | 
| 1048.png                 | 0.9421      | 0.8905      | 0.9929      | 0.8962      | 
| 1049.png                 | 0.9259      | 0.8620      | 0.9391      | 0.9130      | 
| 105.png                  | 0.8653      | 0.7626      | 0.9964      | 0.7647      | 
| 1050.png                 | 0.9247      | 0.8599      | 0.9711      | 0.8824      | 
| 1051.png                 | 0.9298      | 0.8688      | 0.9923      | 0.8747      | 
| 1052.png                 | 0.9008      | 0.8195      | 0.9866      | 0.8287      | 
| 1053.png                 | 0.7937      | 0.6580      | 0.9057      | 0.7064      | 
| 1054.png                 | 0.3541      | 0.2151      | 0.2455      | 0.6352      | 
| 1055.png                 | 0.6391      | 0.4696      | 0.7146      | 0.5780      | 
| 1056.png                 | 0.6901      | 0.5268      | 0.9509      | 0.5415      | 
| 1057.png                 | 0.7191      | 0.5614      | 0.6358      | 0.8276      | 
| 1058.png                 | 0.4557      | 0.2951      | 0.3266      | 0.7532      | 
| 1061.png                 | 0.6495      | 0.4809      | 0.5136      | 0.8830      | 
| 1062.png                 | 0.6878      | 0.5242      | 0.6448      | 0.7369      | 
| 1063.png                 | 0.6669      | 0.5002      | 0.5517      | 0.8427      | 
| 1066.png                 | 0.3546      | 0.2155      | 0.5334      | 0.2656      | 
| 1070.png                 | 0.7975      | 0.6633      | 0.9559      | 0.6842      | 
| 1071.png                 | 0.8686      | 0.7678      | 0.8864      | 0.8515      | 
| 1072.png                 | 0.0320      | 0.0163      | 0.0163      | 1.0000      | 
| 1075.png                 | 0.5019      | 0.3350      | 1.0000      | 0.3350      | 
| 1076.png                 | 0.4908      | 0.3252      | 0.9968      | 0.3255      | 
| 1087.png                 | 0.7031      | 0.5422      | 0.9459      | 0.5595      | 
| 1089.png                 | 0.7556      | 0.6072      | 0.9632      | 0.6216      | 
| 109.png                  | 0.8841      | 0.7922      | 0.9916      | 0.7976      | 
| 1090.png                 | 0.7889      | 0.6514      | 0.9679      | 0.6658      | 
| 1091.png                 | 0.7190      | 0.5613      | 0.9529      | 0.5773      | 
| 1092.png                 | 0.8730      | 0.7747      | 0.9701      | 0.7936      | 
| 1094.png                 | 0.6441      | 0.4751      | 0.9520      | 0.4867      | 
| 1095.png                 | 0.6511      | 0.4827      | 1.0000      | 0.4827      | 
| 1096.png                 | 0.6741      | 0.5084      | 0.9930      | 0.5102      | 
| 1097.png                 | 0.8063      | 0.6754      | 0.8722      | 0.7496      | 
| 1098.png                 | 0.7246      | 0.5681      | 0.7227      | 0.7264      | 
| 1099.png                 | 0.3138      | 0.1861      | 0.1925      | 0.8494      | 
| 11.png                   | 0.9488      | 0.9025      | 0.9959      | 0.9059      | 
| 1100.png                 | 0.7105      | 0.5510      | 0.9928      | 0.5532      | 
| 1101.png                 | 0.7267      | 0.5707      | 0.8876      | 0.6151      | 
| 1102.png                 | 0.7009      | 0.5395      | 0.9958      | 0.5407      | 
| 1103.png                 | 0.5443      | 0.3739      | 0.8347      | 0.4038      | 
| 1104.png                 | 0.5670      | 0.3956      | 0.9521      | 0.4037      | 
| 1105.png                 | 0.6066      | 0.4354      | 0.9938      | 0.4365      | 
| 1106.png                 | 0.7594      | 0.6121      | 0.9915      | 0.6153      | 
| 1107.png                 | 0.7639      | 0.6179      | 0.9913      | 0.6213      | 
| 1108.png                 | 0.7241      | 0.5675      | 0.8642      | 0.6231      | 
| 1110.png                 | 0.7559      | 0.6075      | 0.9992      | 0.6078      | 
| 1111.png                 | 0.7788      | 0.6377      | 0.9797      | 0.6462      | 
| 1114.png                 | 0.7524      | 0.6031      | 0.6189      | 0.9595      | 
| 1118.png                 | 0.8889      | 0.8000      | 0.8269      | 0.9610      | 
| 112.png                  | 0.8649      | 0.7620      | 0.9100      | 0.8240      | 
| 1122.png                 | 0.9337      | 0.8757      | 0.9642      | 0.9051      | 
| 1123.png                 | 0.7490      | 0.5987      | 0.6836      | 0.8282      | 
| 1125.png                 | 0.5079      | 0.3404      | 0.3524      | 0.9091      | 
| 1126.png                 | 0.5609      | 0.3898      | 0.3975      | 0.9527      | 
| 1127.png                 | 0.5447      | 0.3743      | 0.3795      | 0.9644      | 
| 1129.png                 | 0.7889      | 0.6514      | 0.9987      | 0.6520      | 
| 113.png                  | 0.9136      | 0.8409      | 0.9925      | 0.8463      | 
| 1130.png                 | 0.9322      | 0.8730      | 0.9750      | 0.8929      | 
| 1131.png                 | 0.9334      | 0.8752      | 0.9879      | 0.8846      | 
| 1132.png                 | 0.9339      | 0.8760      | 0.9521      | 0.9164      | 
| 1133.png                 | 0.7347      | 0.5807      | 0.7286      | 0.7409      | 
| 1134.png                 | 0.8503      | 0.7396      | 0.9789      | 0.7516      | 
| 1135.png                 | 0.7817      | 0.6417      | 0.6728      | 0.9327      | 
| 1136.png                 | 0.8174      | 0.6912      | 0.7132      | 0.9572      | 
| 1137.png                 | 0.8730      | 0.7746      | 0.9388      | 0.8158      | 
| 1138.png                 | 0.4285      | 0.2727      | 0.3108      | 0.6898      | 
| 114.png                  | 0.9295      | 0.8683      | 0.9776      | 0.8859      | 
| 1140.png                 | 0.8044      | 0.6728      | 0.8529      | 0.7610      | 
| 1141.png                 | 0.8020      | 0.6694      | 0.8188      | 0.7859      | 
| 1142.png                 | 0.8235      | 0.6999      | 0.8352      | 0.8121      | 
| 1143.png                 | 0.7286      | 0.5730      | 0.7654      | 0.6951      | 
| 1144.png                 | 0.7993      | 0.6657      | 0.7758      | 0.8243      | 
| 1145.png                 | 0.8272      | 0.7054      | 0.7646      | 0.9011      | 
| 1146.png                 | 0.9305      | 0.8701      | 0.9762      | 0.8889      | 
| 1147.png                 | 0.8611      | 0.7561      | 0.9071      | 0.8196      | 
| 1148.png                 | 0.4439      | 0.2853      | 0.9717      | 0.2876      | 
| 1149.png                 | 0.5386      | 0.3686      | 0.9808      | 0.3713      | 
| 115.png                  | 0.9130      | 0.8399      | 1.0000      | 0.8399      | 
| 1151.png                 | 0.6656      | 0.4988      | 0.6001      | 0.7470      | 
| 1152.png                 | 0.4098      | 0.2577      | 0.2819      | 0.7505      | 
| 1154.png                 | 0.3644      | 0.2228      | 0.2252      | 0.9542      | 
| 1155.png                 | 0.2953      | 0.1732      | 0.1734      | 0.9945      | 
| 1156.png                 | 0.5959      | 0.4244      | 0.4367      | 0.9378      | 
| 1157.png                 | 0.9380      | 0.8833      | 0.9486      | 0.9277      | 
| 1158.png                 | 0.9185      | 0.8493      | 0.9779      | 0.8659      | 
| 1159.png                 | 0.9314      | 0.8715      | 0.9845      | 0.8836      | 
| 116.png                  | 0.8818      | 0.7885      | 0.9928      | 0.7931      | 
| 1160.png                 | 0.8078      | 0.6775      | 0.7297      | 0.9046      | 
| 1161.png                 | 0.5450      | 0.3746      | 0.4014      | 0.8485      | 
| 1162.png                 | 0.8423      | 0.7276      | 0.9813      | 0.7378      | 
| 1163.png                 | 0.6458      | 0.4769      | 0.4961      | 0.9247      | 
| 1169.png                 | 0.9226      | 0.8563      | 0.9507      | 0.8961      | 
| 117.png                  | 0.4893      | 0.3239      | 0.9616      | 0.3281      | 
| 1170.png                 | 0.9463      | 0.8980      | 0.9446      | 0.9479      | 
| 1171.png                 | 0.9479      | 0.9009      | 0.9624      | 0.9338      | 
| 1172.png                 | 0.9513      | 0.9072      | 0.9783      | 0.9258      | 
| 1173.png                 | 0.9663      | 0.9349      | 0.9868      | 0.9468      | 
| 1174.png                 | 0.9554      | 0.9145      | 0.9685      | 0.9426      | 
| 1175.png                 | 0.6756      | 0.5102      | 0.5468      | 0.8839      | 
| 1176.png                 | 0.8769      | 0.7808      | 0.9538      | 0.8114      | 
| 1177.png                 | 0.6405      | 0.4711      | 0.4901      | 0.9239      | 
| 1178.png                 | 0.5748      | 0.4033      | 0.4110      | 0.9557      | 
| 1179.png                 | 0.6801      | 0.5153      | 0.5409      | 0.9157      | 
| 118.png                  | 0.9114      | 0.8372      | 0.9946      | 0.8410      | 
| 1180.png                 | 0.6429      | 0.4737      | 0.4879      | 0.9421      | 
| 1182.png                 | 0.3876      | 0.2404      | 0.2534      | 0.8241      | 
| 1183.png                 | 0.7565      | 0.6084      | 0.6651      | 0.8771      | 
| 1184.png                 | 0.7754      | 0.6332      | 0.6522      | 0.9561      | 
| 1185.png                 | 0.8310      | 0.7108      | 0.7641      | 0.9107      | 
| 1186.png                 | 0.8249      | 0.7020      | 0.7702      | 0.8879      | 
| 1187.png                 | 0.7289      | 0.5735      | 0.6099      | 0.9057      | 
| 1188.png                 | 0.6063      | 0.4351      | 0.5094      | 0.7488      | 
| 1194.png                 | 0.6296      | 0.4594      | 0.5110      | 0.8197      | 
| 1195.png                 | 0.1958      | 0.1085      | 0.1125      | 0.7525      | 
| 1197.png                 | 0.0393      | 0.0200      | 0.0201      | 0.9211      | 
| 12.png                   | 0.9662      | 0.9346      | 0.9800      | 0.9527      | 
| 1202.png                 | 0.3981      | 0.2485      | 0.2760      | 0.7135      | 
| 1205.png                 | 0.4906      | 0.3250      | 0.3399      | 0.8814      | 
| 1219.png                 | 0.6437      | 0.4746      | 0.5262      | 0.8287      | 
| 1220.png                 | 0.9220      | 0.8553      | 0.9499      | 0.8957      | 
| 1221.png                 | 0.8396      | 0.7235      | 0.9423      | 0.7571      | 
| 1222.png                 | 0.8131      | 0.6850      | 0.8641      | 0.7677      | 
| 1223.png                 | 0.7959      | 0.6610      | 0.9285      | 0.6965      | 
| 1224.png                 | 0.4681      | 0.3056      | 0.3435      | 0.7347      | 
| 1225.png                 | 0.4970      | 0.3307      | 0.9109      | 0.3418      | 
| 1226.png                 | 0.8121      | 0.6836      | 0.9446      | 0.7122      | 
| 1227.png                 | 0.7986      | 0.6648      | 0.7738      | 0.8251      | 
| 1228.png                 | 0.2928      | 0.1715      | 0.1830      | 0.7314      | 
| 1230.png                 | 0.7015      | 0.5403      | 0.7783      | 0.6386      | 
| 1236.png                 | 0.3186      | 0.1895      | 0.1903      | 0.9784      | 
| 124.png                  | 0.9219      | 0.8552      | 0.9681      | 0.8800      | 
| 1244.png                 | 0.6577      | 0.4900      | 0.5106      | 0.9240      | 
| 1245.png                 | 0.5196      | 0.3510      | 0.3577      | 0.9493      | 
| 1246.png                 | 0.8983      | 0.8154      | 0.8419      | 0.9628      | 
| 1247.png                 | 0.8926      | 0.8060      | 0.8611      | 0.9264      | 
| 1248.png                 | 0.9240      | 0.8588      | 0.8797      | 0.9731      | 
| 1249.png                 | 0.9076      | 0.8309      | 0.8409      | 0.9859      | 
| 1250.png                 | 0.9113      | 0.8370      | 0.8700      | 0.9567      | 
| 1251.png                 | 0.6055      | 0.4342      | 0.4499      | 0.9257      | 
| 1252.png                 | 0.6449      | 0.4759      | 0.4929      | 0.9323      | 
| 1253.png                 | 0.6590      | 0.4914      | 0.5150      | 0.9146      | 
| 1254.png                 | 0.5845      | 0.4129      | 0.4202      | 0.9598      | 
| 1255.png                 | 0.4307      | 0.2745      | 0.2799      | 0.9333      | 
| 1256.png                 | 0.5427      | 0.3724      | 0.3947      | 0.8681      | 
| 1257.png                 | 0.5833      | 0.4117      | 0.4251      | 0.9289      | 
| 1258.png                 | 0.6602      | 0.4927      | 0.5180      | 0.9100      | 
| 1259.png                 | 0.5675      | 0.3961      | 0.4040      | 0.9534      | 
| 1260.png                 | 0.5865      | 0.4149      | 0.4326      | 0.9104      | 
| 1261.png                 | 0.8552      | 0.7470      | 0.8205      | 0.8930      | 
| 1262.png                 | 0.8918      | 0.8047      | 0.8173      | 0.9812      | 
| 1264.png                 | 0.9123      | 0.8388      | 0.9670      | 0.8635      | 
| 1265.png                 | 0.4146      | 0.2615      | 0.2666      | 0.9317      | 
| 1266.png                 | 0.8843      | 0.7926      | 0.8914      | 0.8774      | 
| 1273.png                 | 0.5022      | 0.3353      | 0.3399      | 0.9612      | 
| 1274.png                 | 0.5882      | 0.4166      | 0.4181      | 0.9914      | 
| 1276.png                 | 0.9482      | 0.9016      | 0.9978      | 0.9034      | 
| 1277.png                 | 0.9409      | 0.8883      | 0.9959      | 0.8916      | 
| 1278.png                 | 0.9463      | 0.8982      | 0.9839      | 0.9115      | 
| 1281.png                 | 0.4216      | 0.2671      | 0.8259      | 0.2830      | 
| 1282.png                 | 0.4755      | 0.3119      | 0.8710      | 0.3270      | 
| 1285.png                 | 0.4635      | 0.3016      | 0.3068      | 0.9469      | 
| 1286.png                 | 0.3137      | 0.1860      | 0.1878      | 0.9511      | 
| 1287.png                 | 0.7703      | 0.6264      | 0.9646      | 0.6412      | 
| 1289.png                 | 0.3452      | 0.2086      | 0.2137      | 0.8983      | 
| 1291.png                 | 0.6417      | 0.4724      | 0.5047      | 0.8809      | 
| 1293.png                 | 0.7547      | 0.6060      | 0.6310      | 0.9387      | 
| 1294.png                 | 0.8737      | 0.7757      | 0.9182      | 0.8332      | 
| 1296.png                 | 0.0000      | 0.0000      | 0.0000      | 0.0000      | 
| 1297.png                 | 0.3732      | 0.2294      | 0.2608      | 0.6557      | 
| 1298.png                 | 0.6693      | 0.5029      | 0.7381      | 0.6122      | 
| 1299.png                 | 0.8444      | 0.7308      | 0.9308      | 0.7727      | 
| 13.png                   | 0.9618      | 0.9265      | 0.9876      | 0.9374      | 
| 1300.png                 | 0.8909      | 0.8033      | 0.9944      | 0.8069      | 
| 1302.png                 | 0.5379      | 0.3679      | 0.3717      | 0.9726      | 
| 1303.png                 | 0.8556      | 0.7476      | 0.7654      | 0.9698      | 
| 1304.png                 | 0.3590      | 0.2188      | 0.3511      | 0.3673      | 
| 1305.png                 | 0.4157      | 0.2624      | 0.8638      | 0.2737      | 
| 1307.png                 | 0.9124      | 0.8389      | 0.9051      | 0.9198      | 
| 1308.png                 | 0.9047      | 0.8260      | 0.9486      | 0.8647      | 
| 1309.png                 | 0.9023      | 0.8220      | 0.8684      | 0.9389      | 
| 1310.png                 | 0.4271      | 0.2716      | 0.2815      | 0.8853      | 
| 1311.png                 | 0.8517      | 0.7416      | 0.7853      | 0.9303      | 
| 1312.png                 | 0.7886      | 0.6510      | 0.6832      | 0.9325      | 
| 1313.png                 | 0.9331      | 0.8745      | 0.9474      | 0.9192      | 
| 1314.png                 | 0.9300      | 0.8691      | 0.9349      | 0.9251      | 
| 1315.png                 | 0.9376      | 0.8825      | 0.9852      | 0.8944      | 
| 1317.png                 | 0.2766      | 0.1605      | 0.1617      | 0.9536      | 
| 1318.png                 | 0.7661      | 0.6208      | 0.6470      | 0.9388      | 
| 1319.png                 | 0.8981      | 0.8150      | 0.8621      | 0.9371      | 
| 132.png                  | 0.8468      | 0.7343      | 0.9943      | 0.7374      | 
| 1320.png                 | 0.8867      | 0.7964      | 0.8524      | 0.9238      | 
| 1321.png                 | 0.8334      | 0.7144      | 1.0000      | 0.7144      | 
| 1322.png                 | 0.7384      | 0.5853      | 1.0000      | 0.5853      | 
| 1323.png                 | 0.8069      | 0.6763      | 0.7134      | 0.9287      | 
| 1324.png                 | 0.8801      | 0.7859      | 1.0000      | 0.7859      | 
| 1325.png                 | 0.7914      | 0.6548      | 0.9888      | 0.6597      | 
| 1326.png                 | 0.7900      | 0.6529      | 0.8039      | 0.7766      | 
| 1327.png                 | 0.9353      | 0.8785      | 0.9368      | 0.9339      | 
| 1328.png                 | 0.9224      | 0.8559      | 0.9270      | 0.9178      | 
| 1329.png                 | 0.8202      | 0.6951      | 0.9891      | 0.7005      | 
| 133.png                  | 0.9516      | 0.9077      | 0.9954      | 0.9115      | 
| 1330.png                 | 0.6549      | 0.4869      | 0.5695      | 0.7705      | 
| 1333.png                 | 0.7541      | 0.6052      | 0.6562      | 0.8862      | 
| 1334.png                 | 0.7569      | 0.6089      | 0.9752      | 0.6185      | 
| 1335.png                 | 0.8981      | 0.8150      | 1.0000      | 0.8150      | 
| 1337.png                 | 0.8989      | 0.8163      | 0.9801      | 0.8301      | 
| 134.png                  | 0.9559      | 0.9155      | 0.9717      | 0.9406      | 
| 1345.png                 | 0.8528      | 0.7434      | 0.9910      | 0.7485      | 
| 1348.png                 | 0.5655      | 0.3942      | 0.4004      | 0.9624      | 
| 1349.png                 | 0.8857      | 0.7948      | 0.9737      | 0.8122      | 
| 1350.png                 | 0.8692      | 0.7687      | 0.8884      | 0.8508      | 
| 1353.png                 | 0.4060      | 0.2547      | 0.2548      | 0.9978      | 
| 1354.png                 | 0.8565      | 0.7491      | 0.7566      | 0.9869      | 
| 1355.png                 | 0.8926      | 0.8060      | 0.8617      | 0.9257      | 
| 1356.png                 | 0.9585      | 0.9202      | 0.9621      | 0.9549      | 
| 1357.png                 | 0.9670      | 0.9360      | 0.9613      | 0.9727      | 
| 1358.png                 | 0.9593      | 0.9218      | 0.9632      | 0.9554      | 
| 1359.png                 | 0.9321      | 0.8729      | 0.9562      | 0.9092      | 
| 1370.png                 | 0.8046      | 0.6730      | 0.7071      | 0.9332      | 
| 1371.png                 | 0.7631      | 0.6170      | 0.6389      | 0.9474      | 
| 1372.png                 | 0.9218      | 0.8550      | 0.8767      | 0.9718      | 
| 1373.png                 | 0.9027      | 0.8227      | 0.9050      | 0.9004      | 
| 1374.png                 | 0.5737      | 0.4023      | 0.4113      | 0.9485      | 
| 1375.png                 | 0.7074      | 0.5473      | 0.5663      | 0.9421      | 
| 1376.png                 | 0.7838      | 0.6445      | 0.6783      | 0.9281      | 
| 1377.png                 | 0.8013      | 0.6685      | 0.9098      | 0.7159      | 
| 1378.png                 | 0.5031      | 0.3361      | 0.3524      | 0.8794      | 
| 1379.png                 | 0.7487      | 0.5983      | 0.6635      | 0.8589      | 
| 1380.png                 | 0.4668      | 0.3045      | 0.3177      | 0.8798      | 
| 1381.png                 | 0.7385      | 0.5854      | 0.6124      | 0.9300      | 
| 1382.png                 | 0.7267      | 0.5708      | 0.9381      | 0.5931      | 
| 1389.png                 | 0.7638      | 0.6179      | 0.7459      | 0.7826      | 
| 139.png                  | 0.9428      | 0.8918      | 0.9816      | 0.9070      | 
| 1390.png                 | 0.9091      | 0.8334      | 0.9836      | 0.8451      | 
| 1397.png                 | 0.5538      | 0.3829      | 0.6232      | 0.4983      | 
| 14.png                   | 0.9567      | 0.9169      | 0.9884      | 0.9269      | 
| 140.png                  | 0.9360      | 0.8797      | 0.9716      | 0.9029      | 
| 1405.png                 | 0.7816      | 0.6415      | 0.6607      | 0.9567      | 
| 1406.png                 | 0.7217      | 0.5646      | 0.6012      | 0.9026      | 
| 1407.png                 | 0.7819      | 0.6419      | 0.7348      | 0.8354      | 
| 1409.png                 | 0.8954      | 0.8105      | 0.8765      | 0.9150      | 
| 1410.png                 | 0.8980      | 0.8149      | 0.8376      | 0.9678      | 
| 1411.png                 | 0.8666      | 0.7647      | 0.8260      | 0.9115      | 
| 1412.png                 | 0.8286      | 0.7073      | 0.9797      | 0.7178      | 
| 1414.png                 | 0.7221      | 0.5650      | 0.5969      | 0.9136      | 
| 1415.png                 | 0.8421      | 0.7272      | 0.8162      | 0.8696      | 
| 1416.png                 | 0.8919      | 0.8048      | 0.8883      | 0.8954      | 
| 1417.png                 | 0.8691      | 0.7685      | 0.9132      | 0.8290      | 
| 1418.png                 | 0.9278      | 0.8654      | 0.9705      | 0.8888      | 
| 1419.png                 | 0.8980      | 0.8148      | 0.9274      | 0.8704      | 
| 142.png                  | 0.8993      | 0.8170      | 0.9909      | 0.8232      | 
| 1420.png                 | 0.8091      | 0.6795      | 0.9835      | 0.6873      | 
| 1422.png                 | 0.7555      | 0.6071      | 0.6246      | 0.9559      | 
| 1424.png                 | 0.7543      | 0.6055      | 0.6437      | 0.9107      | 
| 1426.png                 | 0.8450      | 0.7317      | 0.7367      | 0.9908      | 
| 1427.png                 | 0.9388      | 0.8847      | 0.9193      | 0.9592      | 
| 1428.png                 | 0.9411      | 0.8887      | 0.9709      | 0.9130      | 
| 1429.png                 | 0.9212      | 0.8540      | 0.9475      | 0.8964      | 
| 143.png                  | 0.9315      | 0.8717      | 0.9880      | 0.8810      | 
| 1432.png                 | 0.8633      | 0.7595      | 0.8561      | 0.8706      | 
| 1433.png                 | 0.9030      | 0.8232      | 0.9093      | 0.8969      | 
| 1435.png                 | 0.3784      | 0.2334      | 0.2346      | 0.9772      | 
| 1436.png                 | 0.8556      | 0.7477      | 0.7676      | 0.9665      | 
| 1437.png                 | 0.8711      | 0.7716      | 0.7901      | 0.9706      | 
| 1438.png                 | 0.9237      | 0.8582      | 0.9491      | 0.8997      | 
| 1439.png                 | 0.9201      | 0.8520      | 0.9862      | 0.8623      | 
| 1442.png                 | 0.8381      | 0.7213      | 0.7903      | 0.8920      | 
| 1443.png                 | 0.8829      | 0.7903      | 0.8916      | 0.8743      | 
| 1444.png                 | 0.9162      | 0.8453      | 0.9138      | 0.9185      | 
| 1445.png                 | 0.9747      | 0.9506      | 0.9853      | 0.9643      | 
| 1446.png                 | 0.9309      | 0.8707      | 0.9639      | 0.9000      | 
| 1450.png                 | 0.0000      | 0.0000      | 0.0000      | 0.0000      | 
| 1451.png                 | 0.6868      | 0.5230      | 0.5361      | 0.9554      | 
| 1452.png                 | 0.8275      | 0.7057      | 0.7358      | 0.9453      | 
| 1453.png                 | 0.9415      | 0.8895      | 0.9305      | 0.9528      | 
| 1454.png                 | 0.9207      | 0.8530      | 0.9857      | 0.8637      | 
| 1455.png                 | 0.6711      | 0.5051      | 0.9921      | 0.5071      | 
| 1456.png                 | 0.1137      | 0.0603      | 0.0612      | 0.7948      | 
| 1457.png                 | 0.7980      | 0.6639      | 0.7133      | 0.9056      | 
| 1458.png                 | 0.2982      | 0.1752      | 0.1768      | 0.9511      | 
| 1460.png                 | 0.7631      | 0.6170      | 0.8627      | 0.6841      | 
| 1461.png                 | 0.4142      | 0.2612      | 0.2677      | 0.9147      | 
| 1462.png                 | 0.8376      | 0.7206      | 0.7251      | 0.9914      | 
| 1469.png                 | 0.7123      | 0.5531      | 0.5896      | 0.8994      | 
| 147.png                  | 0.3084      | 0.1823      | 0.1824      | 0.9954      | 
| 1470.png                 | 0.5963      | 0.4248      | 0.4419      | 0.9163      | 
| 1472.png                 | 0.7278      | 0.5721      | 0.6244      | 0.8723      | 
| 1473.png                 | 0.5825      | 0.4109      | 0.4299      | 0.9031      | 
| 1474.png                 | 0.6255      | 0.4551      | 0.4633      | 0.9626      | 
| 1476.png                 | 0.7737      | 0.6309      | 0.6469      | 0.9624      | 
| 1477.png                 | 0.6854      | 0.5213      | 0.5347      | 0.9543      | 
| 1478.png                 | 0.7407      | 0.5882      | 0.5969      | 0.9760      | 
| 1479.png                 | 0.3901      | 0.2423      | 0.2525      | 0.8574      | 
| 1480.png                 | 0.7874      | 0.6494      | 0.7601      | 0.8168      | 
| 1481.png                 | 0.7382      | 0.5851      | 0.6229      | 0.9060      | 
| 1482.png                 | 0.7473      | 0.5965      | 0.8268      | 0.6817      | 
| 1484.png                 | 0.8351      | 0.7169      | 0.7287      | 0.9779      | 
| 1485.png                 | 0.7984      | 0.6644      | 0.7457      | 0.8590      | 
| 1486.png                 | 0.7549      | 0.6063      | 0.7705      | 0.7400      | 
| 1487.png                 | 0.0107      | 0.0054      | 0.0054      | 0.7417      | 
| 1488.png                 | 0.8002      | 0.6670      | 0.7500      | 0.8577      | 
| 1490.png                 | 0.6752      | 0.5096      | 0.6183      | 0.7435      | 
| 1491.png                 | 0.5964      | 0.4249      | 0.4334      | 0.9557      | 
| 1492.png                 | 0.8256      | 0.7030      | 0.7351      | 0.9416      | 
| 1496.png                 | 0.5965      | 0.4250      | 0.8866      | 0.4494      | 
| 1498.png                 | 0.0686      | 0.0355      | 0.0356      | 0.9113      | 
| 1499.png                 | 0.5649      | 0.3936      | 0.4130      | 0.8933      | 
| 15.png                   | 0.9017      | 0.8209      | 0.9690      | 0.8431      | 
| 1500.png                 | 0.5181      | 0.3496      | 0.3544      | 0.9626      | 
| 1501.png                 | 0.9022      | 0.8218      | 0.8535      | 0.9567      | 
| 1503.png                 | 0.7485      | 0.5981      | 0.6090      | 0.9709      | 
| 1506.png                 | 0.5321      | 0.3625      | 0.3728      | 0.9294      | 
| 1507.png                 | 0.8741      | 0.7763      | 0.8270      | 0.9268      | 
| 1508.png                 | 0.9026      | 0.8225      | 0.8483      | 0.9645      | 
| 1509.png                 | 0.9308      | 0.8705      | 0.9112      | 0.9512      | 
| 1510.png                 | 0.5196      | 0.3510      | 0.3750      | 0.8461      | 
| 1511.png                 | 0.5873      | 0.4158      | 0.5115      | 0.6896      | 
| 1512.png                 | 0.7740      | 0.6313      | 0.6548      | 0.9462      | 
| 1513.png                 | 0.8978      | 0.8145      | 0.8659      | 0.9321      | 
| 1514.png                 | 0.4279      | 0.2722      | 0.9453      | 0.2766      | 
| 1516.png                 | 0.8986      | 0.8159      | 0.9306      | 0.8688      | 
| 1517.png                 | 0.9495      | 0.9039      | 0.9590      | 0.9402      | 
| 1518.png                 | 0.9455      | 0.8966      | 0.9296      | 0.9619      | 
| 1519.png                 | 0.8630      | 0.7590      | 0.7764      | 0.9712      | 
| 1520.png                 | 0.8452      | 0.7319      | 0.9903      | 0.7372      | 
| 1523.png                 | 0.5667      | 0.3954      | 0.8097      | 0.4360      | 
| 1525.png                 | 0.5759      | 0.4044      | 0.5800      | 0.5720      | 
| 1527.png                 | 0.8624      | 0.7581      | 0.8142      | 0.9168      | 
| 1533.png                 | 0.7920      | 0.6557      | 0.8253      | 0.7614      | 
| 1534.png                 | 0.8806      | 0.7866      | 0.8188      | 0.9525      | 
| 1535.png                 | 0.9395      | 0.8860      | 0.9346      | 0.9445      | 
| 1536.png                 | 0.8800      | 0.7857      | 0.8555      | 0.9059      | 
| 1538.png                 | 0.4450      | 0.2862      | 0.9915      | 0.2869      | 
| 1539.png                 | 0.9486      | 0.9021      | 0.9433      | 0.9539      | 
| 154.png                  | 0.9396      | 0.8860      | 0.9426      | 0.9366      | 
| 1540.png                 | 0.9650      | 0.9323      | 0.9494      | 0.9810      | 
| 1541.png                 | 0.9597      | 0.9226      | 0.9295      | 0.9920      | 
| 1542.png                 | 0.9378      | 0.8829      | 0.9054      | 0.9726      | 
| 1543.png                 | 0.9301      | 0.8693      | 0.9852      | 0.8808      | 
| 1545.png                 | 0.3112      | 0.1843      | 0.1847      | 0.9859      | 
| 1546.png                 | 0.3870      | 0.2399      | 0.2402      | 0.9950      | 
| 1547.png                 | 0.3005      | 0.1768      | 0.1770      | 0.9943      | 
| 1548.png                 | 0.8626      | 0.7583      | 0.7626      | 0.9926      | 
| 1549.png                 | 0.8710      | 0.7715      | 0.7769      | 0.9911      | 
| 155.png                  | 0.9264      | 0.8629      | 0.9177      | 0.9353      | 
| 1550.png                 | 0.9260      | 0.8621      | 0.8665      | 0.9941      | 
| 1551.png                 | 0.6128      | 0.4417      | 0.4474      | 0.9722      | 
| 1553.png                 | 0.7987      | 0.6648      | 0.7917      | 0.8057      | 
| 1554.png                 | 0.8862      | 0.7957      | 0.8434      | 0.9336      | 
| 1555.png                 | 0.7308      | 0.5758      | 0.5785      | 0.9919      | 
| 1556.png                 | 0.6306      | 0.4605      | 0.4775      | 0.9285      | 
| 1557.png                 | 0.8567      | 0.7493      | 0.8653      | 0.8482      | 
| 1558.png                 | 0.8612      | 0.7563      | 0.8265      | 0.8991      | 
| 1559.png                 | 0.9152      | 0.8436      | 0.9031      | 0.9276      | 
| 1560.png                 | 0.8615      | 0.7567      | 0.8080      | 0.9227      | 
| 1561.png                 | 0.9255      | 0.8613      | 0.8922      | 0.9613      | 
| 1562.png                 | 0.8450      | 0.7316      | 0.8351      | 0.8551      | 
| 1563.png                 | 0.5701      | 0.3987      | 0.9751      | 0.4028      | 
| 1564.png                 | 0.7649      | 0.6193      | 0.9279      | 0.6506      | 
| 1565.png                 | 0.7521      | 0.6027      | 0.6987      | 0.8143      | 
| 1566.png                 | 0.6209      | 0.4502      | 0.4733      | 0.9022      | 
| 1567.png                 | 0.8060      | 0.6750      | 0.7895      | 0.8232      | 
| 1568.png                 | 0.6924      | 0.5295      | 0.5698      | 0.8821      | 
| 157.png                  | 0.8955      | 0.8108      | 0.8301      | 0.9721      | 
| 1571.png                 | 0.8257      | 0.7031      | 0.8369      | 0.8148      | 
| 1572.png                 | 0.4004      | 0.2503      | 0.2582      | 0.8909      | 
| 1577.png                 | 0.9049      | 0.8264      | 0.8384      | 0.9830      | 
| 1578.png                 | 0.9089      | 0.8331      | 0.9214      | 0.8968      | 
| 1579.png                 | 0.9332      | 0.8749      | 0.9576      | 0.9101      | 
| 158.png                  | 0.8621      | 0.7576      | 0.7728      | 0.9747      | 
| 1580.png                 | 0.6534      | 0.4852      | 0.8998      | 0.5129      | 
| 1590.png                 | 0.8175      | 0.6913      | 0.7213      | 0.9432      | 
| 1591.png                 | 0.7976      | 0.6634      | 0.7962      | 0.7991      | 
| 1592.png                 | 0.7248      | 0.5683      | 0.5708      | 0.9924      | 
| 1593.png                 | 0.7535      | 0.6046      | 0.6282      | 0.9413      | 
| 1594.png                 | 0.8356      | 0.7176      | 0.9082      | 0.7737      | 
| 1595.png                 | 0.7529      | 0.6037      | 0.6419      | 0.9102      | 
| 1596.png                 | 0.7798      | 0.6390      | 0.8966      | 0.6899      | 
| 1597.png                 | 0.8199      | 0.6948      | 0.9949      | 0.6973      | 
| 1598.png                 | 0.6942      | 0.5316      | 0.8923      | 0.5681      | 
| 16.png                   | 0.7697      | 0.6257      | 0.6949      | 0.8626      | 
| 160.png                  | 0.8903      | 0.8023      | 0.9851      | 0.8122      | 
| 1600.png                 | 0.8416      | 0.7265      | 0.9404      | 0.7616      | 
| 1601.png                 | 0.8940      | 0.8084      | 0.8541      | 0.9379      | 
| 1602.png                 | 0.9154      | 0.8439      | 0.9613      | 0.8736      | 
| 1603.png                 | 0.9065      | 0.8289      | 0.9125      | 0.9005      | 
| 1604.png                 | 0.8035      | 0.6716      | 1.0000      | 0.6716      | 
| 1605.png                 | 0.4434      | 0.2848      | 0.4069      | 0.4869      | 
| 1606.png                 | 0.5290      | 0.3596      | 0.6461      | 0.4478      | 
| 1608.png                 | 0.8184      | 0.6926      | 0.9538      | 0.7166      | 
| 1609.png                 | 0.8282      | 0.7068      | 0.7925      | 0.8673      | 
| 161.png                  | 0.9446      | 0.8951      | 0.9676      | 0.9227      | 
| 1610.png                 | 0.6152      | 0.4443      | 0.4504      | 0.9706      | 
| 1611.png                 | 0.8882      | 0.7990      | 0.8158      | 0.9748      | 
| 1612.png                 | 0.9088      | 0.8329      | 0.8639      | 0.9586      | 
| 1613.png                 | 0.7440      | 0.5924      | 0.5924      | 1.0000      | 
| 1614.png                 | 0.8672      | 0.7656      | 0.9480      | 0.7991      | 
| 1617.png                 | 0.7845      | 0.6454      | 0.7152      | 0.8687      | 
| 1618.png                 | 0.8496      | 0.7385      | 0.8027      | 0.9024      | 
| 1619.png                 | 0.8413      | 0.7260      | 0.7778      | 0.9161      | 
| 162.png                  | 0.8796      | 0.7851      | 0.8971      | 0.8628      | 
| 1620.png                 | 0.7380      | 0.5848      | 0.6994      | 0.7810      | 
| 1622.png                 | 0.8150      | 0.6878      | 0.8564      | 0.7775      | 
| 1625.png                 | 0.9272      | 0.8643      | 0.9333      | 0.9212      | 
| 1626.png                 | 0.8885      | 0.7993      | 0.9732      | 0.8173      | 
| 1628.png                 | 0.6051      | 0.4337      | 0.7831      | 0.4930      | 
| 1629.png                 | 0.9184      | 0.8490      | 0.9492      | 0.8894      | 
| 1630.png                 | 0.9030      | 0.8232      | 0.9176      | 0.8889      | 
| 1631.png                 | 0.9428      | 0.8918      | 0.9649      | 0.9217      | 
| 1632.png                 | 0.7057      | 0.5452      | 0.9279      | 0.5693      | 
| 1635.png                 | 0.9066      | 0.8292      | 0.9721      | 0.8494      | 
| 1636.png                 | 0.9389      | 0.8848      | 0.9248      | 0.9534      | 
| 1637.png                 | 0.9263      | 0.8627      | 0.9033      | 0.9505      | 
| 1638.png                 | 0.8895      | 0.8010      | 0.8422      | 0.9424      | 
| 1639.png                 | 0.8767      | 0.7804      | 0.8536      | 0.9010      | 
| 164.png                  | 0.9327      | 0.8740      | 0.9426      | 0.9231      | 
| 165.png                  | 0.8392      | 0.7230      | 0.7880      | 0.8975      | 
| 1656.png                 | 0.3922      | 0.2439      | 0.2532      | 0.8697      | 
| 1657.png                 | 0.0207      | 0.0104      | 0.0105      | 0.9328      | 
| 166.png                  | 0.9452      | 0.8961      | 0.9745      | 0.9177      | 
| 1665.png                 | 0.6790      | 0.5140      | 0.6441      | 0.7178      | 
| 1666.png                 | 0.6892      | 0.5258      | 0.5477      | 0.9295      | 
| 1667.png                 | 0.8778      | 0.7822      | 0.7993      | 0.9733      | 
| 1668.png                 | 0.7808      | 0.6404      | 0.8859      | 0.6980      | 
| 1669.png                 | 0.6085      | 0.4373      | 0.6208      | 0.5967      | 
| 167.png                  | 0.9254      | 0.8612      | 0.9947      | 0.8652      | 
| 1670.png                 | 0.4349      | 0.2778      | 0.3444      | 0.5897      | 
| 1671.png                 | 0.4879      | 0.3226      | 0.3721      | 0.7082      | 
| 1672.png                 | 0.7500      | 0.6000      | 0.8498      | 0.6712      | 
| 1677.png                 | 0.8110      | 0.6821      | 0.8853      | 0.7483      | 
| 1679.png                 | 0.5595      | 0.3884      | 0.3966      | 0.9491      | 
| 168.png                  | 0.8620      | 0.7575      | 0.9840      | 0.7670      | 
| 1681.png                 | 0.7133      | 0.5543      | 0.5785      | 0.9300      | 
| 1685.png                 | 0.4303      | 0.2741      | 0.3092      | 0.7076      | 
| 1689.png                 | 0.4702      | 0.3074      | 0.3215      | 0.8749      | 
| 1691.png                 | 0.4250      | 0.2698      | 0.2845      | 0.8396      | 
| 1692.png                 | 0.3405      | 0.2052      | 0.2106      | 0.8890      | 
| 1693.png                 | 0.4576      | 0.2967      | 0.3005      | 0.9587      | 
| 1694.png                 | 0.5706      | 0.3991      | 0.4060      | 0.9593      | 
| 1697.png                 | 0.0301      | 0.0153      | 0.0153      | 0.9225      | 
| 1699.png                 | 0.8983      | 0.8154      | 0.9055      | 0.8912      | 
| 17.png                   | 0.7505      | 0.6007      | 0.9602      | 0.6160      | 
| 1700.png                 | 0.8398      | 0.7239      | 0.7444      | 0.9634      | 
| 1701.png                 | 0.8776      | 0.7818      | 0.8300      | 0.9310      | 
| 1702.png                 | 0.8548      | 0.7464      | 0.8006      | 0.9168      | 
| 1705.png                 | 0.7798      | 0.6390      | 0.7291      | 0.8380      | 
| 1706.png                 | 0.7842      | 0.6450      | 0.7033      | 0.8862      | 
| 1707.png                 | 0.7350      | 0.5811      | 0.6117      | 0.9207      | 
| 1708.png                 | 0.5778      | 0.4063      | 0.4253      | 0.9007      | 
| 1713.png                 | 0.5205      | 0.3518      | 0.9937      | 0.3526      | 
| 1715.png                 | 0.8993      | 0.8170      | 0.9264      | 0.8737      | 
| 172.png                  | 0.9594      | 0.9220      | 0.9667      | 0.9522      | 
| 1722.png                 | 0.8837      | 0.7916      | 0.8452      | 0.9258      | 
| 1723.png                 | 0.8809      | 0.7872      | 0.9404      | 0.8285      | 
| 1724.png                 | 0.8033      | 0.6713      | 0.9348      | 0.7042      | 
| 1726.png                 | 0.8999      | 0.8180      | 0.8977      | 0.9020      | 
| 1727.png                 | 0.8890      | 0.8002      | 0.8258      | 0.9627      | 
| 1728.png                 | 0.7180      | 0.5601      | 0.5773      | 0.9495      | 
| 1729.png                 | 0.7400      | 0.5873      | 0.6018      | 0.9606      | 
| 173.png                  | 0.9482      | 0.9014      | 0.9604      | 0.9362      | 
| 1730.png                 | 0.7814      | 0.6412      | 0.6502      | 0.9790      | 
| 1731.png                 | 0.9492      | 0.9034      | 0.9424      | 0.9561      | 
| 1732.png                 | 0.7923      | 0.6560      | 0.6640      | 0.9819      | 
| 1733.png                 | 0.9003      | 0.8187      | 0.9692      | 0.8405      | 
| 1741.png                 | 0.6276      | 0.4573      | 0.5831      | 0.6794      | 
| 1743.png                 | 0.2188      | 0.1229      | 0.1234      | 0.9655      | 
| 1745.png                 | 0.3755      | 0.2311      | 0.2323      | 0.9784      | 
| 1746.png                 | 0.4138      | 0.2609      | 0.2671      | 0.9189      | 
| 1747.png                 | 0.3506      | 0.2125      | 0.2558      | 0.5567      | 
| 1748.png                 | 0.7670      | 0.6221      | 0.6692      | 0.8983      | 
| 1749.png                 | 0.8345      | 0.7159      | 0.7779      | 0.8999      | 
| 175.png                  | 0.8988      | 0.8161      | 0.9781      | 0.8313      | 
| 1750.png                 | 0.9180      | 0.8484      | 0.9307      | 0.9056      | 
| 1751.png                 | 0.9219      | 0.8552      | 0.9897      | 0.8628      | 
| 1752.png                 | 0.8439      | 0.7300      | 0.9532      | 0.7571      | 
| 1753.png                 | 0.8467      | 0.7341      | 0.9576      | 0.7588      | 
| 1759.png                 | 0.3209      | 0.1911      | 0.1950      | 0.9060      | 
| 176.png                  | 0.9141      | 0.8418      | 0.9945      | 0.8458      | 
| 1760.png                 | 0.8116      | 0.6829      | 0.7581      | 0.8732      | 
| 1761.png                 | 0.4739      | 0.3106      | 0.3352      | 0.8085      | 
| 1762.png                 | 0.1854      | 0.1022      | 0.1403      | 0.2734      | 
| 1764.png                 | 0.5854      | 0.4138      | 0.4186      | 0.9730      | 
| 1766.png                 | 0.6249      | 0.4545      | 0.4869      | 0.8723      | 
| 1767.png                 | 0.6091      | 0.4380      | 0.5281      | 0.7196      | 
| 177.png                  | 0.9468      | 0.8990      | 0.9967      | 0.9017      | 
| 1771.png                 | 0.9233      | 0.8575      | 0.9016      | 0.9460      | 
| 178.png                  | 0.9335      | 0.8753      | 0.9950      | 0.8792      | 
| 1781.png                 | 0.0168      | 0.0085      | 0.0085      | 0.9591      | 
| 1782.png                 | 0.0436      | 0.0223      | 0.0223      | 1.0000      | 
| 1786.png                 | 0.8729      | 0.7744      | 0.9728      | 0.7916      | 
| 1787.png                 | 0.8659      | 0.7636      | 0.9610      | 0.7880      | 
| 1788.png                 | 0.9013      | 0.8204      | 0.9757      | 0.8375      | 
| 1789.png                 | 0.8056      | 0.6745      | 0.9178      | 0.7178      | 
| 1790.png                 | 0.8821      | 0.7890      | 0.9635      | 0.8134      | 
| 1791.png                 | 0.4144      | 0.2613      | 0.2675      | 0.9188      | 
| 1793.png                 | 0.0168      | 0.0085      | 0.0085      | 1.0000      | 
| 1795.png                 | 0.5279      | 0.3586      | 0.8919      | 0.3749      | 
| 1796.png                 | 0.8798      | 0.7854      | 0.8575      | 0.9033      | 
| 1797.png                 | 0.9253      | 0.8610      | 0.8946      | 0.9582      | 
| 1798.png                 | 0.9245      | 0.8595      | 0.9258      | 0.9232      | 
| 1799.png                 | 0.6165      | 0.4456      | 0.8665      | 0.4785      | 
| 18.png                   | 0.8582      | 0.7517      | 1.0000      | 0.7517      | 
| 180.png                  | 0.9248      | 0.8600      | 1.0000      | 0.8600      | 
| 1800.png                 | 0.7308      | 0.5758      | 0.9162      | 0.6079      | 
| 1801.png                 | 0.4710      | 0.3081      | 0.3348      | 0.7941      | 
| 1802.png                 | 0.4607      | 0.2993      | 0.3308      | 0.7585      | 
| 1805.png                 | 0.6290      | 0.4588      | 0.5440      | 0.7455      | 
| 1808.png                 | 0.4910      | 0.3254      | 0.3349      | 0.9201      | 
| 181.png                  | 0.9685      | 0.9389      | 0.9953      | 0.9430      | 
| 182.png                  | 0.9398      | 0.8864      | 0.9962      | 0.8894      | 
| 1820.png                 | 0.6302      | 0.4601      | 0.4727      | 0.9454      | 
| 1822.png                 | 0.5744      | 0.4029      | 0.4180      | 0.9178      | 
| 1825.png                 | 0.8415      | 0.7264      | 0.7365      | 0.9815      | 
| 1826.png                 | 0.7928      | 0.6567      | 0.8489      | 0.7436      | 
| 1827.png                 | 0.8008      | 0.6678      | 0.7417      | 0.8703      | 
| 1828.png                 | 0.7860      | 0.6475      | 0.6784      | 0.9342      | 
| 1829.png                 | 0.6345      | 0.4647      | 0.9697      | 0.4715      | 
| 183.png                  | 0.9241      | 0.8589      | 0.9787      | 0.8752      | 
| 1830.png                 | 0.7477      | 0.5970      | 0.6569      | 0.8675      | 
| 1831.png                 | 0.7847      | 0.6456      | 0.6847      | 0.9188      | 
| 1832.png                 | 0.8091      | 0.6793      | 0.7325      | 0.9035      | 
| 1833.png                 | 0.8077      | 0.6774      | 0.7640      | 0.8566      | 
| 1834.png                 | 0.7402      | 0.5876      | 0.6487      | 0.8618      | 
| 1835.png                 | 0.4836      | 0.3189      | 0.3302      | 0.9034      | 
| 1836.png                 | 0.9423      | 0.8910      | 0.9075      | 0.9799      | 
| 1837.png                 | 0.9427      | 0.8917      | 0.9359      | 0.9496      | 
| 1838.png                 | 0.0000      | 0.0000      | 0.0000      | 0.0000      | 
| 1839.png                 | 0.9553      | 0.9144      | 0.9495      | 0.9611      | 
| 184.png                  | 0.4451      | 0.2863      | 0.3056      | 0.8190      | 
| 1840.png                 | 0.8411      | 0.7258      | 0.7846      | 0.9065      | 
| 185.png                  | 0.7094      | 0.5497      | 0.6139      | 0.8402      | 
| 1896.png                 | 0.5889      | 0.4173      | 0.9995      | 0.4174      | 
| 1897.png                 | 0.5751      | 0.4036      | 0.5774      | 0.5729      | 
| 19.png                   | 0.6854      | 0.5213      | 0.9981      | 0.5218      | 
| 192.png                  | 0.9115      | 0.8375      | 0.8868      | 0.9377      | 
| 193.png                  | 0.9120      | 0.8382      | 0.8570      | 0.9746      | 
| 194.png                  | 0.9754      | 0.9520      | 0.9626      | 0.9886      | 
| 195.png                  | 0.9709      | 0.9434      | 0.9791      | 0.9628      | 
| 1950.png                 | 0.8586      | 0.7522      | 0.8574      | 0.8598      | 
| 1956.png                 | 0.8502      | 0.7395      | 0.9485      | 0.7704      | 
| 1957.png                 | 0.6052      | 0.4339      | 0.9949      | 0.4349      | 
| 1958.png                 | 0.7492      | 0.5989      | 0.9976      | 0.5998      | 
| 196.png                  | 0.9493      | 0.9034      | 0.9474      | 0.9511      | 
| 1967.png                 | 0.8583      | 0.7517      | 0.9988      | 0.7524      | 
| 2.png                    | 0.8935      | 0.8075      | 0.9638      | 0.8328      | 
| 20.png                   | 0.8429      | 0.7285      | 0.9889      | 0.7346      | 
| 201.png                  | 0.8875      | 0.7978      | 0.8106      | 0.9806      | 
| 202.png                  | 0.9029      | 0.8230      | 0.8348      | 0.9832      | 
| 21.png                   | 0.9564      | 0.9164      | 0.9824      | 0.9317      | 
| 2102.png                 | 0.0268      | 0.0136      | 0.0136      | 1.0000      | 
| 211.png                  | 0.8423      | 0.7276      | 0.9887      | 0.7337      | 
| 212.png                  | 0.8636      | 0.7599      | 0.9877      | 0.7672      | 
| 213.png                  | 0.9251      | 0.8607      | 0.9514      | 0.9003      | 
| 214.png                  | 0.8823      | 0.7893      | 0.9304      | 0.8389      | 
| 215.png                  | 0.3575      | 0.2177      | 0.2372      | 0.7254      | 
| 216.png                  | 0.5910      | 0.4195      | 0.9714      | 0.4247      | 
| 217.png                  | 0.4858      | 0.3208      | 0.9711      | 0.3239      | 
| 218.png                  | 0.8053      | 0.6741      | 0.7921      | 0.8190      | 
| 2188.png                 | 0.3747      | 0.2306      | 0.9993      | 0.2306      | 
| 219.png                  | 0.7427      | 0.5907      | 0.6598      | 0.8493      | 
| 2190.png                 | 0.8108      | 0.6818      | 0.9987      | 0.6824      | 
| 2192.png                 | 0.9149      | 0.8432      | 0.9897      | 0.8507      | 
| 2199.png                 | 0.9052      | 0.8269      | 0.9805      | 0.8407      | 
| 22.png                   | 0.9465      | 0.8985      | 0.9595      | 0.9339      | 
| 220.png                  | 0.5488      | 0.3782      | 0.4122      | 0.8209      | 
| 2200.png                 | 0.8153      | 0.6882      | 0.9731      | 0.7015      | 
| 221.png                  | 0.8231      | 0.6994      | 0.9832      | 0.7079      | 
| 222.png                  | 0.9242      | 0.8591      | 0.9982      | 0.8605      | 
| 223.png                  | 0.9564      | 0.9165      | 0.9985      | 0.9177      | 
| 224.png                  | 0.9088      | 0.8329      | 0.9980      | 0.8343      | 
| 2244.png                 | 0.7416      | 0.5893      | 0.9973      | 0.5903      | 
| 225.png                  | 0.9211      | 0.8537      | 0.9982      | 0.8550      | 
| 2257.png                 | 0.4858      | 0.3208      | 0.9956      | 0.3213      | 
| 2259.png                 | 0.5038      | 0.3367      | 1.0000      | 0.3367      | 
| 226.png                  | 0.8669      | 0.7650      | 0.9922      | 0.7696      | 
| 227.png                  | 0.7857      | 0.6471      | 0.7716      | 0.8004      | 
| 228.png                  | 0.7621      | 0.6156      | 0.9992      | 0.6159      | 
| 229.png                  | 0.8108      | 0.6818      | 0.9594      | 0.7021      | 
| 23.png                   | 0.9569      | 0.9174      | 0.9927      | 0.9236      | 
| 230.png                  | 0.8235      | 0.7000      | 0.9728      | 0.7140      | 
| 2307.png                 | 0.8428      | 0.7283      | 0.9701      | 0.7450      | 
| 2308.png                 | 0.8291      | 0.7081      | 0.9599      | 0.7297      | 
| 2312.png                 | 0.5637      | 0.3925      | 1.0000      | 0.3925      | 
| 2313.png                 | 0.8644      | 0.7611      | 1.0000      | 0.7611      | 
| 2314.png                 | 0.8855      | 0.7945      | 1.0000      | 0.7945      | 
| 2315.png                 | 0.8064      | 0.6757      | 1.0000      | 0.6757      | 
| 2316.png                 | 0.5421      | 0.3718      | 1.0000      | 0.3718      | 
| 2318.png                 | 0.4806      | 0.3163      | 0.9345      | 0.3235      | 
| 233.png                  | 0.9447      | 0.8951      | 0.9404      | 0.9489      | 
| 234.png                  | 0.9621      | 0.9270      | 0.9787      | 0.9461      | 
| 235.png                  | 0.9610      | 0.9249      | 0.9839      | 0.9391      | 
| 236.png                  | 0.7492      | 0.5990      | 0.9756      | 0.6081      | 
| 237.png                  | 0.8726      | 0.7740      | 0.9773      | 0.7882      | 
| 2371.png                 | 0.3610      | 0.2202      | 0.2202      | 1.0000      | 
| 2379.png                 | 0.4395      | 0.2817      | 0.2817      | 1.0000      | 
| 238.png                  | 0.8144      | 0.6869      | 0.9744      | 0.6996      | 
| 2381.png                 | 0.3653      | 0.2235      | 0.2235      | 1.0000      | 
| 239.png                  | 0.8942      | 0.8087      | 0.9566      | 0.8395      | 
| 24.png                   | 0.5374      | 0.3674      | 0.7373      | 0.4227      | 
| 2411.png                 | 0.5381      | 0.3681      | 1.0000      | 0.3681      | 
| 2412.png                 | 0.6190      | 0.4482      | 1.0000      | 0.4482      | 
| 242.png                  | 0.7626      | 0.6163      | 0.6361      | 0.9519      | 
| 2427.png                 | 0.7260      | 0.5698      | 1.0000      | 0.5698      | 
| 2428.png                 | 0.6581      | 0.4904      | 1.0000      | 0.4904      | 
| 243.png                  | 0.9543      | 0.9127      | 0.9824      | 0.9279      | 
| 2431.png                 | 0.5233      | 0.3544      | 0.9989      | 0.3545      | 
| 2432.png                 | 0.4774      | 0.3135      | 0.9962      | 0.3139      | 
| 2438.png                 | 0.0000      | 0.0000      | 0.0000      | 0.0000      | 
| 244.png                  | 0.9054      | 0.8272      | 0.9938      | 0.8314      | 
| 2446.png                 | 0.3186      | 0.1895      | 0.1907      | 0.9671      | 
| 2447.png                 | 0.6429      | 0.4738      | 1.0000      | 0.4738      | 
| 2448.png                 | 0.7331      | 0.5786      | 1.0000      | 0.5786      | 
| 2449.png                 | 0.4497      | 0.2901      | 1.0000      | 0.2901      | 
| 245.png                  | 0.7570      | 0.6090      | 0.9959      | 0.6105      | 
| 2456.png                 | 0.3385      | 0.2037      | 0.2038      | 0.9985      | 
| 2457.png                 | 0.3688      | 0.2261      | 0.2261      | 0.9998      | 
| 246.png                  | 0.6910      | 0.5279      | 0.5859      | 0.8421      | 
| 247.png                  | 0.9086      | 0.8325      | 0.9644      | 0.8589      | 
| 2477.png                 | 0.6001      | 0.4286      | 0.9945      | 0.4296      | 
| 2482.png                 | 0.5217      | 0.3529      | 0.9969      | 0.3533      | 
| 2483.png                 | 0.5236      | 0.3546      | 1.0000      | 0.3546      | 
| 25.png                   | 0.6342      | 0.4643      | 0.5753      | 0.7065      | 
| 250.png                  | 0.9170      | 0.8467      | 0.9628      | 0.8754      | 
| 251.png                  | 0.9025      | 0.8223      | 0.9592      | 0.8521      | 
| 253.png                  | 0.8146      | 0.6872      | 0.9583      | 0.7083      | 
| 254.png                  | 0.8580      | 0.7514      | 1.0000      | 0.7514      | 
| 2542.png                 | 0.8343      | 0.7158      | 0.9879      | 0.7221      | 
| 2544.png                 | 0.9315      | 0.8717      | 0.9687      | 0.8970      | 
| 2545.png                 | 0.8659      | 0.7635      | 0.9159      | 0.8211      | 
| 255.png                  | 0.7770      | 0.6353      | 1.0000      | 0.6353      | 
| 256.png                  | 0.9242      | 0.8591      | 0.9828      | 0.8722      | 
| 2562.png                 | 0.4828      | 0.3182      | 0.9242      | 0.3267      | 
| 2564.png                 | 0.3419      | 0.2062      | 0.2062      | 1.0000      | 
| 2565.png                 | 0.3590      | 0.2188      | 0.2188      | 1.0000      | 
| 257.png                  | 0.9339      | 0.8760      | 0.9906      | 0.8833      | 
| 258.png                  | 0.9309      | 0.8707      | 0.9920      | 0.8768      | 
| 259.png                  | 0.8540      | 0.7453      | 1.0000      | 0.7453      | 
| 260.png                  | 0.7465      | 0.5956      | 1.0000      | 0.5956      | 
| 2606.png                 | 0.3053      | 0.1802      | 0.1822      | 0.9411      | 
| 261.png                  | 0.8682      | 0.7671      | 0.9727      | 0.7839      | 
| 262.png                  | 0.8369      | 0.7196      | 0.9682      | 0.7370      | 
| 263.png                  | 0.8682      | 0.7671      | 0.9920      | 0.7719      | 
| 264.png                  | 0.8325      | 0.7130      | 0.9993      | 0.7134      | 
| 265.png                  | 0.8557      | 0.7479      | 0.9978      | 0.7491      | 
| 2654.png                 | 0.7280      | 0.5724      | 1.0000      | 0.5724      | 
| 266.png                  | 0.9371      | 0.8817      | 0.9751      | 0.9020      | 
| 267.png                  | 0.8601      | 0.7545      | 0.9948      | 0.7575      | 
| 2703.png                 | 0.4575      | 0.2966      | 0.9846      | 0.2980      | 
| 2718.png                 | 0.4411      | 0.2830      | 0.8813      | 0.2942      | 
| 2724.png                 | 0.5473      | 0.3768      | 1.0000      | 0.3768      | 
| 2725.png                 | 0.8194      | 0.6940      | 0.9838      | 0.7020      | 
| 2726.png                 | 0.8403      | 0.7245      | 1.0000      | 0.7245      | 
| 2728.png                 | 0.9131      | 0.8401      | 0.9927      | 0.8454      | 
| 2729.png                 | 0.8789      | 0.7840      | 0.9987      | 0.7848      | 
| 2764.png                 | 0.3214      | 0.1915      | 0.1915      | 1.0000      | 
| 2770.png                 | 0.7278      | 0.5721      | 0.9627      | 0.5850      | 
| 2771.png                 | 0.3614      | 0.2206      | 0.9419      | 0.2236      | 
| 2789.png                 | 0.3825      | 0.2364      | 1.0000      | 0.2364      | 
| 2790.png                 | 0.4123      | 0.2597      | 1.0000      | 0.2597      | 
| 2791.png                 | 0.4036      | 0.2528      | 0.9946      | 0.2532      | 
| 2792.png                 | 0.7357      | 0.5819      | 0.9548      | 0.5983      | 
| 2793.png                 | 0.4934      | 0.3275      | 1.0000      | 0.3275      | 
| 2795.png                 | 0.3050      | 0.1800      | 0.1800      | 1.0000      | 
| 2796.png                 | 0.3569      | 0.2172      | 0.2172      | 1.0000      | 
| 28.png                   | 0.8355      | 0.7174      | 0.9890      | 0.7232      | 
| 281.png                  | 0.7865      | 0.6481      | 1.0000      | 0.6481      | 
| 2812.png                 | 0.3561      | 0.2166      | 1.0000      | 0.2166      | 
| 2826.png                 | 0.6543      | 0.4862      | 1.0000      | 0.4862      | 
| 2829.png                 | 0.8582      | 0.7516      | 0.9991      | 0.7521      | 
| 2831.png                 | 0.4616      | 0.3001      | 0.3135      | 0.8750      | 
| 2833.png                 | 0.5569      | 0.3859      | 1.0000      | 0.3859      | 
| 2843.png                 | 0.6019      | 0.4305      | 0.9238      | 0.4464      | 
| 2844.png                 | 0.8851      | 0.7938      | 0.9856      | 0.8032      | 
| 2845.png                 | 0.5875      | 0.4159      | 0.5050      | 0.7021      | 
| 2870.png                 | 0.5317      | 0.3621      | 0.3685      | 0.9542      | 
| 2871.png                 | 0.8597      | 0.7540      | 0.8721      | 0.8477      | 
| 2883.png                 | 0.6231      | 0.4525      | 0.9656      | 0.4599      | 
| 2884.png                 | 0.4469      | 0.2878      | 0.9287      | 0.2943      | 
| 2895.png                 | 0.9120      | 0.8382      | 0.9384      | 0.8870      | 
| 2896.png                 | 0.9227      | 0.8565      | 0.8896      | 0.9583      | 
| 2897.png                 | 0.9335      | 0.8752      | 0.9415      | 0.9256      | 
| 2898.png                 | 0.5191      | 0.3506      | 0.9949      | 0.3512      | 
| 29.png                   | 0.9322      | 0.8730      | 0.9939      | 0.8777      | 
| 2900.png                 | 0.9162      | 0.8453      | 0.9325      | 0.9004      | 
| 2901.png                 | 0.9554      | 0.9147      | 0.9865      | 0.9263      | 
| 2902.png                 | 0.9285      | 0.8665      | 0.9932      | 0.8716      | 
| 2903.png                 | 0.9222      | 0.8556      | 0.9792      | 0.8714      | 
| 2904.png                 | 0.8423      | 0.7275      | 0.9896      | 0.7331      | 
| 2905.png                 | 0.7657      | 0.6204      | 0.9952      | 0.6222      | 
| 2939.png                 | 0.3411      | 0.2056      | 0.2056      | 1.0000      | 
| 2940.png                 | 0.3472      | 0.2100      | 0.2100      | 1.0000      | 
| 295.png                  | 0.9603      | 0.9236      | 0.9882      | 0.9339      | 
| 2989.png                 | 0.3789      | 0.2338      | 0.2371      | 0.9433      | 
| 3.png                    | 0.9423      | 0.8909      | 0.9787      | 0.9086      | 
| 30.png                   | 0.9337      | 0.8756      | 0.9928      | 0.8812      | 
| 301.png                  | 0.9683      | 0.9386      | 0.9927      | 0.9451      | 
| 3022.png                 | 0.8522      | 0.7424      | 0.9350      | 0.7828      | 
| 3023.png                 | 0.9527      | 0.9097      | 0.9655      | 0.9403      | 
| 3024.png                 | 0.9594      | 0.9219      | 0.9832      | 0.9367      | 
| 3026.png                 | 0.9649      | 0.9323      | 0.9795      | 0.9508      | 
| 3027.png                 | 0.8140      | 0.6864      | 0.9485      | 0.7129      | 
| 303.png                  | 0.9295      | 0.8683      | 0.9840      | 0.8807      | 
| 3047.png                 | 0.5356      | 0.3658      | 1.0000      | 0.3658      | 
| 3048.png                 | 0.5102      | 0.3425      | 1.0000      | 0.3425      | 
| 31.png                   | 0.8884      | 0.7993      | 0.9986      | 0.8002      | 
| 311.png                  | 0.9384      | 0.8840      | 0.9949      | 0.8880      | 
| 312.png                  | 0.9614      | 0.9256      | 0.9862      | 0.9378      | 
| 316.png                  | 0.8395      | 0.7234      | 0.9889      | 0.7293      | 
| 317.png                  | 0.8714      | 0.7721      | 0.9839      | 0.7820      | 
| 318.png                  | 0.9223      | 0.8557      | 0.9648      | 0.8833      | 
| 319.png                  | 0.9317      | 0.8721      | 0.9492      | 0.9148      | 
| 32.png                   | 0.8536      | 0.7446      | 0.9622      | 0.7671      | 
| 320.png                  | 0.8278      | 0.7062      | 0.7718      | 0.8924      | 
| 321.png                  | 0.8747      | 0.7773      | 0.8508      | 0.9000      | 
| 322.png                  | 0.3670      | 0.2247      | 0.2303      | 0.9024      | 
| 325.png                  | 0.8900      | 0.8018      | 0.9454      | 0.8407      | 
| 33.png                   | 0.8441      | 0.7303      | 0.9718      | 0.7461      | 
| 332.png                  | 0.7963      | 0.6616      | 0.9331      | 0.6945      | 
| 333.png                  | 0.4423      | 0.2840      | 0.2952      | 0.8821      | 
| 339.png                  | 0.4901      | 0.3245      | 1.0000      | 0.3245      | 
| 342.png                  | 0.9553      | 0.9145      | 0.9673      | 0.9437      | 
| 345.png                  | 0.4349      | 0.2779      | 0.9929      | 0.2784      | 
| 346.png                  | 0.9137      | 0.8411      | 0.9868      | 0.8507      | 
| 347.png                  | 0.9186      | 0.8495      | 0.9628      | 0.8782      | 
| 35.png                   | 0.0132      | 0.0066      | 0.0066      | 1.0000      | 
| 357.png                  | 0.8624      | 0.7581      | 0.8786      | 0.8468      | 
| 359.png                  | 0.9437      | 0.8934      | 0.9879      | 0.9033      | 
| 36.png                   | 0.8932      | 0.8070      | 1.0000      | 0.8070      | 
| 37.png                   | 0.9076      | 0.8308      | 0.9995      | 0.8311      | 
| 38.png                   | 0.9140      | 0.8416      | 0.9967      | 0.8440      | 
| 384.png                  | 0.9627      | 0.9281      | 0.9627      | 0.9627      | 
| 385.png                  | 0.9679      | 0.9379      | 0.9770      | 0.9590      | 
| 386.png                  | 0.9458      | 0.8972      | 0.9486      | 0.9430      | 
| 387.png                  | 0.9718      | 0.9451      | 0.9780      | 0.9656      | 
| 388.png                  | 0.9759      | 0.9529      | 0.9681      | 0.9837      | 
| 389.png                  | 0.9546      | 0.9132      | 0.9850      | 0.9261      | 
| 39.png                   | 0.9451      | 0.8959      | 0.9855      | 0.9078      | 
| 390.png                  | 0.8146      | 0.6872      | 0.7894      | 0.8414      | 
| 391.png                  | 0.9506      | 0.9058      | 0.9592      | 0.9421      | 
| 392.png                  | 0.8557      | 0.7477      | 0.8888      | 0.8249      | 
| 395.png                  | 0.8370      | 0.7197      | 0.8115      | 0.8641      | 
| 396.png                  | 0.6849      | 0.5208      | 0.5306      | 0.9657      | 
| 397.png                  | 0.7975      | 0.6632      | 0.6928      | 0.9395      | 
| 398.png                  | 0.9508      | 0.9062      | 0.9797      | 0.9236      | 
| 4.png                    | 0.9163      | 0.8456      | 0.9770      | 0.8628      | 
| 40.png                   | 0.9503      | 0.9053      | 0.9849      | 0.9180      | 
| 41.png                   | 0.8950      | 0.8100      | 0.9822      | 0.8220      | 
| 415.png                  | 0.8354      | 0.7173      | 0.7817      | 0.8970      | 
| 416.png                  | 0.5503      | 0.3796      | 0.3941      | 0.9116      | 
| 417.png                  | 0.8751      | 0.7780      | 0.9789      | 0.7912      | 
| 418.png                  | 0.9097      | 0.8344      | 1.0000      | 0.8344      | 
| 419.png                  | 0.9585      | 0.9203      | 0.9879      | 0.9308      | 
| 42.png                   | 0.7324      | 0.5777      | 0.9978      | 0.5785      | 
| 420.png                  | 0.9168      | 0.8464      | 0.9974      | 0.8483      | 
| 421.png                  | 0.7565      | 0.6083      | 0.9982      | 0.6090      | 
| 422.png                  | 0.7088      | 0.5489      | 1.0000      | 0.5489      | 
| 43.png                   | 0.9192      | 0.8505      | 0.9556      | 0.8855      | 
| 44.png                   | 0.9019      | 0.8214      | 0.9584      | 0.8517      | 
| 442.png                  | 0.9048      | 0.8262      | 0.9817      | 0.8391      | 
| 443.png                  | 0.7757      | 0.6335      | 0.9871      | 0.6388      | 
| 444.png                  | 0.9203      | 0.8523      | 0.9770      | 0.8697      | 
| 445.png                  | 0.7036      | 0.5428      | 0.6175      | 0.8176      | 
| 446.png                  | 0.7405      | 0.5879      | 0.6275      | 0.9032      | 
| 447.png                  | 0.7572      | 0.6093      | 0.7286      | 0.7882      | 
| 448.png                  | 0.8293      | 0.7084      | 0.9873      | 0.7149      | 
| 449.png                  | 0.6928      | 0.5300      | 0.5659      | 0.8931      | 
| 455.png                  | 0.6979      | 0.5359      | 0.9997      | 0.5360      | 
| 456.png                  | 0.9168      | 0.8463      | 0.9912      | 0.8527      | 
| 457.png                  | 0.9476      | 0.9004      | 0.9959      | 0.9038      | 
| 458.png                  | 0.8752      | 0.7781      | 1.0000      | 0.7781      | 
| 461.png                  | 0.7031      | 0.5421      | 0.6289      | 0.7971      | 
| 462.png                  | 0.8340      | 0.7152      | 0.8015      | 0.8692      | 
| 463.png                  | 0.8186      | 0.6929      | 0.8496      | 0.7899      | 
| 464.png                  | 0.7183      | 0.5604      | 0.6927      | 0.7458      | 
| 470.png                  | 0.8177      | 0.6916      | 0.9936      | 0.6947      | 
| 472.png                  | 0.5508      | 0.3801      | 0.3873      | 0.9529      | 
| 473.png                  | 0.8998      | 0.8179      | 0.9032      | 0.8965      | 
| 474.png                  | 0.8801      | 0.7858      | 0.9180      | 0.8451      | 
| 475.png                  | 0.5625      | 0.3913      | 0.4223      | 0.8421      | 
| 476.png                  | 0.8766      | 0.7803      | 0.9208      | 0.8364      | 
| 480.png                  | 0.8898      | 0.8014      | 0.9519      | 0.8352      | 
| 481.png                  | 0.8855      | 0.7946      | 0.8565      | 0.9165      | 
| 482.png                  | 0.6762      | 0.5108      | 0.5241      | 0.9527      | 
| 483.png                  | 0.9042      | 0.8251      | 0.9845      | 0.8360      | 
| 485.png                  | 0.5286      | 0.3593      | 0.3760      | 0.8896      | 
| 486.png                  | 0.3788      | 0.2336      | 0.2372      | 0.9398      | 
| 487.png                  | 0.9257      | 0.8617      | 0.9661      | 0.8886      | 
| 490.png                  | 0.7137      | 0.5548      | 0.9973      | 0.5557      | 
| 496.png                  | 0.9176      | 0.8477      | 0.9709      | 0.8698      | 
| 497.png                  | 0.8997      | 0.8177      | 0.8931      | 0.9064      | 
| 498.png                  | 0.9390      | 0.8850      | 0.9789      | 0.9022      | 
| 499.png                  | 0.9183      | 0.8489      | 0.9536      | 0.8855      | 
| 5.png                    | 0.5263      | 0.3572      | 1.0000      | 0.3572      | 
| 500.png                  | 0.8530      | 0.7437      | 0.9862      | 0.7515      | 
| 501.png                  | 0.8570      | 0.7498      | 0.9985      | 0.7507      | 
| 502.png                  | 0.7746      | 0.6321      | 1.0000      | 0.6321      | 
| 503.png                  | 0.8451      | 0.7317      | 0.9723      | 0.7473      | 
| 504.png                  | 0.8790      | 0.7842      | 0.8922      | 0.8663      | 
| 508.png                  | 0.9342      | 0.8765      | 0.9838      | 0.8893      | 
| 51.png                   | 0.8356      | 0.7177      | 0.7357      | 0.9670      | 
| 510.png                  | 0.9170      | 0.8467      | 0.9770      | 0.8639      | 
| 511.png                  | 0.9594      | 0.9219      | 0.9914      | 0.9294      | 
| 512.png                  | 0.9643      | 0.9311      | 0.9953      | 0.9352      | 
| 513.png                  | 0.9136      | 0.8409      | 0.9939      | 0.8453      | 
| 515.png                  | 0.8096      | 0.6800      | 0.6921      | 0.9751      | 
| 517.png                  | 0.9016      | 0.8209      | 0.9929      | 0.8257      | 
| 532.png                  | 0.9070      | 0.8298      | 0.9527      | 0.8654      | 
| 537.png                  | 0.9691      | 0.9400      | 0.9870      | 0.9518      | 
| 538.png                  | 0.9403      | 0.8873      | 0.9903      | 0.8950      | 
| 541.png                  | 0.9611      | 0.9251      | 0.9683      | 0.9540      | 
| 551.png                  | 0.8814      | 0.7880      | 0.9895      | 0.7947      | 
| 552.png                  | 0.9382      | 0.8837      | 0.9950      | 0.8876      | 
| 553.png                  | 0.8649      | 0.7619      | 0.9865      | 0.7700      | 
| 554.png                  | 0.8614      | 0.7565      | 0.9539      | 0.7852      | 
| 555.png                  | 0.9266      | 0.8633      | 0.9248      | 0.9284      | 
| 556.png                  | 0.5760      | 0.4045      | 0.4128      | 0.9522      | 
| 557.png                  | 0.4045      | 0.2535      | 0.2589      | 0.9233      | 
| 563.png                  | 0.8531      | 0.7439      | 0.8952      | 0.8149      | 
| 566.png                  | 0.8664      | 0.7642      | 1.0000      | 0.7642      | 
| 567.png                  | 0.8463      | 0.7335      | 0.9953      | 0.7361      | 
| 569.png                  | 0.3503      | 0.2123      | 0.2172      | 0.9040      | 
| 575.png                  | 0.9062      | 0.8286      | 0.9626      | 0.8561      | 
| 576.png                  | 0.8673      | 0.7657      | 0.9749      | 0.7811      | 
| 582.png                  | 0.9710      | 0.9436      | 0.9811      | 0.9610      | 
| 584.png                  | 0.9382      | 0.8836      | 0.9805      | 0.8994      | 
| 585.png                  | 0.8619      | 0.7572      | 0.8700      | 0.8538      | 
| 59.png                   | 0.8424      | 0.7277      | 0.7338      | 0.9887      | 
| 597.png                  | 0.7430      | 0.5911      | 0.9960      | 0.5925      | 
| 598.png                  | 0.8998      | 0.8178      | 0.9543      | 0.8511      | 
| 6.png                    | 0.8123      | 0.6839      | 0.8879      | 0.7485      | 
| 60.png                   | 0.9516      | 0.9076      | 0.9693      | 0.9345      | 
| 61.png                   | 0.9688      | 0.9395      | 0.9652      | 0.9725      | 
| 619.png                  | 0.8158      | 0.6889      | 0.9878      | 0.6948      | 
| 62.png                   | 0.8884      | 0.7993      | 0.9944      | 0.8029      | 
| 621.png                  | 0.6380      | 0.4684      | 0.4778      | 0.9600      | 
| 622.png                  | 0.3521      | 0.2137      | 0.2145      | 0.9821      | 
| 628.png                  | 0.3262      | 0.1949      | 0.1949      | 1.0000      | 
| 63.png                   | 0.9598      | 0.9226      | 0.9975      | 0.9248      | 
| 631.png                  | 0.8939      | 0.8082      | 0.9993      | 0.8086      | 
| 632.png                  | 0.9756      | 0.9524      | 0.9922      | 0.9596      | 
| 635.png                  | 0.9278      | 0.8653      | 0.9739      | 0.8859      | 
| 636.png                  | 0.9713      | 0.9441      | 0.9782      | 0.9644      | 
| 637.png                  | 0.9714      | 0.9443      | 0.9838      | 0.9592      | 
| 638.png                  | 0.9107      | 0.8360      | 0.8615      | 0.9658      | 
| 64.png                   | 0.9207      | 0.8531      | 0.9857      | 0.8637      | 
| 642.png                  | 0.8206      | 0.6958      | 1.0000      | 0.6958      | 
| 643.png                  | 0.8999      | 0.8180      | 0.9754      | 0.8353      | 
| 644.png                  | 0.8455      | 0.7324      | 0.7904      | 0.9088      | 
| 645.png                  | 0.7840      | 0.6448      | 0.6991      | 0.8924      | 
| 646.png                  | 0.8302      | 0.7098      | 0.8343      | 0.8263      | 
| 647.png                  | 0.8759      | 0.7793      | 0.9389      | 0.8209      | 
| 649.png                  | 0.9217      | 0.8548      | 0.9547      | 0.8909      | 
| 65.png                   | 0.9477      | 0.9006      | 0.9835      | 0.9144      | 
| 650.png                  | 0.9614      | 0.9257      | 0.9788      | 0.9446      | 
| 651.png                  | 0.9655      | 0.9333      | 0.9758      | 0.9554      | 
| 652.png                  | 0.9718      | 0.9451      | 0.9741      | 0.9695      | 
| 66.png                   | 0.8610      | 0.7559      | 0.9525      | 0.7856      | 
| 673.png                  | 0.8829      | 0.7904      | 0.9681      | 0.8115      | 
| 674.png                  | 0.9021      | 0.8216      | 0.9434      | 0.8643      | 
| 7.png                    | 0.5508      | 0.3801      | 0.4081      | 0.8470      | 
| 713.png                  | 0.8278      | 0.7062      | 0.7272      | 0.9608      | 
| 714.png                  | 0.9470      | 0.8993      | 0.9035      | 0.9948      | 
| 736.png                  | 0.4072      | 0.2556      | 1.0000      | 0.2556      | 
| 743.png                  | 0.4009      | 0.2507      | 0.2512      | 0.9921      | 
| 744.png                  | 0.3680      | 0.2255      | 0.2255      | 0.9994      | 
| 753.png                  | 0.8665      | 0.7645      | 0.9342      | 0.8080      | 
| 754.png                  | 0.5763      | 0.4048      | 0.9882      | 0.4068      | 
| 755.png                  | 0.6903      | 0.5271      | 0.9964      | 0.5281      | 
| 756.png                  | 0.9611      | 0.9251      | 0.9892      | 0.9346      | 
| 765.png                  | 0.9379      | 0.8830      | 0.9575      | 0.9190      | 
| 772.png                  | 0.9193      | 0.8507      | 0.9725      | 0.8717      | 
| 786.png                  | 0.3643      | 0.2227      | 0.2377      | 0.7794      | 
| 787.png                  | 0.3895      | 0.2418      | 0.2419      | 0.9989      | 
| 788.png                  | 0.3907      | 0.2428      | 0.2429      | 0.9975      | 
| 789.png                  | 0.3948      | 0.2459      | 0.2498      | 0.9411      | 
| 79.png                   | 0.8720      | 0.7731      | 0.7860      | 0.9792      | 
| 796.png                  | 0.4266      | 0.2712      | 0.2712      | 1.0000      | 
| 8.png                    | 0.7611      | 0.6143      | 0.7110      | 0.8187      | 
| 802.png                  | 0.4693      | 0.3066      | 0.9914      | 0.3074      | 
| 816.png                  | 0.3994      | 0.2495      | 0.2495      | 1.0000      | 
| 819.png                  | 0.9459      | 0.8974      | 0.9725      | 0.9208      | 
| 82.png                   | 0.5523      | 0.3815      | 0.9927      | 0.3826      | 
| 820.png                  | 0.9102      | 0.8351      | 0.9716      | 0.8560      | 
| 822.png                  | 0.7685      | 0.6240      | 0.9783      | 0.6327      | 
| 823.png                  | 0.4469      | 0.2878      | 1.0000      | 0.2878      | 
| 826.png                  | 0.9186      | 0.8494      | 0.9909      | 0.8561      | 
| 827.png                  | 0.8426      | 0.7280      | 0.9948      | 0.7308      | 
| 829.png                  | 0.4335      | 0.2767      | 0.9424      | 0.2815      | 
| 83.png                   | 0.6016      | 0.4303      | 0.4559      | 0.8844      | 
| 830.png                  | 0.9150      | 0.8432      | 0.9832      | 0.8555      | 
| 831.png                  | 0.9263      | 0.8626      | 0.9900      | 0.8702      | 
| 832.png                  | 0.8926      | 0.8060      | 0.9991      | 0.8066      | 
| 833.png                  | 0.7748      | 0.6324      | 0.9979      | 0.6332      | 
| 843.png                  | 0.8961      | 0.8117      | 0.9513      | 0.8469      | 
| 846.png                  | 0.8238      | 0.7004      | 0.9987      | 0.7011      | 
| 847.png                  | 0.8644      | 0.7612      | 0.8735      | 0.8555      | 
| 848.png                  | 0.9231      | 0.8571      | 0.9301      | 0.9161      | 
| 851.png                  | 0.9323      | 0.8732      | 0.9145      | 0.9509      | 
| 852.png                  | 0.9047      | 0.8259      | 0.9786      | 0.8411      | 
| 853.png                  | 0.5560      | 0.3851      | 0.9590      | 0.3915      | 
| 854.png                  | 0.3933      | 0.2448      | 0.9714      | 0.2466      | 
| 860.png                  | 0.4171      | 0.2635      | 0.2643      | 0.9893      | 
| 861.png                  | 0.4345      | 0.2775      | 0.2775      | 1.0000      | 
| 862.png                  | 0.4079      | 0.2562      | 0.2697      | 0.8370      | 
| 868.png                  | 0.3533      | 0.2145      | 0.2146      | 0.9992      | 
| 870.png                  | 0.7193      | 0.5616      | 0.7151      | 0.7236      | 
| 872.png                  | 0.7123      | 0.5532      | 1.0000      | 0.5532      | 
| 904.png                  | 0.9354      | 0.8786      | 0.9071      | 0.9655      | 
| 909.png                  | 0.4327      | 0.2761      | 0.2774      | 0.9827      | 
| 918.png                  | 0.8607      | 0.7555      | 0.9058      | 0.8199      | 
| 92.png                   | 0.8055      | 0.6744      | 0.9693      | 0.6891      | 
| 920.png                  | 0.4345      | 0.2775      | 0.4391      | 0.4299      | 
| 922.png                  | 0.9679      | 0.9379      | 0.9661      | 0.9698      | 
| 923.png                  | 0.9626      | 0.9280      | 0.9698      | 0.9556      | 
| 924.png                  | 0.9460      | 0.8976      | 0.9912      | 0.9048      | 
| 925.png                  | 0.9173      | 0.8473      | 0.9810      | 0.8614      | 
| 926.png                  | 0.6108      | 0.4397      | 0.4662      | 0.8853      | 
| 927.png                  | 0.8169      | 0.6904      | 0.7453      | 0.9037      | 
| 928.png                  | 0.8423      | 0.7276      | 0.7633      | 0.9397      | 
| 929.png                  | 0.8986      | 0.8159      | 0.9106      | 0.8869      | 
| 930.png                  | 0.9339      | 0.8760      | 0.9208      | 0.9474      | 
| 931.png                  | 0.9441      | 0.8941      | 0.9336      | 0.9548      | 
| 932.png                  | 0.8954      | 0.8105      | 0.9945      | 0.8142      | 
| 933.png                  | 0.6552      | 0.4872      | 0.5013      | 0.9455      | 
| 934.png                  | 0.7198      | 0.5622      | 0.5712      | 0.9729      | 
| 935.png                  | 0.9572      | 0.9179      | 0.9777      | 0.9375      | 
| 936.png                  | 0.9649      | 0.9321      | 0.9697      | 0.9601      | 
| 937.png                  | 0.9614      | 0.9256      | 0.9876      | 0.9365      | 
| 938.png                  | 0.8234      | 0.6998      | 1.0000      | 0.6998      | 
| 94.png                   | 0.8567      | 0.7493      | 0.9759      | 0.7634      | 
| 947.png                  | 0.4460      | 0.2870      | 0.2925      | 0.9386      | 
| 948.png                  | 0.6399      | 0.4704      | 0.5142      | 0.8468      | 
| 949.png                  | 0.6389      | 0.4694      | 0.5446      | 0.7727      | 
| 95.png                   | 0.7896      | 0.6524      | 0.7462      | 0.8384      | 
| 950.png                  | 0.4955      | 0.3294      | 0.4767      | 0.5159      | 
| 951.png                  | 0.6612      | 0.4939      | 0.8450      | 0.5430      | 
| 965.png                  | 0.8871      | 0.7971      | 0.8822      | 0.8921      | 
| 966.png                  | 0.3630      | 0.2218      | 0.2271      | 0.9047      | 
| 967.png                  | 0.8605      | 0.7552      | 0.7947      | 0.9382      | 
| 968.png                  | 0.4712      | 0.3082      | 0.3279      | 0.8369      | 
| 969.png                  | 0.4657      | 0.3035      | 0.3147      | 0.8951      | 
| 97.png                   | 0.8932      | 0.8070      | 0.9672      | 0.8297      | 
| 970.png                  | 0.9133      | 0.8404      | 0.9027      | 0.9242      | 
| 971.png                  | 0.8969      | 0.8130      | 0.9790      | 0.8274      | 
| 972.png                  | 0.6919      | 0.5289      | 0.6599      | 0.7270      | 
| 973.png                  | 0.6184      | 0.4476      | 1.0000      | 0.4476      | 
| 975.png                  | 0.8013      | 0.6685      | 0.9766      | 0.6794      | 
| 977.png                  | 0.5614      | 0.3902      | 0.5168      | 0.6143      | 
| 978.png                  | 0.8530      | 0.7437      | 0.9041      | 0.8074      | 
| 982.png                  | 0.6944      | 0.5318      | 0.5461      | 0.9531      | 
| 990.png                  | 0.1948      | 0.1079      | 0.1093      | 0.8928      | 
| 991.png                  | 0.9341      | 0.8764      | 0.9643      | 0.9058      | 
| 992.png                  | 0.9424      | 0.8910      | 0.9537      | 0.9313      | 
| 993.png                  | 0.8947      | 0.8095      | 0.9920      | 0.8148      | 
| 994.png                  | 0.8967      | 0.8128      | 0.9448      | 0.8534      | 
| 995.png                  | 0.9531      | 0.9105      | 0.9704      | 0.9365      | 
| 996.png                  | 0.8987      | 0.8160      | 0.9786      | 0.8309      | 
| 997.png                  | 0.7788      | 0.6377      | 0.9589      | 0.6556      | 
| 998.png                  | 0.3423      | 0.2065      | 0.2180      | 0.7959      | 
| 999.png                  | 0.4001      | 0.2501      | 0.2611      | 0.8560      | 
------------------------------------------------------------------------------------
| MEAN                     | 0.7421      | 0.6292      | 0.7749      | 0.8119      | 
====================================================================================
