
==================== BANG DANH GIA MASK ====================
------------------------------------------------------------------------------------
| File                     | Dice        | IoU         | Precision   | Recall      | 
------------------------------------------------------------------------------------
| 1.png                    | 0.8885      | 0.7994      | 0.9301      | 0.8505      | 
| 10.png                   | 0.8401      | 0.7243      | 1.0000      | 0.7243      | 
| 100.png                  | 0.6370      | 0.4673      | 0.5234      | 0.8133      | 
| 1000.png                 | 0.7721      | 0.6288      | 0.6581      | 0.9339      | 
| 1001.png                 | 0.8055      | 0.6743      | 0.7359      | 0.8896      | 
| 1002.png                 | 0.8664      | 0.7643      | 0.9944      | 0.7676      | 
| 1003.png                 | 0.8141      | 0.6864      | 0.7988      | 0.8299      | 
| 1004.png                 | 0.8158      | 0.6890      | 0.7683      | 0.8696      | 
| 1005.png                 | 0.8940      | 0.8083      | 0.9615      | 0.8353      | 
| 1006.png                 | 0.3991      | 0.2493      | 0.2611      | 0.8469      | 
| 1007.png                 | 0.7779      | 0.6366      | 0.6778      | 0.9128      | 
| 1008.png                 | 0.8988      | 0.8162      | 0.9118      | 0.8862      | 
| 1009.png                 | 0.8673      | 0.7657      | 0.9743      | 0.7815      | 
| 101.png                  | 0.5565      | 0.3856      | 0.4018      | 0.9050      | 
| 1010.png                 | 0.7800      | 0.6393      | 0.7284      | 0.8394      | 
| 1011.png                 | 0.7822      | 0.6423      | 0.7214      | 0.8542      | 
| 1012.png                 | 0.6943      | 0.5317      | 0.6935      | 0.6951      | 
| 1013.png                 | 0.5180      | 0.3495      | 0.3651      | 0.8915      | 
| 1017.png                 | 0.6722      | 0.5062      | 0.5160      | 0.9637      | 
| 1018.png                 | 0.8496      | 0.7386      | 1.0000      | 0.7386      | 
| 1019.png                 | 0.9618      | 0.9264      | 0.9952      | 0.9306      | 
| 102.png                  | 0.8917      | 0.8046      | 0.8658      | 0.9192      | 
| 1020.png                 | 0.9458      | 0.8971      | 0.9771      | 0.9164      | 
| 1021.png                 | 0.8881      | 0.7987      | 0.8642      | 0.9133      | 
| 1022.png                 | 0.8560      | 0.7482      | 0.7518      | 0.9936      | 
| 1023.png                 | 0.9184      | 0.8491      | 0.9800      | 0.8641      | 
| 1024.png                 | 0.7861      | 0.6476      | 0.8534      | 0.7287      | 
| 1025.png                 | 0.8006      | 0.6675      | 0.6958      | 0.9427      | 
| 1026.png                 | 0.5863      | 0.4147      | 0.4248      | 0.9460      | 
| 1027.png                 | 0.5282      | 0.3588      | 0.3669      | 0.9421      | 
| 103.png                  | 0.8941      | 0.8085      | 0.9730      | 0.8270      | 
| 1032.png                 | 0.4566      | 0.2958      | 0.3049      | 0.9085      | 
| 1033.png                 | 0.4118      | 0.2593      | 0.2701      | 0.8665      | 
| 1035.png                 | 0.9279      | 0.8654      | 0.9745      | 0.8855      | 
| 1036.png                 | 0.9143      | 0.8421      | 0.9726      | 0.8625      | 
| 1037.png                 | 0.9302      | 0.8695      | 0.9819      | 0.8837      | 
| 1038.png                 | 0.9134      | 0.8406      | 0.9334      | 0.8943      | 
| 1039.png                 | 0.9194      | 0.8509      | 0.9604      | 0.8818      | 
| 1040.png                 | 0.8519      | 0.7419      | 0.9061      | 0.8038      | 
| 1041.png                 | 0.8354      | 0.7174      | 0.9960      | 0.7194      | 
| 1042.png                 | 0.7736      | 0.6307      | 0.8804      | 0.6899      | 
| 1043.png                 | 0.8838      | 0.7918      | 0.9033      | 0.8651      | 
| 1045.png                 | 0.9175      | 0.8476      | 0.9678      | 0.8722      | 
| 1046.png                 | 0.6266      | 0.4563      | 0.5057      | 0.8234      | 
| 1047.png                 | 0.8274      | 0.7056      | 0.9558      | 0.7293      | 
| 1048.png                 | 0.9411      | 0.8888      | 0.9929      | 0.8945      | 
| 1049.png                 | 0.9217      | 0.8547      | 0.9499      | 0.8951      | 
| 105.png                  | 0.8607      | 0.7555      | 0.9969      | 0.7573      | 
| 1050.png                 | 0.9167      | 0.8462      | 0.9746      | 0.8653      | 
| 1051.png                 | 0.9270      | 0.8639      | 0.9952      | 0.8675      | 
| 1052.png                 | 0.8949      | 0.8098      | 0.9916      | 0.8154      | 
| 1053.png                 | 0.7893      | 0.6519      | 0.9027      | 0.7012      | 
| 1054.png                 | 0.3866      | 0.2396      | 0.2797      | 0.6260      | 
| 1055.png                 | 0.6302      | 0.4600      | 0.7294      | 0.5547      | 
| 1056.png                 | 0.6529      | 0.4847      | 0.9731      | 0.4913      | 
| 1057.png                 | 0.7230      | 0.5662      | 0.6512      | 0.8127      | 
| 1058.png                 | 0.6105      | 0.4394      | 0.5194      | 0.7405      | 
| 1061.png                 | 0.6861      | 0.5222      | 0.5701      | 0.8613      | 
| 1062.png                 | 0.7366      | 0.5830      | 0.7903      | 0.6897      | 
| 1063.png                 | 0.6615      | 0.4942      | 0.5887      | 0.7548      | 
| 1066.png                 | 0.3546      | 0.2155      | 0.9388      | 0.2186      | 
| 1070.png                 | 0.7273      | 0.5714      | 0.9880      | 0.5754      | 
| 1071.png                 | 0.6931      | 0.5303      | 1.0000      | 0.5303      | 
| 1072.png                 | 0.6414      | 0.4721      | 1.0000      | 0.4721      | 
| 1075.png                 | 0.4568      | 0.2960      | 1.0000      | 0.2960      | 
| 1076.png                 | 0.3823      | 0.2363      | 1.0000      | 0.2363      | 
| 1087.png                 | 0.6929      | 0.5301      | 0.9597      | 0.5422      | 
| 1089.png                 | 0.7144      | 0.5557      | 0.9685      | 0.5659      | 
| 109.png                  | 0.8800      | 0.7858      | 0.9930      | 0.7902      | 
| 1090.png                 | 0.7697      | 0.6256      | 0.9770      | 0.6350      | 
| 1091.png                 | 0.7014      | 0.5402      | 0.9821      | 0.5455      | 
| 1092.png                 | 0.8671      | 0.7653      | 0.9714      | 0.7830      | 
| 1094.png                 | 0.5438      | 0.3735      | 0.9397      | 0.3826      | 
| 1095.png                 | 0.6411      | 0.4718      | 1.0000      | 0.4718      | 
| 1096.png                 | 0.6515      | 0.4831      | 0.9958      | 0.4841      | 
| 1097.png                 | 0.8036      | 0.6717      | 0.8879      | 0.7339      | 
| 1098.png                 | 0.7286      | 0.5731      | 0.7428      | 0.7150      | 
| 1099.png                 | 0.3873      | 0.2402      | 0.2516      | 0.8405      | 
| 11.png                   | 0.9464      | 0.8983      | 0.9958      | 0.9017      | 
| 1100.png                 | 0.6210      | 0.4504      | 0.9978      | 0.4508      | 
| 1101.png                 | 0.6573      | 0.4895      | 0.9326      | 0.5074      | 
| 1102.png                 | 0.6544      | 0.4863      | 0.9953      | 0.4874      | 
| 1103.png                 | 0.5162      | 0.3478      | 0.8374      | 0.3730      | 
| 1104.png                 | 0.3864      | 0.2394      | 1.0000      | 0.2394      | 
| 1105.png                 | 0.4795      | 0.3153      | 0.9928      | 0.3161      | 
| 1106.png                 | 0.6871      | 0.5234      | 0.9904      | 0.5261      | 
| 1107.png                 | 0.7317      | 0.5769      | 0.9958      | 0.5783      | 
| 1108.png                 | 0.7088      | 0.5489      | 0.8883      | 0.5896      | 
| 1110.png                 | 0.7469      | 0.5960      | 0.9992      | 0.5963      | 
| 1111.png                 | 0.7762      | 0.6342      | 0.9865      | 0.6398      | 
| 1114.png                 | 0.8098      | 0.6804      | 0.7117      | 0.9392      | 
| 1118.png                 | 0.3630      | 0.2217      | 0.7024      | 0.2447      | 
| 112.png                  | 0.8643      | 0.7611      | 0.9173      | 0.8172      | 
| 1122.png                 | 0.9218      | 0.8549      | 0.9678      | 0.8800      | 
| 1123.png                 | 0.8479      | 0.7359      | 0.8748      | 0.8226      | 
| 1125.png                 | 0.7334      | 0.5791      | 0.6270      | 0.8834      | 
| 1126.png                 | 0.7480      | 0.5974      | 0.6189      | 0.9452      | 
| 1127.png                 | 0.7647      | 0.6190      | 0.6501      | 0.9284      | 
| 1129.png                 | 0.7889      | 0.6514      | 0.9987      | 0.6520      | 
| 113.png                  | 0.9102      | 0.8351      | 0.9924      | 0.8405      | 
| 1130.png                 | 0.9281      | 0.8658      | 0.9766      | 0.8842      | 
| 1131.png                 | 0.9289      | 0.8672      | 0.9914      | 0.8738      | 
| 1132.png                 | 0.9375      | 0.8824      | 0.9630      | 0.9133      | 
| 1133.png                 | 0.7445      | 0.5930      | 0.7528      | 0.7365      | 
| 1134.png                 | 0.8436      | 0.7295      | 0.9804      | 0.7403      | 
| 1135.png                 | 0.8789      | 0.7839      | 0.8399      | 0.9216      | 
| 1136.png                 | 0.8492      | 0.7379      | 0.7738      | 0.9408      | 
| 1137.png                 | 0.8787      | 0.7836      | 0.9660      | 0.8059      | 
| 1138.png                 | 0.3785      | 0.2334      | 0.2898      | 0.5455      | 
| 114.png                  | 0.9252      | 0.8609      | 0.9818      | 0.8749      | 
| 1140.png                 | 0.7575      | 0.6097      | 0.8761      | 0.6672      | 
| 1141.png                 | 0.7673      | 0.6225      | 0.8425      | 0.7045      | 
| 1142.png                 | 0.8153      | 0.6883      | 0.8523      | 0.7815      | 
| 1143.png                 | 0.7222      | 0.5652      | 0.9698      | 0.5753      | 
| 1144.png                 | 0.8052      | 0.6739      | 0.8020      | 0.8084      | 
| 1145.png                 | 0.8299      | 0.7093      | 0.8023      | 0.8595      | 
| 1146.png                 | 0.9120      | 0.8382      | 0.9871      | 0.8475      | 
| 1147.png                 | 0.8368      | 0.7193      | 0.9281      | 0.7618      | 
| 1148.png                 | 0.4162      | 0.2628      | 0.9762      | 0.2645      | 
| 1149.png                 | 0.5113      | 0.3434      | 0.9831      | 0.3455      | 
| 115.png                  | 0.9107      | 0.8361      | 1.0000      | 0.8361      | 
| 1151.png                 | 0.6682      | 0.5017      | 0.6577      | 0.6791      | 
| 1152.png                 | 0.4066      | 0.2551      | 0.2808      | 0.7365      | 
| 1154.png                 | 0.9157      | 0.8445      | 0.9182      | 0.9132      | 
| 1155.png                 | 0.4674      | 0.3050      | 0.3094      | 0.9558      | 
| 1156.png                 | 0.6455      | 0.4765      | 0.4961      | 0.9234      | 
| 1157.png                 | 0.9228      | 0.8567      | 0.9609      | 0.8876      | 
| 1158.png                 | 0.8843      | 0.7925      | 0.9913      | 0.7981      | 
| 1159.png                 | 0.8999      | 0.8181      | 0.9905      | 0.8245      | 
| 116.png                  | 0.8790      | 0.7842      | 0.9939      | 0.7880      | 
| 1160.png                 | 0.8575      | 0.7505      | 0.8162      | 0.9031      | 
| 1161.png                 | 0.8454      | 0.7322      | 0.8540      | 0.8369      | 
| 1162.png                 | 0.8373      | 0.7202      | 0.9886      | 0.7262      | 
| 1163.png                 | 0.8781      | 0.7826      | 0.8749      | 0.8813      | 
| 1169.png                 | 0.9279      | 0.8655      | 0.9592      | 0.8985      | 
| 117.png                  | 0.4851      | 0.3202      | 0.9615      | 0.3243      | 
| 1170.png                 | 0.9558      | 0.9153      | 0.9643      | 0.9475      | 
| 1171.png                 | 0.9408      | 0.8883      | 0.9821      | 0.9030      | 
| 1172.png                 | 0.9480      | 0.9011      | 0.9804      | 0.9176      | 
| 1173.png                 | 0.9663      | 0.9348      | 0.9944      | 0.9398      | 
| 1174.png                 | 0.9597      | 0.9226      | 0.9877      | 0.9333      | 
| 1175.png                 | 0.8153      | 0.6882      | 0.7567      | 0.8839      | 
| 1176.png                 | 0.8539      | 0.7451      | 0.9568      | 0.7710      | 
| 1177.png                 | 0.6587      | 0.4911      | 0.5176      | 0.9055      | 
| 1178.png                 | 0.7278      | 0.5721      | 0.6030      | 0.9178      | 
| 1179.png                 | 0.7469      | 0.5961      | 0.6375      | 0.9018      | 
| 118.png                  | 0.9094      | 0.8338      | 0.9953      | 0.8371      | 
| 1180.png                 | 0.6828      | 0.5183      | 0.5413      | 0.9244      | 
| 1182.png                 | 0.4106      | 0.2583      | 0.2741      | 0.8177      | 
| 1183.png                 | 0.7600      | 0.6129      | 0.6731      | 0.8725      | 
| 1184.png                 | 0.7844      | 0.6453      | 0.6650      | 0.9561      | 
| 1185.png                 | 0.8723      | 0.7735      | 0.8393      | 0.9080      | 
| 1186.png                 | 0.9272      | 0.8643      | 0.9787      | 0.8809      | 
| 1187.png                 | 0.7736      | 0.6308      | 0.6762      | 0.9039      | 
| 1188.png                 | 0.6180      | 0.4472      | 0.5269      | 0.7472      | 
| 1194.png                 | 0.6604      | 0.4930      | 0.5613      | 0.8021      | 
| 1195.png                 | 0.5872      | 0.4157      | 0.4865      | 0.7406      | 
| 1197.png                 | 0.5357      | 0.3659      | 0.3900      | 0.8555      | 
| 12.png                   | 0.9660      | 0.9343      | 0.9826      | 0.9500      | 
| 1202.png                 | 0.3631      | 0.2218      | 0.2598      | 0.6029      | 
| 1205.png                 | 0.8789      | 0.7839      | 1.0000      | 0.7839      | 
| 1219.png                 | 0.6428      | 0.4737      | 0.5259      | 0.8265      | 
| 1220.png                 | 0.9200      | 0.8519      | 0.9502      | 0.8917      | 
| 1221.png                 | 0.8344      | 0.7159      | 0.9453      | 0.7468      | 
| 1222.png                 | 0.8167      | 0.6902      | 0.8927      | 0.7526      | 
| 1223.png                 | 0.7823      | 0.6424      | 0.9286      | 0.6758      | 
| 1224.png                 | 0.4682      | 0.3057      | 0.3442      | 0.7320      | 
| 1225.png                 | 0.4898      | 0.3244      | 0.9152      | 0.3344      | 
| 1226.png                 | 0.7974      | 0.6630      | 0.9636      | 0.6801      | 
| 1227.png                 | 0.7858      | 0.6472      | 0.7750      | 0.7969      | 
| 1228.png                 | 0.3725      | 0.2289      | 0.2498      | 0.7328      | 
| 1230.png                 | 0.7091      | 0.5493      | 0.8114      | 0.6297      | 
| 1236.png                 | 0.4654      | 0.3033      | 0.3255      | 0.8166      | 
| 124.png                  | 0.9141      | 0.8417      | 0.9916      | 0.8477      | 
| 1244.png                 | 0.8990      | 0.8166      | 0.8754      | 0.9240      | 
| 1245.png                 | 0.8184      | 0.6927      | 0.7249      | 0.9397      | 
| 1246.png                 | 0.8988      | 0.8163      | 0.8428      | 0.9628      | 
| 1247.png                 | 0.8923      | 0.8056      | 0.8613      | 0.9257      | 
| 1248.png                 | 0.9183      | 0.8489      | 0.8826      | 0.9570      | 
| 1249.png                 | 0.9023      | 0.8220      | 0.8407      | 0.9736      | 
| 1250.png                 | 0.9134      | 0.8405      | 0.8738      | 0.9567      | 
| 1251.png                 | 0.6311      | 0.4611      | 0.4823      | 0.9129      | 
| 1252.png                 | 0.6823      | 0.5178      | 0.5379      | 0.9330      | 
| 1253.png                 | 0.6912      | 0.5281      | 0.5595      | 0.9039      | 
| 1254.png                 | 0.6049      | 0.4336      | 0.4520      | 0.9140      | 
| 1255.png                 | 0.4422      | 0.2839      | 0.2956      | 0.8771      | 
| 1256.png                 | 0.5646      | 0.3933      | 0.4196      | 0.8624      | 
| 1257.png                 | 0.5821      | 0.4106      | 0.4327      | 0.8893      | 
| 1258.png                 | 0.6456      | 0.4767      | 0.5138      | 0.8684      | 
| 1259.png                 | 0.5732      | 0.4018      | 0.4127      | 0.9382      | 
| 1260.png                 | 0.6249      | 0.4544      | 0.4783      | 0.9009      | 
| 1261.png                 | 0.8555      | 0.7476      | 0.8280      | 0.8849      | 
| 1262.png                 | 0.8847      | 0.7933      | 0.8174      | 0.9641      | 
| 1264.png                 | 0.8946      | 0.8092      | 0.9674      | 0.8319      | 
| 1265.png                 | 0.4077      | 0.2560      | 0.2653      | 0.8797      | 
| 1266.png                 | 0.8626      | 0.7584      | 0.9650      | 0.7799      | 
| 1273.png                 | 0.5072      | 0.3398      | 0.3469      | 0.9429      | 
| 1274.png                 | 0.7152      | 0.5566      | 0.5784      | 0.9365      | 
| 1276.png                 | 0.9455      | 0.8967      | 0.9978      | 0.8985      | 
| 1277.png                 | 0.9194      | 0.8508      | 0.9966      | 0.8532      | 
| 1278.png                 | 0.9295      | 0.8683      | 0.9922      | 0.8743      | 
| 1281.png                 | 0.4308      | 0.2745      | 0.9948      | 0.2749      | 
| 1282.png                 | 0.4752      | 0.3116      | 0.8709      | 0.3267      | 
| 1285.png                 | 0.5719      | 0.4005      | 0.4125      | 0.9322      | 
| 1286.png                 | 0.6743      | 0.5086      | 0.5243      | 0.9444      | 
| 1287.png                 | 0.7232      | 0.5665      | 0.9703      | 0.5765      | 
| 1289.png                 | 0.3841      | 0.2377      | 0.2445      | 0.8945      | 
| 1291.png                 | 0.7284      | 0.5729      | 0.6289      | 0.8655      | 
| 1293.png                 | 0.7806      | 0.6402      | 0.6681      | 0.9387      | 
| 1294.png                 | 0.8701      | 0.7700      | 0.9203      | 0.8251      | 
| 1296.png                 | 0.7320      | 0.5773      | 0.7296      | 0.7344      | 
| 1297.png                 | 0.6671      | 0.5005      | 0.7968      | 0.5738      | 
| 1298.png                 | 0.6402      | 0.4708      | 0.7415      | 0.5633      | 
| 1299.png                 | 0.7288      | 0.5734      | 1.0000      | 0.5734      | 
| 13.png                   | 0.9614      | 0.9256      | 0.9895      | 0.9347      | 
| 1300.png                 | 0.8922      | 0.8054      | 1.0000      | 0.8054      | 
| 1302.png                 | 0.7579      | 0.6102      | 0.6213      | 0.9715      | 
| 1303.png                 | 0.8779      | 0.7824      | 0.8178      | 0.9476      | 
| 1304.png                 | 0.4420      | 0.2837      | 0.5503      | 0.3693      | 
| 1305.png                 | 0.4171      | 0.2635      | 0.8962      | 0.2718      | 
| 1307.png                 | 0.9124      | 0.8389      | 0.9051      | 0.9198      | 
| 1308.png                 | 0.9043      | 0.8254      | 0.9521      | 0.8611      | 
| 1309.png                 | 0.9023      | 0.8220      | 0.8684      | 0.9389      | 
| 1310.png                 | 0.4714      | 0.3084      | 0.3232      | 0.8704      | 
| 1311.png                 | 0.8529      | 0.7436      | 0.8054      | 0.9064      | 
| 1312.png                 | 0.7830      | 0.6433      | 0.6891      | 0.9065      | 
| 1313.png                 | 0.9353      | 0.8785      | 0.9727      | 0.9007      | 
| 1314.png                 | 0.9251      | 0.8607      | 0.9388      | 0.9119      | 
| 1315.png                 | 0.9250      | 0.8604      | 0.9936      | 0.8652      | 
| 1317.png                 | 0.3550      | 0.2158      | 0.2199      | 0.9212      | 
| 1318.png                 | 0.7825      | 0.6427      | 0.6765      | 0.9278      | 
| 1319.png                 | 0.9078      | 0.8312      | 0.8842      | 0.9327      | 
| 132.png                  | 0.8390      | 0.7226      | 0.9943      | 0.7257      | 
| 1320.png                 | 0.8758      | 0.7791      | 0.8496      | 0.9037      | 
| 1321.png                 | 0.7783      | 0.6370      | 1.0000      | 0.6370      | 
| 1322.png                 | 0.7351      | 0.5812      | 1.0000      | 0.5812      | 
| 1323.png                 | 0.8093      | 0.6797      | 0.7274      | 0.9119      | 
| 1324.png                 | 0.8535      | 0.7444      | 1.0000      | 0.7444      | 
| 1325.png                 | 0.7882      | 0.6504      | 0.9887      | 0.6552      | 
| 1326.png                 | 0.8061      | 0.6752      | 0.8388      | 0.7760      | 
| 1327.png                 | 0.9332      | 0.8747      | 0.9547      | 0.9126      | 
| 1328.png                 | 0.9272      | 0.8642      | 0.9737      | 0.8848      | 
| 1329.png                 | 0.8146      | 0.6872      | 0.9970      | 0.6886      | 
| 133.png                  | 0.9332      | 0.8748      | 0.9990      | 0.8755      | 
| 1330.png                 | 0.6590      | 0.4914      | 0.5773      | 0.7677      | 
| 1333.png                 | 0.6583      | 0.4906      | 0.6753      | 0.6421      | 
| 1334.png                 | 0.6979      | 0.5360      | 0.9946      | 0.5376      | 
| 1335.png                 | 0.8580      | 0.7513      | 1.0000      | 0.7513      | 
| 1337.png                 | 0.8962      | 0.8120      | 0.9838      | 0.8230      | 
| 134.png                  | 0.9475      | 0.9003      | 0.9809      | 0.9164      | 
| 1345.png                 | 0.8528      | 0.7434      | 0.9910      | 0.7485      | 
| 1348.png                 | 0.7103      | 0.5507      | 0.5653      | 0.9554      | 
| 1349.png                 | 0.8432      | 0.7290      | 0.9936      | 0.7324      | 
| 1350.png                 | 0.8667      | 0.7648      | 0.9368      | 0.8065      | 
| 1353.png                 | 0.5610      | 0.3899      | 0.3917      | 0.9884      | 
| 1354.png                 | 0.8854      | 0.7944      | 0.8167      | 0.9668      | 
| 1355.png                 | 0.8928      | 0.8064      | 0.8622      | 0.9257      | 
| 1356.png                 | 0.9597      | 0.9226      | 0.9655      | 0.9540      | 
| 1357.png                 | 0.9661      | 0.9345      | 0.9648      | 0.9675      | 
| 1358.png                 | 0.9545      | 0.9129      | 0.9656      | 0.9435      | 
| 1359.png                 | 0.9321      | 0.8729      | 0.9562      | 0.9092      | 
| 1370.png                 | 0.8141      | 0.6865      | 0.7237      | 0.9302      | 
| 1371.png                 | 0.8252      | 0.7024      | 0.7409      | 0.9311      | 
| 1372.png                 | 0.9321      | 0.8728      | 0.8992      | 0.9675      | 
| 1373.png                 | 0.9080      | 0.8315      | 0.9243      | 0.8923      | 
| 1374.png                 | 0.8204      | 0.6955      | 0.7379      | 0.9237      | 
| 1375.png                 | 0.7002      | 0.5387      | 0.5713      | 0.9041      | 
| 1376.png                 | 0.7801      | 0.6395      | 0.6889      | 0.8991      | 
| 1377.png                 | 0.7970      | 0.6625      | 0.9111      | 0.7083      | 
| 1378.png                 | 0.6623      | 0.4951      | 0.5679      | 0.7942      | 
| 1379.png                 | 0.8150      | 0.6878      | 0.8164      | 0.8136      | 
| 1380.png                 | 0.5182      | 0.3497      | 0.3866      | 0.7860      | 
| 1381.png                 | 0.7683      | 0.6238      | 0.6637      | 0.9119      | 
| 1382.png                 | 0.7133      | 0.5544      | 0.9416      | 0.5741      | 
| 1389.png                 | 0.7788      | 0.6377      | 0.7771      | 0.7805      | 
| 139.png                  | 0.9406      | 0.8879      | 0.9856      | 0.8996      | 
| 1390.png                 | 0.9035      | 0.8240      | 0.9874      | 0.8328      | 
| 1397.png                 | 0.5595      | 0.3884      | 0.7698      | 0.4395      | 
| 14.png                   | 0.9568      | 0.9172      | 0.9889      | 0.9267      | 
| 140.png                  | 0.9362      | 0.8801      | 0.9827      | 0.8940      | 
| 1405.png                 | 0.7707      | 0.6269      | 0.6621      | 0.9217      | 
| 1406.png                 | 0.7503      | 0.6003      | 0.6476      | 0.8916      | 
| 1407.png                 | 0.8336      | 0.7146      | 0.8506      | 0.8172      | 
| 1409.png                 | 0.9003      | 0.8187      | 0.9189      | 0.8824      | 
| 1410.png                 | 0.9006      | 0.8192      | 0.8825      | 0.9195      | 
| 1411.png                 | 0.8793      | 0.7847      | 0.8540      | 0.9062      | 
| 1412.png                 | 0.8123      | 0.6840      | 0.9964      | 0.6856      | 
| 1414.png                 | 0.8028      | 0.6705      | 0.7213      | 0.9050      | 
| 1415.png                 | 0.8795      | 0.7849      | 0.9226      | 0.8403      | 
| 1416.png                 | 0.8918      | 0.8047      | 0.8890      | 0.8945      | 
| 1417.png                 | 0.8662      | 0.7639      | 0.9144      | 0.8227      | 
| 1418.png                 | 0.9225      | 0.8561      | 0.9797      | 0.8715      | 
| 1419.png                 | 0.8876      | 0.7979      | 0.9315      | 0.8476      | 
| 142.png                  | 0.8811      | 0.7875      | 0.9984      | 0.7885      | 
| 1420.png                 | 0.8091      | 0.6795      | 0.9835      | 0.6873      | 
| 1422.png                 | 0.7669      | 0.6219      | 0.6582      | 0.9186      | 
| 1424.png                 | 0.7671      | 0.6222      | 0.6638      | 0.9084      | 
| 1426.png                 | 0.8807      | 0.7869      | 0.8198      | 0.9515      | 
| 1427.png                 | 0.8928      | 0.8063      | 0.9832      | 0.8176      | 
| 1428.png                 | 0.9324      | 0.8734      | 0.9898      | 0.8814      | 
| 1429.png                 | 0.9212      | 0.8540      | 0.9475      | 0.8964      | 
| 143.png                  | 0.9132      | 0.8402      | 0.9987      | 0.8412      | 
| 1432.png                 | 0.8600      | 0.7544      | 0.8537      | 0.8664      | 
| 1433.png                 | 0.9095      | 0.8340      | 0.9338      | 0.8864      | 
| 1435.png                 | 0.5141      | 0.3459      | 0.3489      | 0.9762      | 
| 1436.png                 | 0.8581      | 0.7514      | 0.7798      | 0.9538      | 
| 1437.png                 | 0.8711      | 0.7716      | 0.7958      | 0.9621      | 
| 1438.png                 | 0.9229      | 0.8568      | 0.9497      | 0.8976      | 
| 1439.png                 | 0.9115      | 0.8374      | 0.9924      | 0.8428      | 
| 1442.png                 | 0.8521      | 0.7423      | 0.8156      | 0.8920      | 
| 1443.png                 | 0.8832      | 0.7908      | 0.8923      | 0.8743      | 
| 1444.png                 | 0.9183      | 0.8489      | 0.9211      | 0.9155      | 
| 1445.png                 | 0.9711      | 0.9438      | 0.9925      | 0.9506      | 
| 1446.png                 | 0.9314      | 0.8715      | 0.9650      | 0.9000      | 
| 1450.png                 | 0.8629      | 0.7588      | 0.7734      | 0.9758      | 
| 1451.png                 | 0.7605      | 0.6135      | 0.6301      | 0.9590      | 
| 1452.png                 | 0.8427      | 0.7282      | 0.7693      | 0.9317      | 
| 1453.png                 | 0.9090      | 0.8331      | 0.9414      | 0.8787      | 
| 1454.png                 | 0.9108      | 0.8363      | 0.9990      | 0.8370      | 
| 1455.png                 | 0.6711      | 0.5051      | 0.9921      | 0.5071      | 
| 1456.png                 | 0.7492      | 0.5989      | 0.7084      | 0.7948      | 
| 1457.png                 | 0.9180      | 0.8484      | 0.9358      | 0.9008      | 
| 1458.png                 | 0.8998      | 0.8178      | 0.8550      | 0.9495      | 
| 1460.png                 | 0.7751      | 0.6328      | 0.9622      | 0.6489      | 
| 1461.png                 | 0.3758      | 0.2314      | 0.2458      | 0.7974      | 
| 1462.png                 | 0.8526      | 0.7431      | 0.7501      | 0.9875      | 
| 1469.png                 | 0.8897      | 0.8014      | 0.9531      | 0.8343      | 
| 147.png                  | 0.3518      | 0.2135      | 0.2137      | 0.9954      | 
| 1470.png                 | 0.8835      | 0.7913      | 0.8874      | 0.8796      | 
| 1472.png                 | 0.8018      | 0.6692      | 0.7630      | 0.8448      | 
| 1473.png                 | 0.6760      | 0.5105      | 0.5498      | 0.8773      | 
| 1474.png                 | 0.8246      | 0.7015      | 0.7407      | 0.9299      | 
| 1476.png                 | 0.8752      | 0.7780      | 0.8086      | 0.9537      | 
| 1477.png                 | 0.7465      | 0.5956      | 0.6207      | 0.9363      | 
| 1478.png                 | 0.8227      | 0.6988      | 0.7270      | 0.9474      | 
| 1479.png                 | 0.6517      | 0.4834      | 0.5340      | 0.8362      | 
| 1480.png                 | 0.5323      | 0.3627      | 0.8845      | 0.3807      | 
| 1481.png                 | 0.7889      | 0.6514      | 0.7273      | 0.8620      | 
| 1482.png                 | 0.7777      | 0.6362      | 0.9430      | 0.6617      | 
| 1484.png                 | 0.8731      | 0.7748      | 0.8022      | 0.9579      | 
| 1485.png                 | 0.8708      | 0.7711      | 0.8935      | 0.8492      | 
| 1486.png                 | 0.8054      | 0.6742      | 0.8784      | 0.7436      | 
| 1487.png                 | 0.7702      | 0.6263      | 0.9425      | 0.6512      | 
| 1488.png                 | 0.7362      | 0.5826      | 0.8520      | 0.6481      | 
| 1490.png                 | 0.7038      | 0.5429      | 0.7147      | 0.6932      | 
| 1491.png                 | 0.7893      | 0.6519      | 0.6953      | 0.9127      | 
| 1492.png                 | 0.8490      | 0.7377      | 0.7778      | 0.9346      | 
| 1496.png                 | 0.5846      | 0.4130      | 0.9160      | 0.4293      | 
| 1498.png                 | 0.4589      | 0.2978      | 0.9585      | 0.3017      | 
| 1499.png                 | 0.8352      | 0.7170      | 0.7941      | 0.8808      | 
| 15.png                   | 0.9003      | 0.8186      | 0.9730      | 0.8376      | 
| 1500.png                 | 0.9403      | 0.8874      | 0.9303      | 0.9506      | 
| 1501.png                 | 0.9097      | 0.8343      | 0.8724      | 0.9503      | 
| 1503.png                 | 0.7748      | 0.6324      | 0.6494      | 0.9604      | 
| 1506.png                 | 0.5475      | 0.3769      | 0.3892      | 0.9226      | 
| 1507.png                 | 0.9176      | 0.8478      | 0.9308      | 0.9049      | 
| 1508.png                 | 0.9061      | 0.8283      | 0.8652      | 0.9510      | 
| 1509.png                 | 0.9381      | 0.8834      | 0.9462      | 0.9301      | 
| 1510.png                 | 0.5145      | 0.3464      | 0.3791      | 0.8004      | 
| 1511.png                 | 0.7623      | 0.6159      | 0.8917      | 0.6657      | 
| 1512.png                 | 0.8455      | 0.7323      | 0.7886      | 0.9111      | 
| 1513.png                 | 0.9095      | 0.8341      | 0.9264      | 0.8933      | 
| 1514.png                 | 0.4283      | 0.2725      | 0.9490      | 0.2766      | 
| 1516.png                 | 0.9015      | 0.8207      | 0.9422      | 0.8642      | 
| 1517.png                 | 0.9461      | 0.8976      | 0.9623      | 0.9304      | 
| 1518.png                 | 0.9429      | 0.8920      | 0.9457      | 0.9402      | 
| 1519.png                 | 0.8964      | 0.8123      | 0.8365      | 0.9657      | 
| 1520.png                 | 0.8445      | 0.7309      | 0.9903      | 0.7361      | 
| 1523.png                 | 0.5641      | 0.3929      | 0.8268      | 0.4281      | 
| 1525.png                 | 0.5588      | 0.3877      | 0.5801      | 0.5389      | 
| 1527.png                 | 0.8686      | 0.7677      | 0.8622      | 0.8751      | 
| 1533.png                 | 0.7996      | 0.6661      | 0.8943      | 0.7231      | 
| 1534.png                 | 0.8958      | 0.8113      | 0.8701      | 0.9231      | 
| 1535.png                 | 0.9295      | 0.8683      | 0.9753      | 0.8878      | 
| 1536.png                 | 0.8851      | 0.7938      | 0.8864      | 0.8837      | 
| 1538.png                 | 0.4395      | 0.2817      | 0.9913      | 0.2824      | 
| 1539.png                 | 0.9489      | 0.9027      | 0.9456      | 0.9522      | 
| 154.png                  | 0.9365      | 0.8805      | 0.9450      | 0.9281      | 
| 1540.png                 | 0.9655      | 0.9332      | 0.9562      | 0.9749      | 
| 1541.png                 | 0.9615      | 0.9258      | 0.9358      | 0.9886      | 
| 1542.png                 | 0.9431      | 0.8923      | 0.9301      | 0.9565      | 
| 1543.png                 | 0.9311      | 0.8710      | 0.9877      | 0.8806      | 
| 1545.png                 | 0.4683      | 0.3058      | 0.3071      | 0.9859      | 
| 1546.png                 | 0.5111      | 0.3433      | 0.3440      | 0.9940      | 
| 1547.png                 | 0.4405      | 0.2825      | 0.2830      | 0.9933      | 
| 1548.png                 | 0.8706      | 0.7708      | 0.7763      | 0.9909      | 
| 1549.png                 | 0.8930      | 0.8066      | 0.8183      | 0.9827      | 
| 155.png                  | 0.9264      | 0.8629      | 0.9177      | 0.9353      | 
| 1550.png                 | 0.9226      | 0.8564      | 0.8790      | 0.9708      | 
| 1551.png                 | 0.6276      | 0.4573      | 0.4647      | 0.9663      | 
| 1553.png                 | 0.8317      | 0.7119      | 0.8630      | 0.8026      | 
| 1554.png                 | 0.9021      | 0.8217      | 0.8758      | 0.9301      | 
| 1555.png                 | 0.8468      | 0.7343      | 0.7390      | 0.9913      | 
| 1556.png                 | 0.7188      | 0.5611      | 0.6011      | 0.8939      | 
| 1557.png                 | 0.8379      | 0.7211      | 0.8773      | 0.8020      | 
| 1558.png                 | 0.8651      | 0.7623      | 0.8336      | 0.8991      | 
| 1559.png                 | 0.9124      | 0.8389      | 0.9100      | 0.9148      | 
| 1560.png                 | 0.8978      | 0.8145      | 0.9036      | 0.8921      | 
| 1561.png                 | 0.9240      | 0.8588      | 0.9071      | 0.9416      | 
| 1562.png                 | 0.8518      | 0.7418      | 0.8941      | 0.8133      | 
| 1563.png                 | 0.5340      | 0.3642      | 1.0000      | 0.3642      | 
| 1564.png                 | 0.7443      | 0.5928      | 0.9391      | 0.6165      | 
| 1565.png                 | 0.7505      | 0.6006      | 0.7546      | 0.7463      | 
| 1566.png                 | 0.6569      | 0.4891      | 0.5300      | 0.8636      | 
| 1567.png                 | 0.7982      | 0.6641      | 0.7976      | 0.7988      | 
| 1568.png                 | 0.8548      | 0.7465      | 0.8634      | 0.8464      | 
| 157.png                  | 0.8965      | 0.8124      | 0.8316      | 0.9723      | 
| 1571.png                 | 0.8205      | 0.6957      | 0.8831      | 0.7663      | 
| 1572.png                 | 0.5331      | 0.3634      | 0.3811      | 0.8869      | 
| 1577.png                 | 0.9058      | 0.8278      | 0.8433      | 0.9782      | 
| 1578.png                 | 0.9116      | 0.8376      | 0.9365      | 0.8880      | 
| 1579.png                 | 0.9332      | 0.8748      | 0.9612      | 0.9068      | 
| 158.png                  | 0.8622      | 0.7578      | 0.7730      | 0.9747      | 
| 1580.png                 | 0.6143      | 0.4433      | 0.9081      | 0.4642      | 
| 1590.png                 | 0.8239      | 0.7005      | 0.7563      | 0.9047      | 
| 1591.png                 | 0.7930      | 0.6571      | 0.8175      | 0.7700      | 
| 1592.png                 | 0.7292      | 0.5738      | 0.5856      | 0.9660      | 
| 1593.png                 | 0.7701      | 0.6262      | 0.6579      | 0.9286      | 
| 1594.png                 | 0.8287      | 0.7075      | 0.9091      | 0.7613      | 
| 1595.png                 | 0.7617      | 0.6151      | 0.6548      | 0.9102      | 
| 1596.png                 | 0.7780      | 0.6367      | 0.9296      | 0.6690      | 
| 1597.png                 | 0.7721      | 0.6287      | 0.9977      | 0.6296      | 
| 1598.png                 | 0.6833      | 0.5190      | 0.9333      | 0.5390      | 
| 16.png                   | 0.7668      | 0.6218      | 0.7280      | 0.8099      | 
| 160.png                  | 0.8851      | 0.7939      | 0.9859      | 0.8030      | 
| 1600.png                 | 0.8445      | 0.7309      | 0.9554      | 0.7567      | 
| 1601.png                 | 0.9116      | 0.8375      | 0.8937      | 0.9302      | 
| 1602.png                 | 0.9173      | 0.8472      | 0.9690      | 0.8708      | 
| 1603.png                 | 0.9066      | 0.8292      | 0.9659      | 0.8542      | 
| 1604.png                 | 0.7905      | 0.6536      | 1.0000      | 0.6536      | 
| 1605.png                 | 0.4726      | 0.3094      | 0.5052      | 0.4439      | 
| 1606.png                 | 0.5334      | 0.3637      | 0.7122      | 0.4264      | 
| 1608.png                 | 0.8141      | 0.6865      | 0.9635      | 0.7049      | 
| 1609.png                 | 0.8455      | 0.7323      | 0.8506      | 0.8404      | 
| 161.png                  | 0.9412      | 0.8889      | 0.9740      | 0.9105      | 
| 1610.png                 | 0.6979      | 0.5360      | 0.5456      | 0.9681      | 
| 1611.png                 | 0.8885      | 0.7993      | 0.8603      | 0.9186      | 
| 1612.png                 | 0.7520      | 0.6026      | 0.9778      | 0.6110      | 
| 1613.png                 | 0.7642      | 0.6184      | 0.6246      | 0.9843      | 
| 1614.png                 | 0.8666      | 0.7646      | 0.9495      | 0.7970      | 
| 1617.png                 | 0.9002      | 0.8185      | 0.9380      | 0.8653      | 
| 1618.png                 | 0.8573      | 0.7502      | 0.8262      | 0.8907      | 
| 1619.png                 | 0.8780      | 0.7826      | 0.8462      | 0.9123      | 
| 162.png                  | 0.9165      | 0.8460      | 0.9978      | 0.8475      | 
| 1620.png                 | 0.7449      | 0.5935      | 0.7291      | 0.7614      | 
| 1622.png                 | 0.8297      | 0.7089      | 0.8899      | 0.7770      | 
| 1625.png                 | 0.9233      | 0.8576      | 0.9394      | 0.9078      | 
| 1626.png                 | 0.8729      | 0.7744      | 0.9766      | 0.7890      | 
| 1628.png                 | 0.6093      | 0.4382      | 0.8030      | 0.4910      | 
| 1629.png                 | 0.9183      | 0.8490      | 0.9496      | 0.8890      | 
| 1630.png                 | 0.9041      | 0.8250      | 0.9198      | 0.8889      | 
| 1631.png                 | 0.9422      | 0.8907      | 0.9657      | 0.9198      | 
| 1632.png                 | 0.7086      | 0.5487      | 0.9384      | 0.5692      | 
| 1635.png                 | 0.9056      | 0.8275      | 0.9720      | 0.8477      | 
| 1636.png                 | 0.9550      | 0.9138      | 0.9666      | 0.9436      | 
| 1637.png                 | 0.9345      | 0.8771      | 0.9513      | 0.9184      | 
| 1638.png                 | 0.9116      | 0.8375      | 0.8949      | 0.9289      | 
| 1639.png                 | 0.9246      | 0.8597      | 0.9617      | 0.8902      | 
| 164.png                  | 0.9340      | 0.8761      | 0.9461      | 0.9221      | 
| 165.png                  | 0.8410      | 0.7257      | 0.7912      | 0.8975      | 
| 1656.png                 | 0.3957      | 0.2467      | 0.2572      | 0.8575      | 
| 1657.png                 | 0.8808      | 0.7870      | 0.8896      | 0.8721      | 
| 166.png                  | 0.9447      | 0.8951      | 0.9749      | 0.9163      | 
| 1665.png                 | 0.6854      | 0.5214      | 0.9431      | 0.5384      | 
| 1666.png                 | 0.7141      | 0.5553      | 0.6096      | 0.8620      | 
| 1667.png                 | 0.8963      | 0.8121      | 0.8647      | 0.9304      | 
| 1668.png                 | 0.7665      | 0.6215      | 0.9603      | 0.6378      | 
| 1669.png                 | 0.6055      | 0.4342      | 0.7003      | 0.5333      | 
| 167.png                  | 0.9245      | 0.8597      | 0.9947      | 0.8637      | 
| 1670.png                 | 0.5710      | 0.3995      | 0.9469      | 0.4087      | 
| 1671.png                 | 0.5742      | 0.4027      | 0.8046      | 0.4464      | 
| 1672.png                 | 0.7235      | 0.5668      | 0.8964      | 0.6065      | 
| 1677.png                 | 0.7204      | 0.5630      | 0.9814      | 0.5690      | 
| 1679.png                 | 0.7597      | 0.6125      | 0.6344      | 0.9466      | 
| 168.png                  | 0.8620      | 0.7575      | 0.9840      | 0.7670      | 
| 1681.png                 | 0.8914      | 0.8042      | 0.8594      | 0.9260      | 
| 1685.png                 | 0.4416      | 0.2833      | 0.3351      | 0.6473      | 
| 1689.png                 | 0.4919      | 0.3261      | 0.3421      | 0.8745      | 
| 1691.png                 | 0.4359      | 0.2787      | 0.2958      | 0.8285      | 
| 1692.png                 | 0.3519      | 0.2135      | 0.2195      | 0.8861      | 
| 1693.png                 | 0.5028      | 0.3358      | 0.3411      | 0.9562      | 
| 1694.png                 | 0.5775      | 0.4060      | 0.4143      | 0.9527      | 
| 1697.png                 | 0.4400      | 0.2820      | 0.2889      | 0.9225      | 
| 1699.png                 | 0.9071      | 0.8300      | 0.9236      | 0.8912      | 
| 17.png                   | 0.7453      | 0.5941      | 0.9704      | 0.6050      | 
| 1700.png                 | 0.8193      | 0.6939      | 0.7476      | 0.9062      | 
| 1701.png                 | 0.8851      | 0.7939      | 0.8496      | 0.9237      | 
| 1702.png                 | 0.8737      | 0.7757      | 0.8370      | 0.9137      | 
| 1705.png                 | 0.8088      | 0.6790      | 0.7816      | 0.8380      | 
| 1706.png                 | 0.8892      | 0.8006      | 0.8923      | 0.8862      | 
| 1707.png                 | 0.7765      | 0.6346      | 0.6723      | 0.9187      | 
| 1708.png                 | 0.6548      | 0.4868      | 0.5170      | 0.8926      | 
| 1713.png                 | 0.5013      | 0.3345      | 0.9933      | 0.3352      | 
| 1715.png                 | 0.9004      | 0.8189      | 0.9289      | 0.8737      | 
| 172.png                  | 0.9590      | 0.9213      | 0.9669      | 0.9512      | 
| 1722.png                 | 0.8817      | 0.7884      | 0.8472      | 0.9191      | 
| 1723.png                 | 0.8755      | 0.7786      | 0.9449      | 0.8157      | 
| 1724.png                 | 0.8040      | 0.6723      | 0.9562      | 0.6936      | 
| 1726.png                 | 0.9036      | 0.8242      | 0.9052      | 0.9020      | 
| 1727.png                 | 0.9673      | 0.9368      | 0.9723      | 0.9625      | 
| 1728.png                 | 0.9476      | 0.9003      | 0.9511      | 0.9441      | 
| 1729.png                 | 0.8122      | 0.6838      | 0.7049      | 0.9581      | 
| 173.png                  | 0.9480      | 0.9011      | 0.9604      | 0.9358      | 
| 1730.png                 | 0.8887      | 0.7997      | 0.8155      | 0.9764      | 
| 1731.png                 | 0.9494      | 0.9036      | 0.9430      | 0.9558      | 
| 1732.png                 | 0.7950      | 0.6598      | 0.6679      | 0.9819      | 
| 1733.png                 | 0.9003      | 0.8187      | 0.9692      | 0.8405      | 
| 1741.png                 | 0.6415      | 0.4723      | 0.6483      | 0.6349      | 
| 1743.png                 | 0.4986      | 0.3321      | 0.3369      | 0.9586      | 
| 1745.png                 | 0.5105      | 0.3427      | 0.3475      | 0.9612      | 
| 1746.png                 | 0.5524      | 0.3816      | 0.3950      | 0.9182      | 
| 1747.png                 | 0.4912      | 0.3256      | 0.4395      | 0.5567      | 
| 1748.png                 | 0.7940      | 0.6584      | 0.7114      | 0.8983      | 
| 1749.png                 | 0.8399      | 0.7240      | 0.7884      | 0.8986      | 
| 175.png                  | 0.8988      | 0.8161      | 0.9781      | 0.8313      | 
| 1750.png                 | 0.9166      | 0.8461      | 0.9391      | 0.8952      | 
| 1751.png                 | 0.9144      | 0.8424      | 0.9896      | 0.8499      | 
| 1752.png                 | 0.8396      | 0.7236      | 0.9528      | 0.7505      | 
| 1753.png                 | 0.8462      | 0.7333      | 0.9612      | 0.7557      | 
| 1759.png                 | 0.3686      | 0.2259      | 0.2331      | 0.8798      | 
| 176.png                  | 0.9141      | 0.8417      | 0.9951      | 0.8453      | 
| 1760.png                 | 0.8008      | 0.6678      | 0.7669      | 0.8378      | 
| 1761.png                 | 0.4805      | 0.3163      | 0.3462      | 0.7852      | 
| 1762.png                 | 0.4952      | 0.3290      | 0.3427      | 0.8922      | 
| 1764.png                 | 0.6258      | 0.4554      | 0.4627      | 0.9667      | 
| 1766.png                 | 0.6297      | 0.4595      | 0.4929      | 0.8715      | 
| 1767.png                 | 0.7145      | 0.5558      | 0.5812      | 0.9272      | 
| 177.png                  | 0.9346      | 0.8772      | 0.9995      | 0.8776      | 
| 1771.png                 | 0.9293      | 0.8679      | 0.9172      | 0.9417      | 
| 178.png                  | 0.9228      | 0.8567      | 0.9984      | 0.8579      | 
| 1781.png                 | 0.7856      | 0.6469      | 0.7122      | 0.8759      | 
| 1782.png                 | 0.5210      | 0.3523      | 0.3852      | 0.8047      | 
| 1786.png                 | 0.8659      | 0.7636      | 0.9724      | 0.7805      | 
| 1787.png                 | 0.8603      | 0.7549      | 0.9747      | 0.7700      | 
| 1788.png                 | 0.9017      | 0.8210      | 0.9852      | 0.8313      | 
| 1789.png                 | 0.7787      | 0.6376      | 0.9333      | 0.6680      | 
| 1790.png                 | 0.8641      | 0.7607      | 0.9978      | 0.7620      | 
| 1791.png                 | 0.3930      | 0.2446      | 0.2562      | 0.8436      | 
| 1793.png                 | 0.4202      | 0.2660      | 1.0000      | 0.2660      | 
| 1795.png                 | 0.5279      | 0.3586      | 0.8919      | 0.3749      | 
| 1796.png                 | 0.9017      | 0.8210      | 0.9026      | 0.9008      | 
| 1797.png                 | 0.9264      | 0.8628      | 0.8966      | 0.9582      | 
| 1798.png                 | 0.9245      | 0.8595      | 0.9258      | 0.9232      | 
| 1799.png                 | 0.6165      | 0.4456      | 0.8665      | 0.4785      | 
| 18.png                   | 0.8535      | 0.7445      | 1.0000      | 0.7445      | 
| 180.png                  | 0.9240      | 0.8587      | 1.0000      | 0.8587      | 
| 1800.png                 | 0.7094      | 0.5497      | 0.9622      | 0.5618      | 
| 1801.png                 | 0.4533      | 0.2930      | 0.3345      | 0.7030      | 
| 1802.png                 | 0.7638      | 0.6178      | 0.8274      | 0.7092      | 
| 1805.png                 | 0.6238      | 0.4532      | 0.5819      | 0.6721      | 
| 1808.png                 | 0.7091      | 0.5493      | 0.5768      | 0.9201      | 
| 181.png                  | 0.9592      | 0.9216      | 0.9986      | 0.9228      | 
| 182.png                  | 0.9285      | 0.8665      | 0.9973      | 0.8686      | 
| 1820.png                 | 0.8513      | 0.7411      | 0.7905      | 0.9221      | 
| 1822.png                 | 0.5880      | 0.4164      | 0.4328      | 0.9169      | 
| 1825.png                 | 0.9343      | 0.8768      | 0.8946      | 0.9778      | 
| 1826.png                 | 0.8090      | 0.6793      | 0.8955      | 0.7377      | 
| 1827.png                 | 0.9131      | 0.8402      | 0.9729      | 0.8602      | 
| 1828.png                 | 0.7828      | 0.6431      | 0.6833      | 0.9163      | 
| 1829.png                 | 0.6335      | 0.4636      | 0.9737      | 0.4695      | 
| 183.png                  | 0.9185      | 0.8493      | 0.9789      | 0.8652      | 
| 1830.png                 | 0.7828      | 0.6431      | 0.7131      | 0.8675      | 
| 1831.png                 | 0.7883      | 0.6505      | 0.6904      | 0.9185      | 
| 1832.png                 | 0.8093      | 0.6797      | 0.7358      | 0.8991      | 
| 1833.png                 | 0.8106      | 0.6815      | 0.7703      | 0.8553      | 
| 1834.png                 | 0.7432      | 0.5913      | 0.6533      | 0.8618      | 
| 1835.png                 | 0.5219      | 0.3531      | 0.3674      | 0.9007      | 
| 1836.png                 | 0.9449      | 0.8956      | 0.9155      | 0.9763      | 
| 1837.png                 | 0.9436      | 0.8932      | 0.9585      | 0.9292      | 
| 1838.png                 | 0.9571      | 0.9177      | 0.9625      | 0.9518      | 
| 1839.png                 | 0.9532      | 0.9105      | 0.9552      | 0.9511      | 
| 184.png                  | 0.4882      | 0.3230      | 0.3492      | 0.8112      | 
| 1840.png                 | 0.8336      | 0.7147      | 0.7880      | 0.8848      | 
| 185.png                  | 0.7164      | 0.5581      | 0.6293      | 0.8314      | 
| 1896.png                 | 0.5559      | 0.3850      | 0.9994      | 0.3851      | 
| 1897.png                 | 0.5635      | 0.3923      | 0.5753      | 0.5521      | 
| 19.png                   | 0.6854      | 0.5213      | 0.9981      | 0.5218      | 
| 192.png                  | 0.9115      | 0.8375      | 0.8868      | 0.9377      | 
| 193.png                  | 0.9120      | 0.8382      | 0.8570      | 0.9746      | 
| 194.png                  | 0.9755      | 0.9521      | 0.9627      | 0.9886      | 
| 195.png                  | 0.9690      | 0.9399      | 0.9819      | 0.9564      | 
| 1950.png                 | 0.8586      | 0.7522      | 0.8574      | 0.8598      | 
| 1956.png                 | 0.8517      | 0.7417      | 0.9996      | 0.7419      | 
| 1957.png                 | 0.5675      | 0.3962      | 0.9981      | 0.3965      | 
| 1958.png                 | 0.7492      | 0.5989      | 0.9976      | 0.5998      | 
| 196.png                  | 0.9506      | 0.9058      | 0.9543      | 0.9469      | 
| 1967.png                 | 0.8497      | 0.7387      | 0.9988      | 0.7394      | 
| 2.png                    | 0.8914      | 0.8042      | 0.9636      | 0.8293      | 
| 20.png                   | 0.8429      | 0.7285      | 0.9889      | 0.7346      | 
| 201.png                  | 0.8961      | 0.8117      | 0.8283      | 0.9760      | 
| 202.png                  | 0.9173      | 0.8472      | 0.8628      | 0.9790      | 
| 21.png                   | 0.9562      | 0.9161      | 0.9824      | 0.9314      | 
| 2102.png                 | 0.4127      | 0.2600      | 1.0000      | 0.2600      | 
| 211.png                  | 0.8358      | 0.7179      | 0.9888      | 0.7238      | 
| 212.png                  | 0.8613      | 0.7564      | 0.9896      | 0.7624      | 
| 213.png                  | 0.9194      | 0.8509      | 0.9538      | 0.8875      | 
| 214.png                  | 0.8757      | 0.7789      | 0.9334      | 0.8247      | 
| 215.png                  | 0.7640      | 0.6181      | 0.8388      | 0.7015      | 
| 216.png                  | 0.5786      | 0.4070      | 0.9751      | 0.4113      | 
| 217.png                  | 0.4836      | 0.3189      | 0.9710      | 0.3220      | 
| 218.png                  | 0.7909      | 0.6541      | 0.7963      | 0.7856      | 
| 2188.png                 | 0.3712      | 0.2279      | 0.9993      | 0.2279      | 
| 219.png                  | 0.7346      | 0.5806      | 0.6592      | 0.8296      | 
| 2190.png                 | 0.8108      | 0.6818      | 0.9987      | 0.6824      | 
| 2192.png                 | 0.9149      | 0.8431      | 0.9897      | 0.8506      | 
| 2199.png                 | 0.9051      | 0.8266      | 0.9806      | 0.8403      | 
| 22.png                   | 0.9469      | 0.8992      | 0.9614      | 0.9329      | 
| 220.png                  | 0.5478      | 0.3772      | 0.4148      | 0.8062      | 
| 2200.png                 | 0.8171      | 0.6908      | 0.9810      | 0.7001      | 
| 221.png                  | 0.8208      | 0.6960      | 0.9924      | 0.6997      | 
| 222.png                  | 0.9221      | 0.8554      | 0.9982      | 0.8567      | 
| 223.png                  | 0.9544      | 0.9128      | 0.9991      | 0.9135      | 
| 224.png                  | 0.9064      | 0.8289      | 0.9981      | 0.8301      | 
| 2244.png                 | 0.7416      | 0.5893      | 0.9973      | 0.5903      | 
| 225.png                  | 0.9194      | 0.8508      | 0.9984      | 0.8520      | 
| 2257.png                 | 0.4800      | 0.3158      | 0.9956      | 0.3163      | 
| 2259.png                 | 0.4913      | 0.3256      | 1.0000      | 0.3256      | 
| 226.png                  | 0.8665      | 0.7645      | 0.9937      | 0.7682      | 
| 227.png                  | 0.7798      | 0.6390      | 0.7941      | 0.7660      | 
| 228.png                  | 0.7414      | 0.5891      | 0.9992      | 0.5894      | 
| 229.png                  | 0.8002      | 0.6669      | 0.9938      | 0.6697      | 
| 23.png                   | 0.9556      | 0.9149      | 0.9926      | 0.9212      | 
| 230.png                  | 0.7934      | 0.6576      | 0.9930      | 0.6607      | 
| 2307.png                 | 0.8428      | 0.7283      | 0.9701      | 0.7450      | 
| 2308.png                 | 0.6177      | 0.4468      | 0.5667      | 0.6787      | 
| 2312.png                 | 0.5516      | 0.3808      | 1.0000      | 0.3808      | 
| 2313.png                 | 0.6576      | 0.4898      | 1.0000      | 0.4898      | 
| 2314.png                 | 0.7948      | 0.6594      | 1.0000      | 0.6594      | 
| 2315.png                 | 0.8006      | 0.6674      | 1.0000      | 0.6674      | 
| 2316.png                 | 0.5421      | 0.3718      | 1.0000      | 0.3718      | 
| 2318.png                 | 0.4806      | 0.3163      | 0.9345      | 0.3235      | 
| 233.png                  | 0.9474      | 0.9000      | 0.9592      | 0.9359      | 
| 234.png                  | 0.9597      | 0.9225      | 0.9861      | 0.9347      | 
| 235.png                  | 0.9602      | 0.9235      | 0.9893      | 0.9329      | 
| 236.png                  | 0.7132      | 0.5542      | 0.9770      | 0.5615      | 
| 237.png                  | 0.8420      | 0.7271      | 0.9922      | 0.7313      | 
| 2371.png                 | 0.3639      | 0.2224      | 0.2224      | 1.0000      | 
| 2379.png                 | 0.4426      | 0.2842      | 0.2843      | 0.9992      | 
| 238.png                  | 0.7937      | 0.6580      | 0.9867      | 0.6639      | 
| 2381.png                 | 0.3899      | 0.2421      | 0.2422      | 0.9983      | 
| 239.png                  | 0.8726      | 0.7739      | 0.9560      | 0.8025      | 
| 24.png                   | 0.5299      | 0.3604      | 0.7385      | 0.4131      | 
| 2411.png                 | 0.5271      | 0.3578      | 1.0000      | 0.3578      | 
| 2412.png                 | 0.6089      | 0.4377      | 1.0000      | 0.4377      | 
| 242.png                  | 0.8485      | 0.7368      | 0.7725      | 0.9410      | 
| 2427.png                 | 0.5888      | 0.4172      | 1.0000      | 0.4172      | 
| 2428.png                 | 0.6088      | 0.4376      | 1.0000      | 0.4376      | 
| 243.png                  | 0.9486      | 0.9023      | 0.9834      | 0.9162      | 
| 2431.png                 | 0.4162      | 0.2628      | 0.9986      | 0.2629      | 
| 2432.png                 | 0.3822      | 0.2362      | 1.0000      | 0.2362      | 
| 2438.png                 | 0.4376      | 0.2800      | 0.2878      | 0.9126      | 
| 244.png                  | 0.9031      | 0.8233      | 0.9978      | 0.8248      | 
| 2446.png                 | 0.4188      | 0.2648      | 0.2673      | 0.9668      | 
| 2447.png                 | 0.6408      | 0.4714      | 1.0000      | 0.4714      | 
| 2448.png                 | 0.7332      | 0.5788      | 1.0000      | 0.5788      | 
| 2449.png                 | 0.4494      | 0.2899      | 1.0000      | 0.2899      | 
| 245.png                  | 0.7570      | 0.6090      | 0.9959      | 0.6105      | 
| 2456.png                 | 0.3855      | 0.2388      | 0.2389      | 0.9985      | 
| 2457.png                 | 0.3712      | 0.2279      | 0.2279      | 0.9998      | 
| 246.png                  | 0.7632      | 0.6171      | 0.7170      | 0.8158      | 
| 247.png                  | 0.8995      | 0.8174      | 0.9758      | 0.8343      | 
| 2477.png                 | 0.5893      | 0.4178      | 1.0000      | 0.4178      | 
| 2482.png                 | 0.5177      | 0.3493      | 0.9975      | 0.3496      | 
| 2483.png                 | 0.5228      | 0.3539      | 1.0000      | 0.3539      | 
| 25.png                   | 0.6436      | 0.4745      | 0.5960      | 0.6994      | 
| 250.png                  | 0.9050      | 0.8265      | 0.9652      | 0.8519      | 
| 251.png                  | 0.9038      | 0.8246      | 0.9623      | 0.8521      | 
| 253.png                  | 0.7832      | 0.6436      | 0.9680      | 0.6576      | 
| 254.png                  | 0.8164      | 0.6898      | 1.0000      | 0.6898      | 
| 2542.png                 | 0.8272      | 0.7053      | 0.9904      | 0.7102      | 
| 2544.png                 | 0.9192      | 0.8504      | 0.9942      | 0.8547      | 
| 2545.png                 | 0.8645      | 0.7614      | 0.9266      | 0.8102      | 
| 255.png                  | 0.7614      | 0.6148      | 1.0000      | 0.6148      | 
| 256.png                  | 0.9198      | 0.8515      | 0.9902      | 0.8587      | 
| 2562.png                 | 0.4902      | 0.3247      | 0.9852      | 0.3263      | 
| 2564.png                 | 0.3707      | 0.2275      | 0.2275      | 1.0000      | 
| 2565.png                 | 0.3634      | 0.2220      | 0.2220      | 1.0000      | 
| 257.png                  | 0.9217      | 0.8548      | 0.9935      | 0.8596      | 
| 258.png                  | 0.9195      | 0.8510      | 0.9966      | 0.8535      | 
| 259.png                  | 0.8438      | 0.7298      | 1.0000      | 0.7298      | 
| 260.png                  | 0.7465      | 0.5956      | 1.0000      | 0.5956      | 
| 2606.png                 | 0.3686      | 0.2260      | 0.2308      | 0.9158      | 
| 261.png                  | 0.8384      | 0.7217      | 0.9820      | 0.7314      | 
| 262.png                  | 0.8124      | 0.6840      | 0.9670      | 0.7004      | 
| 263.png                  | 0.8269      | 0.7049      | 0.9932      | 0.7084      | 
| 264.png                  | 0.8048      | 0.6733      | 0.9993      | 0.6737      | 
| 265.png                  | 0.7934      | 0.6575      | 1.0000      | 0.6575      | 
| 2654.png                 | 0.7014      | 0.5401      | 1.0000      | 0.5401      | 
| 266.png                  | 0.9380      | 0.8833      | 0.9780      | 0.9012      | 
| 267.png                  | 0.7828      | 0.6431      | 0.9973      | 0.6442      | 
| 2703.png                 | 0.4344      | 0.2775      | 0.9917      | 0.2781      | 
| 2718.png                 | 0.4349      | 0.2779      | 0.8874      | 0.2880      | 
| 2724.png                 | 0.5473      | 0.3768      | 1.0000      | 0.3768      | 
| 2725.png                 | 0.8151      | 0.6879      | 0.9847      | 0.6953      | 
| 2726.png                 | 0.8355      | 0.7175      | 1.0000      | 0.7175      | 
| 2728.png                 | 0.9135      | 0.8407      | 0.9947      | 0.8445      | 
| 2729.png                 | 0.8766      | 0.7803      | 0.9988      | 0.7811      | 
| 2764.png                 | 0.3573      | 0.2175      | 0.2175      | 1.0000      | 
| 2770.png                 | 0.6509      | 0.4824      | 0.9619      | 0.4918      | 
| 2771.png                 | 0.3592      | 0.2189      | 0.9414      | 0.2219      | 
| 2789.png                 | 0.3825      | 0.2364      | 1.0000      | 0.2364      | 
| 2790.png                 | 0.4122      | 0.2596      | 1.0000      | 0.2596      | 
| 2791.png                 | 0.3977      | 0.2482      | 0.9949      | 0.2485      | 
| 2792.png                 | 0.7287      | 0.5732      | 0.9574      | 0.5882      | 
| 2793.png                 | 0.4911      | 0.3255      | 1.0000      | 0.3255      | 
| 2795.png                 | 0.3550      | 0.2158      | 0.2158      | 1.0000      | 
| 2796.png                 | 0.3630      | 0.2218      | 0.2218      | 1.0000      | 
| 28.png                   | 0.8352      | 0.7171      | 0.9928      | 0.7208      | 
| 281.png                  | 0.7508      | 0.6011      | 1.0000      | 0.6011      | 
| 2812.png                 | 0.3555      | 0.2162      | 1.0000      | 0.2162      | 
| 2826.png                 | 0.6090      | 0.4378      | 1.0000      | 0.4378      | 
| 2829.png                 | 0.8286      | 0.7074      | 1.0000      | 0.7074      | 
| 2831.png                 | 0.4638      | 0.3019      | 0.3156      | 0.8748      | 
| 2833.png                 | 0.5472      | 0.3766      | 1.0000      | 0.3766      | 
| 2843.png                 | 0.5345      | 0.3647      | 0.9271      | 0.3754      | 
| 2844.png                 | 0.8782      | 0.7829      | 0.9869      | 0.7911      | 
| 2845.png                 | 0.6134      | 0.4423      | 0.5504      | 0.6925      | 
| 2870.png                 | 0.7253      | 0.5690      | 0.5874      | 0.9478      | 
| 2871.png                 | 0.6075      | 0.4363      | 0.7812      | 0.4970      | 
| 2883.png                 | 0.6231      | 0.4525      | 0.9656      | 0.4599      | 
| 2884.png                 | 0.4234      | 0.2686      | 0.9591      | 0.2717      | 
| 2895.png                 | 0.9120      | 0.8382      | 0.9384      | 0.8870      | 
| 2896.png                 | 0.9387      | 0.8845      | 0.9250      | 0.9528      | 
| 2897.png                 | 0.9165      | 0.8459      | 0.9570      | 0.8793      | 
| 2898.png                 | 0.5062      | 0.3388      | 0.9947      | 0.3395      | 
| 29.png                   | 0.9321      | 0.8729      | 0.9945      | 0.8771      | 
| 2900.png                 | 0.9157      | 0.8446      | 0.9325      | 0.8996      | 
| 2901.png                 | 0.9478      | 0.9007      | 0.9956      | 0.9043      | 
| 2902.png                 | 0.8019      | 0.6693      | 0.9940      | 0.6720      | 
| 2903.png                 | 0.8055      | 0.6743      | 0.9818      | 0.6829      | 
| 2904.png                 | 0.8292      | 0.7082      | 0.9903      | 0.7132      | 
| 2905.png                 | 0.7565      | 0.6084      | 0.9951      | 0.6102      | 
| 2939.png                 | 0.3599      | 0.2194      | 0.2194      | 1.0000      | 
| 2940.png                 | 0.3685      | 0.2258      | 0.2258      | 1.0000      | 
| 295.png                  | 0.9601      | 0.9233      | 0.9882      | 0.9337      | 
| 2989.png                 | 0.3993      | 0.2495      | 0.2533      | 0.9435      | 
| 3.png                    | 0.9418      | 0.8900      | 0.9815      | 0.9051      | 
| 30.png                   | 0.9326      | 0.8736      | 0.9938      | 0.8784      | 
| 301.png                  | 0.9674      | 0.9369      | 0.9927      | 0.9434      | 
| 3022.png                 | 0.8556      | 0.7477      | 0.9399      | 0.7852      | 
| 3023.png                 | 0.9590      | 0.9211      | 0.9796      | 0.9391      | 
| 3024.png                 | 0.9222      | 0.8557      | 0.9996      | 0.8560      | 
| 3026.png                 | 0.9636      | 0.9298      | 0.9804      | 0.9474      | 
| 3027.png                 | 0.8140      | 0.6864      | 0.9485      | 0.7129      | 
| 303.png                  | 0.9295      | 0.8683      | 0.9840      | 0.8807      | 
| 3047.png                 | 0.4386      | 0.2809      | 1.0000      | 0.2809      | 
| 3048.png                 | 0.4180      | 0.2642      | 1.0000      | 0.2642      | 
| 31.png                   | 0.8880      | 0.7986      | 0.9986      | 0.7995      | 
| 311.png                  | 0.9384      | 0.8840      | 0.9949      | 0.8880      | 
| 312.png                  | 0.9591      | 0.9214      | 0.9863      | 0.9334      | 
| 316.png                  | 0.8351      | 0.7169      | 0.9899      | 0.7222      | 
| 317.png                  | 0.8639      | 0.7604      | 0.9843      | 0.7698      | 
| 318.png                  | 0.9202      | 0.8522      | 0.9679      | 0.8770      | 
| 319.png                  | 0.9302      | 0.8695      | 0.9511      | 0.9102      | 
| 32.png                   | 0.8432      | 0.7289      | 0.9626      | 0.7501      | 
| 320.png                  | 0.8523      | 0.7426      | 0.8294      | 0.8765      | 
| 321.png                  | 0.8679      | 0.7667      | 0.8935      | 0.8438      | 
| 322.png                  | 0.7116      | 0.5524      | 0.5906      | 0.8951      | 
| 325.png                  | 0.8837      | 0.7916      | 0.9468      | 0.8284      | 
| 33.png                   | 0.8432      | 0.7290      | 0.9718      | 0.7447      | 
| 332.png                  | 0.7717      | 0.6283      | 0.9422      | 0.6534      | 
| 333.png                  | 0.4452      | 0.2863      | 0.2994      | 0.8681      | 
| 339.png                  | 0.4837      | 0.3190      | 1.0000      | 0.3190      | 
| 342.png                  | 0.9529      | 0.9101      | 0.9704      | 0.9361      | 
| 345.png                  | 0.4137      | 0.2608      | 0.9940      | 0.2612      | 
| 346.png                  | 0.8878      | 0.7983      | 0.9872      | 0.8066      | 
| 347.png                  | 0.9040      | 0.8249      | 0.9659      | 0.8496      | 
| 35.png                   | 0.8810      | 0.7872      | 0.9711      | 0.8061      | 
| 357.png                  | 0.8477      | 0.7356      | 0.8754      | 0.8216      | 
| 359.png                  | 0.9380      | 0.8833      | 0.9888      | 0.8922      | 
| 36.png                   | 0.8765      | 0.7801      | 1.0000      | 0.7801      | 
| 37.png                   | 0.8943      | 0.8088      | 0.9995      | 0.8092      | 
| 38.png                   | 0.8947      | 0.8095      | 0.9996      | 0.8097      | 
| 384.png                  | 0.9630      | 0.9286      | 0.9639      | 0.9621      | 
| 385.png                  | 0.9679      | 0.9378      | 0.9771      | 0.9589      | 
| 386.png                  | 0.9445      | 0.8948      | 0.9496      | 0.9394      | 
| 387.png                  | 0.9696      | 0.9411      | 0.9783      | 0.9612      | 
| 388.png                  | 0.9742      | 0.9498      | 0.9680      | 0.9805      | 
| 389.png                  | 0.9546      | 0.9132      | 0.9850      | 0.9261      | 
| 39.png                   | 0.9340      | 0.8763      | 0.9933      | 0.8814      | 
| 390.png                  | 0.8705      | 0.7707      | 0.9204      | 0.8257      | 
| 391.png                  | 0.9540      | 0.9120      | 0.9823      | 0.9272      | 
| 392.png                  | 0.8795      | 0.7849      | 0.9692      | 0.8050      | 
| 395.png                  | 0.8576      | 0.7507      | 0.8622      | 0.8531      | 
| 396.png                  | 0.6791      | 0.5141      | 0.5326      | 0.9367      | 
| 397.png                  | 0.8041      | 0.6724      | 0.7067      | 0.9326      | 
| 398.png                  | 0.9484      | 0.9018      | 0.9807      | 0.9181      | 
| 4.png                    | 0.9174      | 0.8473      | 0.9793      | 0.8628      | 
| 40.png                   | 0.9452      | 0.8961      | 0.9858      | 0.9078      | 
| 41.png                   | 0.8856      | 0.7947      | 0.9834      | 0.8055      | 
| 415.png                  | 0.8187      | 0.6930      | 0.8168      | 0.8206      | 
| 416.png                  | 0.5305      | 0.3610      | 0.3872      | 0.8423      | 
| 417.png                  | 0.8466      | 0.7340      | 0.9857      | 0.7419      | 
| 418.png                  | 0.9097      | 0.8344      | 1.0000      | 0.8344      | 
| 419.png                  | 0.9585      | 0.9203      | 0.9928      | 0.9265      | 
| 42.png                   | 0.6517      | 0.4833      | 0.9958      | 0.4843      | 
| 420.png                  | 0.9082      | 0.8319      | 0.9981      | 0.8332      | 
| 421.png                  | 0.7450      | 0.5936      | 0.9985      | 0.5942      | 
| 422.png                  | 0.6429      | 0.4738      | 1.0000      | 0.4738      | 
| 43.png                   | 0.8392      | 0.7229      | 0.9579      | 0.7467      | 
| 44.png                   | 0.9134      | 0.8406      | 0.9501      | 0.8795      | 
| 442.png                  | 0.8982      | 0.8152      | 0.9828      | 0.8269      | 
| 443.png                  | 0.7714      | 0.6278      | 0.9955      | 0.6296      | 
| 444.png                  | 0.9190      | 0.8501      | 0.9801      | 0.8650      | 
| 445.png                  | 0.7221      | 0.5651      | 0.6342      | 0.8383      | 
| 446.png                  | 0.7711      | 0.6274      | 0.6863      | 0.8797      | 
| 447.png                  | 0.8042      | 0.6726      | 0.8256      | 0.7840      | 
| 448.png                  | 0.7929      | 0.6568      | 0.9863      | 0.6629      | 
| 449.png                  | 0.6922      | 0.5293      | 0.5872      | 0.8429      | 
| 455.png                  | 0.6974      | 0.5354      | 0.9997      | 0.5355      | 
| 456.png                  | 0.9156      | 0.8444      | 0.9930      | 0.8495      | 
| 457.png                  | 0.9463      | 0.8980      | 0.9979      | 0.8997      | 
| 458.png                  | 0.8752      | 0.7781      | 1.0000      | 0.7781      | 
| 461.png                  | 0.7791      | 0.6382      | 0.7995      | 0.7597      | 
| 462.png                  | 0.8187      | 0.6931      | 0.8173      | 0.8201      | 
| 463.png                  | 0.7969      | 0.6624      | 0.8586      | 0.7435      | 
| 464.png                  | 0.7225      | 0.5655      | 0.7150      | 0.7300      | 
| 470.png                  | 0.8185      | 0.6928      | 0.9950      | 0.6952      | 
| 472.png                  | 0.5542      | 0.3833      | 0.3925      | 0.9428      | 
| 473.png                  | 0.9007      | 0.8193      | 0.9060      | 0.8954      | 
| 474.png                  | 0.8559      | 0.7481      | 0.9176      | 0.8020      | 
| 475.png                  | 0.5730      | 0.4015      | 0.4389      | 0.8250      | 
| 476.png                  | 0.8740      | 0.7762      | 0.9294      | 0.8248      | 
| 480.png                  | 0.9001      | 0.8183      | 0.9970      | 0.8203      | 
| 481.png                  | 0.8885      | 0.7994      | 0.8682      | 0.9098      | 
| 482.png                  | 0.6783      | 0.5132      | 0.5299      | 0.9421      | 
| 483.png                  | 0.9037      | 0.8243      | 0.9844      | 0.8352      | 
| 485.png                  | 0.5545      | 0.3836      | 0.4030      | 0.8888      | 
| 486.png                  | 0.3740      | 0.2300      | 0.2353      | 0.9105      | 
| 487.png                  | 0.9238      | 0.8584      | 0.9714      | 0.8807      | 
| 490.png                  | 0.7109      | 0.5515      | 0.9973      | 0.5523      | 
| 496.png                  | 0.9169      | 0.8466      | 0.9709      | 0.8686      | 
| 497.png                  | 0.8985      | 0.8157      | 0.8940      | 0.9031      | 
| 498.png                  | 0.9390      | 0.8849      | 0.9792      | 0.9019      | 
| 499.png                  | 0.9136      | 0.8410      | 0.9538      | 0.8766      | 
| 5.png                    | 0.5259      | 0.3568      | 1.0000      | 0.3568      | 
| 500.png                  | 0.8519      | 0.7421      | 0.9862      | 0.7498      | 
| 501.png                  | 0.8558      | 0.7479      | 0.9985      | 0.7488      | 
| 502.png                  | 0.7576      | 0.6098      | 1.0000      | 0.6098      | 
| 503.png                  | 0.8091      | 0.6794      | 0.9879      | 0.6851      | 
| 504.png                  | 0.8806      | 0.7867      | 0.8998      | 0.8622      | 
| 508.png                  | 0.9342      | 0.8765      | 0.9838      | 0.8893      | 
| 51.png                   | 0.9625      | 0.9277      | 0.9621      | 0.9629      | 
| 510.png                  | 0.9114      | 0.8372      | 0.9858      | 0.8474      | 
| 511.png                  | 0.9462      | 0.8979      | 0.9966      | 0.9007      | 
| 512.png                  | 0.9634      | 0.9293      | 0.9953      | 0.9334      | 
| 513.png                  | 0.9136      | 0.8409      | 0.9939      | 0.8453      | 
| 515.png                  | 0.8172      | 0.6909      | 0.7066      | 0.9688      | 
| 517.png                  | 0.8657      | 0.7633      | 0.9945      | 0.7665      | 
| 532.png                  | 0.8895      | 0.8010      | 0.9558      | 0.8318      | 
| 537.png                  | 0.9689      | 0.9397      | 0.9871      | 0.9514      | 
| 538.png                  | 0.9401      | 0.8869      | 0.9922      | 0.8932      | 
| 541.png                  | 0.9611      | 0.9250      | 0.9682      | 0.9540      | 
| 551.png                  | 0.8727      | 0.7742      | 0.9918      | 0.7791      | 
| 552.png                  | 0.9321      | 0.8729      | 0.9955      | 0.8763      | 
| 553.png                  | 0.7193      | 0.5616      | 0.9987      | 0.5620      | 
| 554.png                  | 0.8593      | 0.7533      | 0.9568      | 0.7798      | 
| 555.png                  | 0.9195      | 0.8510      | 0.9242      | 0.9148      | 
| 556.png                  | 0.6275      | 0.4571      | 0.4695      | 0.9454      | 
| 557.png                  | 0.4244      | 0.2694      | 0.2758      | 0.9208      | 
| 563.png                  | 0.8429      | 0.7284      | 0.8945      | 0.7969      | 
| 566.png                  | 0.8633      | 0.7595      | 1.0000      | 0.7595      | 
| 567.png                  | 0.8429      | 0.7285      | 0.9960      | 0.7307      | 
| 569.png                  | 0.3555      | 0.2162      | 0.2221      | 0.8906      | 
| 575.png                  | 0.9075      | 0.8307      | 0.9740      | 0.8496      | 
| 576.png                  | 0.8673      | 0.7657      | 0.9749      | 0.7811      | 
| 582.png                  | 0.9660      | 0.9343      | 0.9896      | 0.9436      | 
| 584.png                  | 0.9215      | 0.8544      | 0.9869      | 0.8641      | 
| 585.png                  | 0.8404      | 0.7247      | 0.8821      | 0.8025      | 
| 59.png                   | 0.8847      | 0.7932      | 0.8055      | 0.9811      | 
| 597.png                  | 0.6928      | 0.5300      | 1.0000      | 0.5300      | 
| 598.png                  | 0.8562      | 0.7485      | 0.9574      | 0.7743      | 
| 6.png                    | 0.8192      | 0.6937      | 0.9270      | 0.7338      | 
| 60.png                   | 0.9516      | 0.9076      | 0.9693      | 0.9345      | 
| 61.png                   | 0.9617      | 0.9262      | 0.9798      | 0.9442      | 
| 619.png                  | 0.7982      | 0.6641      | 0.9882      | 0.6694      | 
| 62.png                   | 0.8882      | 0.7988      | 0.9944      | 0.8024      | 
| 621.png                  | 0.6498      | 0.4812      | 0.4930      | 0.9526      | 
| 622.png                  | 0.3551      | 0.2159      | 0.2168      | 0.9821      | 
| 628.png                  | 0.3540      | 0.2151      | 0.2151      | 0.9997      | 
| 63.png                   | 0.9559      | 0.9156      | 0.9984      | 0.9169      | 
| 631.png                  | 0.8939      | 0.8082      | 0.9993      | 0.8086      | 
| 632.png                  | 0.9744      | 0.9501      | 0.9929      | 0.9566      | 
| 635.png                  | 0.9136      | 0.8410      | 0.9732      | 0.8610      | 
| 636.png                  | 0.9686      | 0.9391      | 0.9782      | 0.9591      | 
| 637.png                  | 0.9611      | 0.9251      | 0.9889      | 0.9348      | 
| 638.png                  | 0.9092      | 0.8336      | 0.8638      | 0.9597      | 
| 64.png                   | 0.9199      | 0.8516      | 0.9915      | 0.8579      | 
| 642.png                  | 0.8206      | 0.6958      | 1.0000      | 0.6958      | 
| 643.png                  | 0.8944      | 0.8090      | 0.9754      | 0.8258      | 
| 644.png                  | 0.8548      | 0.7465      | 0.8147      | 0.8991      | 
| 645.png                  | 0.7828      | 0.6432      | 0.7025      | 0.8840      | 
| 646.png                  | 0.8188      | 0.6931      | 0.8337      | 0.8043      | 
| 647.png                  | 0.8728      | 0.7743      | 0.9391      | 0.8153      | 
| 649.png                  | 0.9232      | 0.8574      | 0.9624      | 0.8871      | 
| 65.png                   | 0.9403      | 0.8873      | 0.9859      | 0.8987      | 
| 650.png                  | 0.9621      | 0.9269      | 0.9841      | 0.9410      | 
| 651.png                  | 0.9635      | 0.9295      | 0.9759      | 0.9514      | 
| 652.png                  | 0.9693      | 0.9404      | 0.9743      | 0.9644      | 
| 66.png                   | 0.8693      | 0.7688      | 0.9868      | 0.7767      | 
| 673.png                  | 0.8470      | 0.7346      | 0.9773      | 0.7473      | 
| 674.png                  | 0.8991      | 0.8166      | 0.9463      | 0.8563      | 
| 7.png                    | 0.6114      | 0.4403      | 0.4855      | 0.8254      | 
| 713.png                  | 0.8704      | 0.7706      | 0.7977      | 0.9578      | 
| 714.png                  | 0.9487      | 0.9024      | 0.9200      | 0.9793      | 
| 736.png                  | 0.4054      | 0.2542      | 1.0000      | 0.2542      | 
| 743.png                  | 0.4170      | 0.2634      | 0.2640      | 0.9921      | 
| 744.png                  | 0.3682      | 0.2256      | 0.2258      | 0.9971      | 
| 753.png                  | 0.8667      | 0.7648      | 0.9448      | 0.8005      | 
| 754.png                  | 0.4679      | 0.3054      | 0.9829      | 0.3070      | 
| 755.png                  | 0.6062      | 0.4350      | 0.9981      | 0.4353      | 
| 756.png                  | 0.9108      | 0.8362      | 0.9968      | 0.8385      | 
| 765.png                  | 0.9355      | 0.8788      | 0.9576      | 0.9144      | 
| 772.png                  | 0.9192      | 0.8505      | 0.9768      | 0.8681      | 
| 786.png                  | 0.4013      | 0.2510      | 0.2702      | 0.7793      | 
| 787.png                  | 0.4285      | 0.2727      | 0.2731      | 0.9939      | 
| 788.png                  | 0.4483      | 0.2889      | 0.2891      | 0.9975      | 
| 789.png                  | 0.3918      | 0.2436      | 0.2481      | 0.9306      | 
| 79.png                   | 0.8713      | 0.7720      | 0.7879      | 0.9745      | 
| 796.png                  | 0.4273      | 0.2717      | 0.2717      | 1.0000      | 
| 8.png                    | 0.7928      | 0.6567      | 0.7848      | 0.8009      | 
| 802.png                  | 0.4510      | 0.2911      | 0.9930      | 0.2917      | 
| 816.png                  | 0.4102      | 0.2580      | 0.2580      | 1.0000      | 
| 819.png                  | 0.4244      | 0.2693      | 0.9912      | 0.2700      | 
| 82.png                   | 0.5464      | 0.3759      | 0.9943      | 0.3767      | 
| 820.png                  | 0.9030      | 0.8232      | 0.9809      | 0.8367      | 
| 822.png                  | 0.7685      | 0.6240      | 0.9783      | 0.6327      | 
| 823.png                  | 0.4189      | 0.2649      | 1.0000      | 0.2649      | 
| 826.png                  | 0.9185      | 0.8493      | 0.9918      | 0.8553      | 
| 827.png                  | 0.8412      | 0.7260      | 0.9982      | 0.7269      | 
| 829.png                  | 0.4329      | 0.2762      | 0.9426      | 0.2810      | 
| 83.png                   | 0.5836      | 0.4121      | 0.4893      | 0.7230      | 
| 830.png                  | 0.7069      | 0.5467      | 0.9853      | 0.5512      | 
| 831.png                  | 0.9003      | 0.8187      | 0.9945      | 0.8224      | 
| 832.png                  | 0.7873      | 0.6492      | 1.0000      | 0.6492      | 
| 833.png                  | 0.7220      | 0.5650      | 0.9984      | 0.5655      | 
| 843.png                  | 0.8952      | 0.8103      | 0.9560      | 0.8417      | 
| 846.png                  | 0.7968      | 0.6623      | 1.0000      | 0.6623      | 
| 847.png                  | 0.8830      | 0.7905      | 0.9541      | 0.8217      | 
| 848.png                  | 0.9248      | 0.8601      | 0.9354      | 0.9144      | 
| 851.png                  | 0.7770      | 0.6354      | 0.8938      | 0.6872      | 
| 852.png                  | 0.8822      | 0.7893      | 0.9959      | 0.7919      | 
| 853.png                  | 0.5560      | 0.3851      | 0.9590      | 0.3915      | 
| 854.png                  | 0.3920      | 0.2438      | 0.9755      | 0.2453      | 
| 860.png                  | 0.4830      | 0.3184      | 0.3195      | 0.9892      | 
| 861.png                  | 0.4854      | 0.3204      | 0.3204      | 1.0000      | 
| 862.png                  | 0.4379      | 0.2803      | 0.2983      | 0.8228      | 
| 868.png                  | 0.3533      | 0.2145      | 0.2175      | 0.9398      | 
| 870.png                  | 0.8018      | 0.6691      | 0.9020      | 0.7216      | 
| 872.png                  | 0.6938      | 0.5312      | 1.0000      | 0.5312      | 
| 904.png                  | 0.9366      | 0.8808      | 0.9222      | 0.9515      | 
| 909.png                  | 0.4385      | 0.2808      | 0.2822      | 0.9827      | 
| 918.png                  | 0.7781      | 0.6369      | 0.9445      | 0.6616      | 
| 92.png                   | 0.7684      | 0.6239      | 0.9695      | 0.6364      | 
| 920.png                  | 0.4965      | 0.3302      | 0.5804      | 0.4337      | 
| 922.png                  | 0.9628      | 0.9282      | 0.9699      | 0.9557      | 
| 923.png                  | 0.9627      | 0.9282      | 0.9817      | 0.9445      | 
| 924.png                  | 0.9432      | 0.8925      | 0.9923      | 0.8987      | 
| 925.png                  | 0.9173      | 0.8473      | 0.9810      | 0.8614      | 
| 926.png                  | 0.7414      | 0.5891      | 0.6335      | 0.8937      | 
| 927.png                  | 0.8340      | 0.7153      | 0.7710      | 0.9082      | 
| 928.png                  | 0.8485      | 0.7369      | 0.7738      | 0.9392      | 
| 929.png                  | 0.8877      | 0.7981      | 0.9310      | 0.8482      | 
| 930.png                  | 0.9278      | 0.8653      | 0.9346      | 0.9211      | 
| 931.png                  | 0.9291      | 0.8676      | 0.9318      | 0.9265      | 
| 932.png                  | 0.8954      | 0.8105      | 0.9945      | 0.8142      | 
| 933.png                  | 0.6971      | 0.5351      | 0.5582      | 0.9282      | 
| 934.png                  | 0.8336      | 0.7146      | 0.7300      | 0.9714      | 
| 935.png                  | 0.9561      | 0.9159      | 0.9863      | 0.9277      | 
| 936.png                  | 0.9655      | 0.9333      | 0.9857      | 0.9461      | 
| 937.png                  | 0.9594      | 0.9220      | 0.9935      | 0.9276      | 
| 938.png                  | 0.8225      | 0.6986      | 1.0000      | 0.6986      | 
| 94.png                   | 0.8505      | 0.7399      | 0.9748      | 0.7543      | 
| 947.png                  | 0.6122      | 0.4412      | 0.4564      | 0.9296      | 
| 948.png                  | 0.7623      | 0.6159      | 0.7331      | 0.7940      | 
| 949.png                  | 0.6427      | 0.4735      | 0.5502      | 0.7727      | 
| 95.png                   | 0.7882      | 0.6504      | 0.7457      | 0.8359      | 
| 950.png                  | 0.5059      | 0.3386      | 0.5196      | 0.4929      | 
| 951.png                  | 0.6616      | 0.4943      | 0.8566      | 0.5389      | 
| 965.png                  | 0.8964      | 0.8123      | 0.9008      | 0.8921      | 
| 966.png                  | 0.7685      | 0.6241      | 0.6740      | 0.8938      | 
| 967.png                  | 0.8853      | 0.7941      | 0.8537      | 0.9192      | 
| 968.png                  | 0.7749      | 0.6325      | 0.7270      | 0.8294      | 
| 969.png                  | 0.8216      | 0.6972      | 0.7614      | 0.8921      | 
| 97.png                   | 0.8927      | 0.8062      | 0.9672      | 0.8289      | 
| 970.png                  | 0.9133      | 0.8404      | 0.9027      | 0.9242      | 
| 971.png                  | 0.8969      | 0.8130      | 0.9790      | 0.8274      | 
| 972.png                  | 0.6989      | 0.5371      | 0.6804      | 0.7184      | 
| 973.png                  | 0.6159      | 0.4449      | 1.0000      | 0.4449      | 
| 975.png                  | 0.6886      | 0.5251      | 0.9724      | 0.5331      | 
| 977.png                  | 0.5609      | 0.3897      | 0.5256      | 0.6012      | 
| 978.png                  | 0.8424      | 0.7277      | 0.9073      | 0.7862      | 
| 982.png                  | 0.7269      | 0.5710      | 0.5957      | 0.9322      | 
| 990.png                  | 0.4209      | 0.2665      | 0.2761      | 0.8849      | 
| 991.png                  | 0.9321      | 0.8728      | 0.9738      | 0.8937      | 
| 992.png                  | 0.9374      | 0.8822      | 0.9840      | 0.8950      | 
| 993.png                  | 0.8873      | 0.7974      | 0.9959      | 0.8000      | 
| 994.png                  | 0.8971      | 0.8134      | 0.9479      | 0.8515      | 
| 995.png                  | 0.9502      | 0.9051      | 0.9758      | 0.9259      | 
| 996.png                  | 0.8993      | 0.8171      | 0.9889      | 0.8247      | 
| 997.png                  | 0.7799      | 0.6392      | 0.9624      | 0.6556      | 
| 998.png                  | 0.7400      | 0.5873      | 0.7053      | 0.7782      | 
| 999.png                  | 0.4167      | 0.2632      | 0.2721      | 0.8901      | 
------------------------------------------------------------------------------------
| MEAN                     | 0.7688      | 0.6533      | 0.8298      | 0.7886      | 
====================================================================================
