
==================== BANG DANH GIA MASK ====================
------------------------------------------------------------------------------------
| File                     | Dice        | IoU         | Precision   | Recall      |
------------------------------------------------------------------------------------
| 1.png                    | 0.8872      | 0.7973      | 0.9301      | 0.8481      |
| 10.png                   | 0.8396      | 0.7235      | 1.0000      | 0.7235      |
| 100.png                  | 0.6378      | 0.4682      | 0.5255      | 0.8113      |
| 1000.png                 | 0.7723      | 0.6291      | 0.6584      | 0.9339      |
| 1001.png                 | 0.7999      | 0.6665      | 0.7352      | 0.8771      |
| 1002.png                 | 0.8659      | 0.7636      | 0.9944      | 0.7669      |
| 1003.png                 | 0.8123      | 0.6839      | 0.7994      | 0.8256      |
| 1004.png                 | 0.8151      | 0.6879      | 0.7703      | 0.8655      |
| 1005.png                 | 0.8909      | 0.8033      | 0.9613      | 0.8302      |
| 1006.png                 | 0.4024      | 0.2519      | 0.2641      | 0.8449      |
| 1007.png                 | 0.7811      | 0.6408      | 0.6838      | 0.9107      |
| 1008.png                 | 0.8970      | 0.8133      | 0.9128      | 0.8818      |
| 1009.png                 | 0.8673      | 0.7657      | 0.9743      | 0.7815      |
| 101.png                  | 0.5503      | 0.3796      | 0.3999      | 0.8821      |
| 1010.png                 | 0.7827      | 0.6429      | 0.7344      | 0.8377      |
| 1011.png                 | 0.7780      | 0.6367      | 0.7235      | 0.8414      |
| 1012.png                 | 0.7000      | 0.5385      | 0.7073      | 0.6929      |
| 1013.png                 | 0.5277      | 0.3584      | 0.3755      | 0.8872      |
| 1017.png                 | 0.6737      | 0.5080      | 0.5181      | 0.9631      |
| 1018.png                 | 0.8483      | 0.7366      | 1.0000      | 0.7366      |
| 1019.png                 | 0.9615      | 0.9258      | 0.9952      | 0.9299      |
| 102.png                  | 0.8916      | 0.8045      | 0.8687      | 0.9158      |
| 1020.png                 | 0.9453      | 0.8962      | 0.9770      | 0.9155      |
| 1021.png                 | 0.8871      | 0.7972      | 0.8649      | 0.9105      |
| 1022.png                 | 0.8568      | 0.7495      | 0.7531      | 0.9936      |
| 1023.png                 | 0.9167      | 0.8462      | 0.9800      | 0.8611      |
| 1024.png                 | 0.7839      | 0.6446      | 0.8537      | 0.7247      |
| 1025.png                 | 0.8205      | 0.6956      | 0.7267      | 0.9421      |
| 1026.png                 | 0.6015      | 0.4301      | 0.4420      | 0.9409      |
| 1027.png                 | 0.5329      | 0.3633      | 0.3719      | 0.9402      |
| 103.png                  | 0.8932      | 0.8071      | 0.9734      | 0.8253      |
| 1032.png                 | 0.4587      | 0.2976      | 0.3071      | 0.9059      |
| 1033.png                 | 0.4170      | 0.2635      | 0.2752      | 0.8609      |
| 1035.png                 | 0.9280      | 0.8657      | 0.9748      | 0.8855      |
| 1036.png                 | 0.9139      | 0.8415      | 0.9730      | 0.8616      |
| 1037.png                 | 0.9296      | 0.8684      | 0.9821      | 0.8824      |
| 1038.png                 | 0.9131      | 0.8401      | 0.9348      | 0.8924      |
| 1039.png                 | 0.9181      | 0.8486      | 0.9612      | 0.8787      |
| 1040.png                 | 0.8510      | 0.7406      | 0.9068      | 0.8016      |
| 1041.png                 | 0.8346      | 0.7162      | 0.9960      | 0.7183      |
| 1042.png                 | 0.7724      | 0.6292      | 0.8839      | 0.6858      |
| 1043.png                 | 0.8821      | 0.7891      | 0.9095      | 0.8563      |
| 1045.png                 | 0.9158      | 0.8447      | 0.9685      | 0.8686      |
| 1046.png                 | 0.6157      | 0.4448      | 0.5045      | 0.7900      |
| 1047.png                 | 0.8266      | 0.7044      | 0.9564      | 0.7278      |
| 1048.png                 | 0.9409      | 0.8885      | 0.9929      | 0.8942      |
| 1049.png                 | 0.9208      | 0.8531      | 0.9510      | 0.8924      |
| 105.png                  | 0.8576      | 0.7506      | 0.9969      | 0.7524      |
| 1050.png                 | 0.9158      | 0.8446      | 0.9746      | 0.8636      |
| 1051.png                 | 0.9263      | 0.8627      | 0.9954      | 0.8661      |
| 1052.png                 | 0.8943      | 0.8088      | 0.9916      | 0.8144      |
| 1053.png                 | 0.7857      | 0.6470      | 0.9033      | 0.6952      |
| 1054.png                 | 0.4345      | 0.2776      | 0.3335      | 0.6233      |
| 1055.png                 | 0.6273      | 0.4570      | 0.7292      | 0.5504      |
| 1056.png                 | 0.6503      | 0.4818      | 0.9729      | 0.4884      |
| 1057.png                 | 0.7156      | 0.5571      | 0.6500      | 0.7959      |
| 1058.png                 | 0.6101      | 0.4390      | 0.5218      | 0.7345      |
| 1061.png                 | 0.6854      | 0.5214      | 0.5720      | 0.8549      |
| 1062.png                 | 0.7359      | 0.5821      | 0.7935      | 0.6861      |
| 1063.png                 | 0.6638      | 0.4967      | 0.5949      | 0.7507      |
| 1066.png                 | 0.3504      | 0.2124      | 0.9379      | 0.2154      |
| 1070.png                 | 0.7130      | 0.5540      | 0.9876      | 0.5579      |
| 1071.png                 | 0.6931      | 0.5303      | 1.0000      | 0.5303      |
| 1072.png                 | 0.6250      | 0.4545      | 1.0000      | 0.4545      |
| 1075.png                 | 0.4501      | 0.2904      | 1.0000      | 0.2904      |
| 1076.png                 | 0.3795      | 0.2342      | 1.0000      | 0.2342      |
| 1087.png                 | 0.6880      | 0.5244      | 0.9603      | 0.5361      |
| 1089.png                 | 0.7126      | 0.5535      | 0.9704      | 0.5630      |
| 109.png                  | 0.8766      | 0.7804      | 0.9929      | 0.7847      |
| 1090.png                 | 0.7641      | 0.6182      | 0.9781      | 0.6269      |
| 1091.png                 | 0.6968      | 0.5346      | 0.9819      | 0.5400      |
| 1092.png                 | 0.8670      | 0.7653      | 0.9718      | 0.7826      |
| 1094.png                 | 0.5362      | 0.3663      | 0.9386      | 0.3753      |
| 1095.png                 | 0.6367      | 0.4671      | 1.0000      | 0.4671      |
| 1096.png                 | 0.6478      | 0.4791      | 0.9958      | 0.4800      |
| 1097.png                 | 0.8079      | 0.6777      | 0.9007      | 0.7324      |
| 1098.png                 | 0.7299      | 0.5747      | 0.7469      | 0.7137      |
| 1099.png                 | 0.4048      | 0.2538      | 0.2670      | 0.8368      |
| 11.png                   | 0.9462      | 0.8979      | 0.9958      | 0.9013      |
| 1100.png                 | 0.6191      | 0.4483      | 0.9978      | 0.4488      |
| 1101.png                 | 0.6422      | 0.4729      | 0.9304      | 0.4903      |
| 1102.png                 | 0.6405      | 0.4711      | 0.9952      | 0.4722      |
| 1103.png                 | 0.5091      | 0.3414      | 0.8399      | 0.3652      |
| 1104.png                 | 0.3841      | 0.2377      | 1.0000      | 0.2377      |
| 1105.png                 | 0.4734      | 0.3101      | 0.9927      | 0.3108      |
| 1106.png                 | 0.6799      | 0.5150      | 0.9903      | 0.5177      |
| 1107.png                 | 0.7288      | 0.5733      | 0.9958      | 0.5747      |
| 1108.png                 | 0.7047      | 0.5441      | 0.8875      | 0.5844      |
| 1110.png                 | 0.7453      | 0.5940      | 0.9992      | 0.5943      |
| 1111.png                 | 0.7732      | 0.6303      | 0.9878      | 0.6352      |
| 1114.png                 | 0.8151      | 0.6879      | 0.7210      | 0.9373      |
| 1118.png                 | 0.3592      | 0.2189      | 0.7018      | 0.2414      |
| 112.png                  | 0.8635      | 0.7597      | 0.9194      | 0.8139      |
| 1122.png                 | 0.9196      | 0.8511      | 0.9680      | 0.8758      |
| 1123.png                 | 0.8467      | 0.7341      | 0.8764      | 0.8189      |
| 1125.png                 | 0.7485      | 0.5980      | 0.6512      | 0.8800      |
| 1126.png                 | 0.7549      | 0.6064      | 0.6288      | 0.9443      |
| 1127.png                 | 0.7654      | 0.6200      | 0.6535      | 0.9236      |
| 1129.png                 | 0.7861      | 0.6475      | 0.9987      | 0.6481      |
| 113.png                  | 0.9086      | 0.8326      | 0.9924      | 0.8379      |
| 1130.png                 | 0.9265      | 0.8631      | 0.9765      | 0.8814      |
| 1131.png                 | 0.9279      | 0.8655      | 0.9914      | 0.8720      |
| 1132.png                 | 0.9364      | 0.8803      | 0.9633      | 0.9109      |
| 1133.png                 | 0.7474      | 0.5967      | 0.7677      | 0.7281      |
| 1134.png                 | 0.8436      | 0.7295      | 0.9804      | 0.7403      |
| 1135.png                 | 0.8777      | 0.7821      | 0.8411      | 0.9177      |
| 1136.png                 | 0.8491      | 0.7378      | 0.7760      | 0.9373      |
| 1137.png                 | 0.8761      | 0.7795      | 0.9668      | 0.8009      |
| 1138.png                 | 0.3717      | 0.2283      | 0.2878      | 0.5246      |
| 114.png                  | 0.9239      | 0.8586      | 0.9817      | 0.8725      |
| 1140.png                 | 0.7553      | 0.6069      | 0.8780      | 0.6628      |
| 1141.png                 | 0.7679      | 0.6233      | 0.8477      | 0.7019      |
| 1142.png                 | 0.8116      | 0.6829      | 0.8519      | 0.7749      |
| 1143.png                 | 0.7144      | 0.5557      | 0.9704      | 0.5653      |
| 1144.png                 | 0.8053      | 0.6741      | 0.8040      | 0.8067      |
| 1145.png                 | 0.8309      | 0.7108      | 0.8067      | 0.8567      |
| 1146.png                 | 0.9106      | 0.8358      | 0.9876      | 0.8447      |
| 1147.png                 | 0.8356      | 0.7177      | 0.9304      | 0.7584      |
| 1148.png                 | 0.4162      | 0.2628      | 0.9762      | 0.2645      |
| 1149.png                 | 0.5108      | 0.3430      | 0.9905      | 0.3441      |
| 115.png                  | 0.9094      | 0.8339      | 1.0000      | 0.8339      |
| 1151.png                 | 0.6657      | 0.4990      | 0.6664      | 0.6651      |
| 1152.png                 | 0.4028      | 0.2522      | 0.2789      | 0.7245      |
| 1154.png                 | 0.9164      | 0.8458      | 0.9224      | 0.9105      |
| 1155.png                 | 0.4742      | 0.3108      | 0.3163      | 0.9476      |
| 1156.png                 | 0.6027      | 0.4313      | 0.4765      | 0.8197      |
| 1157.png                 | 0.9195      | 0.8510      | 0.9606      | 0.8817      |
| 1158.png                 | 0.8812      | 0.7876      | 0.9915      | 0.7930      |
| 1159.png                 | 0.8967      | 0.8128      | 0.9907      | 0.8190      |
| 116.png                  | 0.8781      | 0.7826      | 0.9938      | 0.7864      |
| 1160.png                 | 0.8606      | 0.7553      | 0.8225      | 0.9023      |
| 1161.png                 | 0.8444      | 0.7308      | 0.8557      | 0.8335      |
| 1162.png                 | 0.8331      | 0.7139      | 0.9891      | 0.7195      |
| 1163.png                 | 0.8783      | 0.7831      | 0.8798      | 0.8769      |
| 1169.png                 | 0.9271      | 0.8641      | 0.9591      | 0.8972      |
| 117.png                  | 0.4833      | 0.3187      | 0.9615      | 0.3228      |
| 1170.png                 | 0.9560      | 0.9157      | 0.9652      | 0.9470      |
| 1171.png                 | 0.9403      | 0.8873      | 0.9822      | 0.9018      |
| 1172.png                 | 0.9466      | 0.8986      | 0.9803      | 0.9151      |
| 1173.png                 | 0.9651      | 0.9326      | 0.9944      | 0.9375      |
| 1174.png                 | 0.9569      | 0.9173      | 0.9879      | 0.9277      |
| 1175.png                 | 0.8160      | 0.6892      | 0.7592      | 0.8821      |
| 1176.png                 | 0.8010      | 0.6681      | 0.9564      | 0.6891      |
| 1177.png                 | 0.6687      | 0.5023      | 0.5357      | 0.8897      |
| 1178.png                 | 0.7302      | 0.5750      | 0.6081      | 0.9137      |
| 1179.png                 | 0.7512      | 0.6015      | 0.6452      | 0.8990      |
| 118.png                  | 0.9085      | 0.8323      | 0.9953      | 0.8356      |
| 1180.png                 | 0.6856      | 0.5216      | 0.5484      | 0.9143      |
| 1182.png                 | 0.4144      | 0.2613      | 0.2777      | 0.8156      |
| 1183.png                 | 0.7635      | 0.6174      | 0.6790      | 0.8720      |
| 1184.png                 | 0.7855      | 0.6467      | 0.6669      | 0.9554      |
| 1185.png                 | 0.8734      | 0.7752      | 0.8422      | 0.9068      |
| 1186.png                 | 0.9241      | 0.8590      | 0.9786      | 0.8754      |
| 1187.png                 | 0.7776      | 0.6362      | 0.6824      | 0.9037      |
| 1188.png                 | 0.6197      | 0.4490      | 0.5305      | 0.7451      |
| 1194.png                 | 0.6618      | 0.4945      | 0.5658      | 0.7969      |
| 1195.png                 | 0.5811      | 0.4095      | 0.4841      | 0.7267      |
| 1197.png                 | 0.5393      | 0.3692      | 0.3945      | 0.8519      |
| 12.png                   | 0.9659      | 0.9340      | 0.9826      | 0.9497      |
| 1202.png                 | 0.3646      | 0.2229      | 0.2627      | 0.5956      |
| 1205.png                 | 0.8627      | 0.7585      | 1.0000      | 0.7585      |
| 1219.png                 | 0.6448      | 0.4758      | 0.5302      | 0.8227      |
| 1220.png                 | 0.8629      | 0.7589      | 0.9445      | 0.7943      |
| 1221.png                 | 0.8319      | 0.7121      | 0.9479      | 0.7411      |
| 1222.png                 | 0.8139      | 0.6863      | 0.8954      | 0.7461      |
| 1223.png                 | 0.7809      | 0.6406      | 0.9291      | 0.6736      |
| 1224.png                 | 0.4705      | 0.3076      | 0.3468      | 0.7314      |
| 1225.png                 | 0.4886      | 0.3233      | 0.9189      | 0.3328      |
| 1226.png                 | 0.7970      | 0.6625      | 0.9657      | 0.6785      |
| 1227.png                 | 0.7833      | 0.6438      | 0.7741      | 0.7927      |
| 1228.png                 | 0.3732      | 0.2294      | 0.2505      | 0.7314      |
| 1230.png                 | 0.7098      | 0.5501      | 0.8160      | 0.6280      |
| 1236.png                 | 0.4635      | 0.3016      | 0.3243      | 0.8119      |
| 124.png                  | 0.9123      | 0.8387      | 0.9916      | 0.8447      |
| 1244.png                 | 0.9057      | 0.8277      | 0.8886      | 0.9235      |
| 1245.png                 | 0.8229      | 0.6991      | 0.7320      | 0.9397      |
| 1246.png                 | 0.8981      | 0.8150      | 0.8434      | 0.9604      |
| 1247.png                 | 0.8924      | 0.8057      | 0.8621      | 0.9249      |
| 1248.png                 | 0.9184      | 0.8490      | 0.8835      | 0.9561      |
| 1249.png                 | 0.9003      | 0.8187      | 0.8404      | 0.9694      |
| 1250.png                 | 0.9139      | 0.8415      | 0.8756      | 0.9557      |
| 1251.png                 | 0.6287      | 0.4585      | 0.4819      | 0.9042      |
| 1252.png                 | 0.6843      | 0.5200      | 0.5407      | 0.9316      |
| 1253.png                 | 0.6935      | 0.5308      | 0.5642      | 0.8995      |
| 1254.png                 | 0.6046      | 0.4333      | 0.4524      | 0.9111      |
| 1255.png                 | 0.4532      | 0.2930      | 0.3055      | 0.8771      |
| 1256.png                 | 0.5629      | 0.3917      | 0.4192      | 0.8567      |
| 1257.png                 | 0.5804      | 0.4089      | 0.4319      | 0.8844      |
| 1258.png                 | 0.6394      | 0.4700      | 0.5111      | 0.8537      |
| 1259.png                 | 0.5732      | 0.4018      | 0.4135      | 0.9338      |
| 1260.png                 | 0.6249      | 0.4544      | 0.4793      | 0.8977      |
| 1261.png                 | 0.8549      | 0.7466      | 0.8308      | 0.8805      |
| 1262.png                 | 0.8802      | 0.7860      | 0.8247      | 0.9437      |
| 1264.png                 | 0.8937      | 0.8078      | 0.9674      | 0.8305      |
| 1265.png                 | 0.4075      | 0.2559      | 0.2656      | 0.8749      |
| 1266.png                 | 0.8466      | 0.7339      | 0.9639      | 0.7547      |
| 1273.png                 | 0.5111      | 0.3433      | 0.3507      | 0.9421      |
| 1274.png                 | 0.7201      | 0.5627      | 0.5855      | 0.9352      |
| 1276.png                 | 0.9450      | 0.8958      | 0.9977      | 0.8976      |
| 1277.png                 | 0.9175      | 0.8476      | 0.9966      | 0.8501      |
| 1278.png                 | 0.9289      | 0.8672      | 0.9922      | 0.8732      |
| 1281.png                 | 0.4293      | 0.2733      | 0.9948      | 0.2737      |
| 1282.png                 | 0.4765      | 0.3127      | 0.8852      | 0.3259      |
| 1285.png                 | 0.5755      | 0.4040      | 0.4177      | 0.9249      |
| 1286.png                 | 0.6944      | 0.5319      | 0.5497      | 0.9427      |
| 1287.png                 | 0.7232      | 0.5665      | 0.9703      | 0.5765      |
| 1289.png                 | 0.3757      | 0.2313      | 0.2423      | 0.8365      |
| 1291.png                 | 0.7314      | 0.5766      | 0.6348      | 0.8628      |
| 1293.png                 | 0.7823      | 0.6424      | 0.6712      | 0.9373      |
| 1294.png                 | 0.8688      | 0.7680      | 0.9207      | 0.8223      |
| 1296.png                 | 0.7336      | 0.5793      | 0.7438      | 0.7237      |
| 1297.png                 | 0.6630      | 0.4959      | 0.8017      | 0.5652      |
| 1298.png                 | 0.6285      | 0.4583      | 0.7390      | 0.5468      |
| 1299.png                 | 0.7198      | 0.5622      | 1.0000      | 0.5622      |
| 13.png                   | 0.9613      | 0.9255      | 0.9897      | 0.9345      |
| 1300.png                 | 0.8894      | 0.8009      | 1.0000      | 0.8009      |
| 1302.png                 | 0.7614      | 0.6147      | 0.6259      | 0.9715      |
| 1303.png                 | 0.8716      | 0.7725      | 0.8195      | 0.9308      |
| 1304.png                 | 0.4397      | 0.2818      | 0.5522      | 0.3653      |
| 1305.png                 | 0.4147      | 0.2616      | 0.8955      | 0.2698      |
| 1307.png                 | 0.9119      | 0.8382      | 0.9056      | 0.9184      |
| 1308.png                 | 0.9030      | 0.8231      | 0.9520      | 0.8588      |
| 1309.png                 | 0.9023      | 0.8220      | 0.8684      | 0.9389      |
| 1310.png                 | 0.4761      | 0.3124      | 0.3281      | 0.8673      |
| 1311.png                 | 0.8510      | 0.7407      | 0.8075      | 0.8995      |
| 1312.png                 | 0.7838      | 0.6444      | 0.6918      | 0.9039      |
| 1313.png                 | 0.9341      | 0.8763      | 0.9727      | 0.8984      |
| 1314.png                 | 0.9221      | 0.8555      | 0.9384      | 0.9064      |
| 1315.png                 | 0.9227      | 0.8565      | 0.9935      | 0.8613      |
| 1317.png                 | 0.3605      | 0.2199      | 0.2245      | 0.9145      |
| 1318.png                 | 0.7826      | 0.6428      | 0.6793      | 0.9228      |
| 1319.png                 | 0.9060      | 0.8282      | 0.8851      | 0.9279      |
| 132.png                  | 0.8341      | 0.7154      | 0.9942      | 0.7184      |
| 1320.png                 | 0.8736      | 0.7755      | 0.8490      | 0.8996      |
| 1321.png                 | 0.7767      | 0.6349      | 1.0000      | 0.6349      |
| 1322.png                 | 0.7351      | 0.5812      | 1.0000      | 0.5812      |
| 1323.png                 | 0.8169      | 0.6905      | 0.7398      | 0.9119      |
| 1324.png                 | 0.8520      | 0.7422      | 1.0000      | 0.7422      |
| 1325.png                 | 0.7882      | 0.6504      | 0.9887      | 0.6552      |
| 1326.png                 | 0.8052      | 0.6740      | 0.8405      | 0.7728      |
| 1327.png                 | 0.9327      | 0.8740      | 0.9547      | 0.9118      |
| 1328.png                 | 0.9266      | 0.8632      | 0.9759      | 0.8820      |
| 1329.png                 | 0.8146      | 0.6872      | 0.9970      | 0.6886      |
| 133.png                  | 0.9314      | 0.8716      | 0.9990      | 0.8724      |
| 1330.png                 | 0.6629      | 0.4958      | 0.5844      | 0.7659      |
| 1333.png                 | 0.6522      | 0.4839      | 0.6784      | 0.6279      |
| 1334.png                 | 0.6536      | 0.4855      | 0.9941      | 0.4869      |
| 1335.png                 | 0.8523      | 0.7426      | 1.0000      | 0.7426      |
| 1337.png                 | 0.8958      | 0.8113      | 0.9850      | 0.8214      |
| 134.png                  | 0.9437      | 0.8935      | 0.9818      | 0.9085      |
| 1345.png                 | 0.8504      | 0.7398      | 0.9910      | 0.7448      |
| 1348.png                 | 0.7159      | 0.5575      | 0.5724      | 0.9554      |
| 1349.png                 | 0.8401      | 0.7243      | 0.9936      | 0.7277      |
| 1350.png                 | 0.8618      | 0.7572      | 0.9362      | 0.7984      |
| 1353.png                 | 0.5667      | 0.3954      | 0.3975      | 0.9864      |
| 1354.png                 | 0.8861      | 0.7956      | 0.8196      | 0.9645      |
| 1355.png                 | 0.8921      | 0.8052      | 0.8627      | 0.9237      |
| 1356.png                 | 0.9590      | 0.9213      | 0.9655      | 0.9527      |
| 1357.png                 | 0.9657      | 0.9338      | 0.9647      | 0.9668      |
| 1358.png                 | 0.9541      | 0.9122      | 0.9656      | 0.9428      |
| 1359.png                 | 0.9316      | 0.8719      | 0.9562      | 0.9082      |
| 1370.png                 | 0.8145      | 0.6871      | 0.7268      | 0.9264      |
| 1371.png                 | 0.8185      | 0.6927      | 0.7408      | 0.9143      |
| 1372.png                 | 0.9323      | 0.8732      | 0.9009      | 0.9660      |
| 1373.png                 | 0.9080      | 0.8315      | 0.9243      | 0.8923      |
| 1374.png                 | 0.8213      | 0.6969      | 0.7401      | 0.9227      |
| 1375.png                 | 0.7012      | 0.5399      | 0.5744      | 0.9000      |
| 1376.png                 | 0.7852      | 0.6464      | 0.6970      | 0.8991      |
| 1377.png                 | 0.7957      | 0.6607      | 0.9109      | 0.7063      |
| 1378.png                 | 0.6674      | 0.5008      | 0.5787      | 0.7881      |
| 1379.png                 | 0.8116      | 0.6829      | 0.8166      | 0.8066      |
| 1380.png                 | 0.5165      | 0.3482      | 0.3882      | 0.7713      |
| 1381.png                 | 0.7708      | 0.6271      | 0.6681      | 0.9107      |
| 1382.png                 | 0.7133      | 0.5544      | 0.9416      | 0.5741      |
| 1389.png                 | 0.7770      | 0.6353      | 0.7792      | 0.7748      |
| 139.png                  | 0.9404      | 0.8875      | 0.9861      | 0.8987      |
| 1390.png                 | 0.9023      | 0.8219      | 0.9873      | 0.8307      |
| 1397.png                 | 0.5569      | 0.3859      | 0.7709      | 0.4358      |
| 14.png                   | 0.9565      | 0.9166      | 0.9889      | 0.9261      |
| 140.png                  | 0.9360      | 0.8797      | 0.9831      | 0.8933      |
| 1405.png                 | 0.7723      | 0.6290      | 0.6663      | 0.9182      |
| 1406.png                 | 0.7535      | 0.6045      | 0.6524      | 0.8916      |
| 1407.png                 | 0.8333      | 0.7142      | 0.8520      | 0.8153      |
| 1409.png                 | 0.8987      | 0.8160      | 0.9186      | 0.8796      |
| 1410.png                 | 0.9008      | 0.8196      | 0.8844      | 0.9179      |
| 1411.png                 | 0.8806      | 0.7866      | 0.8587      | 0.9035      |
| 1412.png                 | 0.8071      | 0.6765      | 0.9964      | 0.6782      |
| 1414.png                 | 0.8077      | 0.6775      | 0.7361      | 0.8949      |
| 1415.png                 | 0.8745      | 0.7770      | 0.9218      | 0.8318      |
| 1416.png                 | 0.8851      | 0.7939      | 0.8891      | 0.8811      |
| 1417.png                 | 0.8634      | 0.7596      | 0.9148      | 0.8174      |
| 1418.png                 | 0.9225      | 0.8561      | 0.9797      | 0.8715      |
| 1419.png                 | 0.8861      | 0.7956      | 0.9314      | 0.8451      |
| 142.png                  | 0.8799      | 0.7856      | 0.9984      | 0.7866      |
| 1420.png                 | 0.8091      | 0.6795      | 0.9835      | 0.6873      |
| 1422.png                 | 0.7624      | 0.6161      | 0.6590      | 0.9042      |
| 1424.png                 | 0.7693      | 0.6251      | 0.6672      | 0.9084      |
| 1426.png                 | 0.8733      | 0.7751      | 0.8203      | 0.9336      |
| 1427.png                 | 0.8908      | 0.8032      | 0.9832      | 0.8144      |
| 1428.png                 | 0.9306      | 0.8702      | 0.9897      | 0.8782      |
| 1429.png                 | 0.9210      | 0.8536      | 0.9498      | 0.8940      |
| 143.png                  | 0.9125      | 0.8391      | 0.9987      | 0.8401      |
| 1432.png                 | 0.8605      | 0.7551      | 0.8546      | 0.8664      |
| 1433.png                 | 0.9081      | 0.8317      | 0.9336      | 0.8840      |
| 1435.png                 | 0.5221      | 0.3533      | 0.3566      | 0.9743      |
| 1436.png                 | 0.8598      | 0.7540      | 0.7836      | 0.9523      |
| 1437.png                 | 0.8691      | 0.7684      | 0.7963      | 0.9565      |
| 1438.png                 | 0.9224      | 0.8560      | 0.9506      | 0.8958      |
| 1439.png                 | 0.9098      | 0.8345      | 0.9924      | 0.8398      |
| 1442.png                 | 0.8556      | 0.7476      | 0.8251      | 0.8884      |
| 1443.png                 | 0.8828      | 0.7902      | 0.8934      | 0.8724      |
| 1444.png                 | 0.9171      | 0.8469      | 0.9209      | 0.9134      |
| 1445.png                 | 0.9711      | 0.9438      | 0.9925      | 0.9506      |
| 1446.png                 | 0.9314      | 0.8715      | 0.9650      | 0.9000      |
| 1450.png                 | 0.8660      | 0.7636      | 0.7794      | 0.9742      |
| 1451.png                 | 0.7613      | 0.6146      | 0.6348      | 0.9507      |
| 1452.png                 | 0.8438      | 0.7298      | 0.7717      | 0.9307      |
| 1453.png                 | 0.9085      | 0.8324      | 0.9414      | 0.8779      |
| 1454.png                 | 0.9093      | 0.8338      | 0.9990      | 0.8344      |
| 1455.png                 | 0.6711      | 0.5051      | 0.9921      | 0.5071      |
| 1456.png                 | 0.7567      | 0.6086      | 0.7244      | 0.7920      |
| 1457.png                 | 0.9188      | 0.8498      | 0.9381      | 0.9002      |
| 1458.png                 | 0.9006      | 0.8191      | 0.8578      | 0.9478      |
| 1460.png                 | 0.7703      | 0.6264      | 0.9658      | 0.6406      |
| 1461.png                 | 0.3761      | 0.2316      | 0.2466      | 0.7925      |
| 1462.png                 | 0.8538      | 0.7449      | 0.7530      | 0.9858      |
| 1469.png                 | 0.8897      | 0.8014      | 0.9531      | 0.8343      |
| 147.png                  | 0.3521      | 0.2136      | 0.2140      | 0.9927      |
| 1470.png                 | 0.8817      | 0.7884      | 0.8882      | 0.8752      |
| 1472.png                 | 0.7979      | 0.6638      | 0.7615      | 0.8379      |
| 1473.png                 | 0.6811      | 0.5164      | 0.5577      | 0.8747      |
| 1474.png                 | 0.8257      | 0.7032      | 0.7425      | 0.9299      |
| 1476.png                 | 0.8798      | 0.7855      | 0.8166      | 0.9537      |
| 1477.png                 | 0.7494      | 0.5992      | 0.6247      | 0.9363      |
| 1478.png                 | 0.8259      | 0.7035      | 0.7320      | 0.9474      |
| 1479.png                 | 0.6511      | 0.4827      | 0.5349      | 0.8319      |
| 1480.png                 | 0.5264      | 0.3572      | 0.8829      | 0.3750      |
| 1481.png                 | 0.8194      | 0.6941      | 0.7874      | 0.8541      |
| 1482.png                 | 0.7753      | 0.6330      | 0.9427      | 0.6583      |
| 1484.png                 | 0.8744      | 0.7768      | 0.8068      | 0.9543      |
| 1485.png                 | 0.8728      | 0.7743      | 0.9001      | 0.8471      |
| 1486.png                 | 0.8036      | 0.6717      | 0.8809      | 0.7387      |
| 1487.png                 | 0.7670      | 0.6221      | 0.9421      | 0.6468      |
| 1488.png                 | 0.7317      | 0.5769      | 0.8534      | 0.6404      |
| 1490.png                 | 0.6968      | 0.5346      | 0.7201      | 0.6749      |
| 1491.png                 | 0.7887      | 0.6511      | 0.7019      | 0.9000      |
| 1492.png                 | 0.8472      | 0.7349      | 0.7786      | 0.9291      |
| 1496.png                 | 0.5784      | 0.4069      | 0.9170      | 0.4224      |
| 1498.png                 | 0.4522      | 0.2921      | 0.9578      | 0.2959      |
| 1499.png                 | 0.8348      | 0.7165      | 0.7960      | 0.8776      |
| 15.png                   | 0.8991      | 0.8167      | 0.9729      | 0.8356      |
| 1500.png                 | 0.9415      | 0.8894      | 0.9331      | 0.9500      |
| 1501.png                 | 0.9102      | 0.8351      | 0.8748      | 0.9485      |
| 1503.png                 | 0.7717      | 0.6283      | 0.6495      | 0.9505      |
| 1506.png                 | 0.5560      | 0.3850      | 0.3982      | 0.9210      |
| 1507.png                 | 0.9181      | 0.8486      | 0.9346      | 0.9022      |
| 1508.png                 | 0.9067      | 0.8294      | 0.8666      | 0.9507      |
| 1509.png                 | 0.9384      | 0.8839      | 0.9472      | 0.9298      |
| 1510.png                 | 0.5155      | 0.3472      | 0.3816      | 0.7942      |
| 1511.png                 | 0.7545      | 0.6057      | 0.8901      | 0.6547      |
| 1512.png                 | 0.8456      | 0.7325      | 0.7928      | 0.9059      |
| 1513.png                 | 0.9052      | 0.8269      | 0.9314      | 0.8805      |
| 1514.png                 | 0.4283      | 0.2725      | 0.9490      | 0.2766      |
| 1516.png                 | 0.8978      | 0.8145      | 0.9438      | 0.8560      |
| 1517.png                 | 0.9381      | 0.8834      | 0.9617      | 0.9156      |
| 1518.png                 | 0.9340      | 0.8761      | 0.9483      | 0.9201      |
| 1519.png                 | 0.8980      | 0.8149      | 0.8396      | 0.9651      |
| 1520.png                 | 0.8418      | 0.7268      | 0.9903      | 0.7320      |
| 1523.png                 | 0.5296      | 0.3601      | 0.8225      | 0.3905      |
| 1525.png                 | 0.5532      | 0.3823      | 0.5786      | 0.5299      |
| 1527.png                 | 0.7231      | 0.5663      | 0.8284      | 0.6416      |
| 1533.png                 | 0.7978      | 0.6637      | 0.8967      | 0.7186      |
| 1534.png                 | 0.8947      | 0.8095      | 0.8715      | 0.9192      |
| 1535.png                 | 0.9284      | 0.8664      | 0.9759      | 0.8853      |
| 1536.png                 | 0.8780      | 0.7825      | 0.8893      | 0.8669      |
| 1538.png                 | 0.4375      | 0.2800      | 0.9913      | 0.2807      |
| 1539.png                 | 0.9479      | 0.9009      | 0.9455      | 0.9502      |
| 154.png                  | 0.9340      | 0.8762      | 0.9462      | 0.9222      |
| 1540.png                 | 0.9649      | 0.9323      | 0.9567      | 0.9734      |
| 1541.png                 | 0.9614      | 0.9258      | 0.9365      | 0.9878      |
| 1542.png                 | 0.9424      | 0.8911      | 0.9309      | 0.9541      |
| 1543.png                 | 0.9289      | 0.8672      | 0.9876      | 0.8768      |
| 1545.png                 | 0.4764      | 0.3126      | 0.3142      | 0.9839      |
| 1546.png                 | 0.5395      | 0.3693      | 0.3702      | 0.9940      |
| 1547.png                 | 0.4452      | 0.2864      | 0.2870      | 0.9922      |
| 1548.png                 | 0.8734      | 0.7753      | 0.7808      | 0.9909      |
| 1549.png                 | 0.8954      | 0.8106      | 0.8236      | 0.9809      |
| 155.png                  | 0.9273      | 0.8644      | 0.9201      | 0.9345      |
| 1550.png                 | 0.9232      | 0.8574      | 0.8808      | 0.9699      |
| 1551.png                 | 0.6319      | 0.4619      | 0.4696      | 0.9659      |
| 1553.png                 | 0.8328      | 0.7135      | 0.8682      | 0.8002      |
| 1554.png                 | 0.9014      | 0.8204      | 0.8775      | 0.9266      |
| 1555.png                 | 0.8508      | 0.7403      | 0.7461      | 0.9896      |
| 1556.png                 | 0.7250      | 0.5687      | 0.6099      | 0.8939      |
| 1557.png                 | 0.8299      | 0.7092      | 0.8755      | 0.7888      |
| 1558.png                 | 0.8641      | 0.7607      | 0.8333      | 0.8972      |
| 1559.png                 | 0.9098      | 0.8346      | 0.9102      | 0.9095      |
| 1560.png                 | 0.8971      | 0.8134      | 0.9039      | 0.8904      |
| 1561.png                 | 0.9200      | 0.8519      | 0.9095      | 0.9308      |
| 1562.png                 | 0.8441      | 0.7303      | 0.8949      | 0.7988      |
| 1563.png                 | 0.5228      | 0.3539      | 1.0000      | 0.3539      |
| 1564.png                 | 0.7425      | 0.5905      | 0.9388      | 0.6141      |
| 1565.png                 | 0.7500      | 0.6000      | 0.7614      | 0.7390      |
| 1566.png                 | 0.6434      | 0.4743      | 0.5273      | 0.8251      |
| 1567.png                 | 0.7982      | 0.6641      | 0.8006      | 0.7957      |
| 1568.png                 | 0.8541      | 0.7454      | 0.8632      | 0.8452      |
| 157.png                  | 0.8971      | 0.8134      | 0.8344      | 0.9700      |
| 1571.png                 | 0.8133      | 0.6854      | 0.8826      | 0.7541      |
| 1572.png                 | 0.5386      | 0.3686      | 0.3872      | 0.8849      |
| 1577.png                 | 0.9049      | 0.8263      | 0.8438      | 0.9756      |
| 1578.png                 | 0.9126      | 0.8392      | 0.9392      | 0.8874      |
| 1579.png                 | 0.9323      | 0.8732      | 0.9615      | 0.9048      |
| 158.png                  | 0.8635      | 0.7598      | 0.7759      | 0.9735      |
| 1580.png                 | 0.5841      | 0.4126      | 0.9106      | 0.4300      |
| 1590.png                 | 0.8270      | 0.7051      | 0.7617      | 0.9047      |
| 1591.png                 | 0.7880      | 0.6501      | 0.8181      | 0.7599      |
| 1592.png                 | 0.7332      | 0.5788      | 0.5931      | 0.9600      |
| 1593.png                 | 0.7713      | 0.6278      | 0.6607      | 0.9264      |
| 1594.png                 | 0.8287      | 0.7075      | 0.9091      | 0.7613      |
| 1595.png                 | 0.7582      | 0.6105      | 0.6561      | 0.8978      |
| 1596.png                 | 0.7784      | 0.6372      | 0.9345      | 0.6670      |
| 1597.png                 | 0.7656      | 0.6202      | 0.9977      | 0.6211      |
| 1598.png                 | 0.6747      | 0.5090      | 0.9321      | 0.5286      |
| 16.png                   | 0.7672      | 0.6223      | 0.7311      | 0.8070      |
| 160.png                  | 0.8841      | 0.7923      | 0.9858      | 0.8014      |
| 1600.png                 | 0.8393      | 0.7231      | 0.9550      | 0.7486      |
| 1601.png                 | 0.9126      | 0.8393      | 0.8984      | 0.9273      |
| 1602.png                 | 0.9168      | 0.8464      | 0.9690      | 0.8699      |
| 1603.png                 | 0.9062      | 0.8285      | 0.9704      | 0.8500      |
| 1604.png                 | 0.7905      | 0.6536      | 1.0000      | 0.6536      |
| 1605.png                 | 0.4713      | 0.3083      | 0.5062      | 0.4409      |
| 1606.png                 | 0.5335      | 0.3638      | 0.7161      | 0.4252      |
| 1608.png                 | 0.8108      | 0.6817      | 0.9639      | 0.6996      |
| 1609.png                 | 0.8439      | 0.7300      | 0.8524      | 0.8356      |
| 161.png                  | 0.9412      | 0.8889      | 0.9740      | 0.9105      |
| 1610.png                 | 0.6996      | 0.5380      | 0.5477      | 0.9681      |
| 1611.png                 | 0.7731      | 0.6301      | 0.8305      | 0.7231      |
| 1612.png                 | 0.7488      | 0.5985      | 0.9776      | 0.6068      |
| 1613.png                 | 0.7635      | 0.6175      | 0.6255      | 0.9797      |
| 1614.png                 | 0.8651      | 0.7622      | 0.9509      | 0.7934      |
| 1617.png                 | 0.8990      | 0.8166      | 0.9394      | 0.8620      |
| 1618.png                 | 0.8582      | 0.7516      | 0.8286      | 0.8899      |
| 1619.png                 | 0.8783      | 0.7830      | 0.8488      | 0.9098      |
| 162.png                  | 0.9150      | 0.8434      | 0.9978      | 0.8449      |
| 1620.png                 | 0.7460      | 0.5950      | 0.7334      | 0.7591      |
| 1622.png                 | 0.8299      | 0.7093      | 0.8929      | 0.7753      |
| 1625.png                 | 0.9136      | 0.8410      | 0.9392      | 0.8894      |
| 1626.png                 | 0.8704      | 0.7706      | 0.9765      | 0.7851      |
| 1628.png                 | 0.6086      | 0.4374      | 0.8087      | 0.4880      |
| 1629.png                 | 0.9183      | 0.8489      | 0.9500      | 0.8886      |
| 1630.png                 | 0.9039      | 0.8246      | 0.9216      | 0.8869      |
| 1631.png                 | 0.9404      | 0.8875      | 0.9666      | 0.9156      |
| 1632.png                 | 0.7072      | 0.5471      | 0.9387      | 0.5673      |
| 1635.png                 | 0.9043      | 0.8253      | 0.9724      | 0.8451      |
| 1636.png                 | 0.9541      | 0.9123      | 0.9682      | 0.9405      |
| 1637.png                 | 0.9344      | 0.8769      | 0.9529      | 0.9166      |
| 1638.png                 | 0.9136      | 0.8410      | 0.8998      | 0.9279      |
| 1639.png                 | 0.9237      | 0.8582      | 0.9619      | 0.8884      |
| 164.png                  | 0.9343      | 0.8768      | 0.9484      | 0.9207      |
| 165.png                  | 0.8421      | 0.7273      | 0.7937      | 0.8968      |
| 1656.png                 | 0.3967      | 0.2474      | 0.2583      | 0.8548      |
| 1657.png                 | 0.8819      | 0.7887      | 0.8953      | 0.8689      |
| 166.png                  | 0.9438      | 0.8935      | 0.9749      | 0.9146      |
| 1665.png                 | 0.6745      | 0.5088      | 0.9417      | 0.5254      |
| 1666.png                 | 0.6803      | 0.5155      | 0.5971      | 0.7905      |
| 1667.png                 | 0.8305      | 0.7101      | 0.8558      | 0.8066      |
| 1668.png                 | 0.7645      | 0.6188      | 0.9602      | 0.6351      |
| 1669.png                 | 0.6041      | 0.4327      | 0.7020      | 0.5301      |
| 167.png                  | 0.9240      | 0.8587      | 0.9947      | 0.8627      |
| 1670.png                 | 0.5625      | 0.3913      | 0.9476      | 0.4000      |
| 1671.png                 | 0.5708      | 0.3994      | 0.8063      | 0.4418      |
| 1672.png                 | 0.7235      | 0.5668      | 0.8964      | 0.6065      |
| 1677.png                 | 0.7148      | 0.5562      | 0.9812      | 0.5622      |
| 1679.png                 | 0.7600      | 0.6129      | 0.6365      | 0.9429      |
| 168.png                  | 0.8499      | 0.7390      | 0.9843      | 0.7478      |
| 1681.png                 | 0.8883      | 0.7990      | 0.8611      | 0.9172      |
| 1685.png                 | 0.4405      | 0.2825      | 0.3353      | 0.6420      |
| 1689.png                 | 0.4970      | 0.3307      | 0.3471      | 0.8745      |
| 1691.png                 | 0.4457      | 0.2867      | 0.3057      | 0.8217      |
| 1692.png                 | 0.3525      | 0.2140      | 0.2202      | 0.8833      |
| 1693.png                 | 0.5021      | 0.3352      | 0.3408      | 0.9531      |
| 1694.png                 | 0.5765      | 0.4050      | 0.4140      | 0.9490      |
| 1697.png                 | 0.4512      | 0.2913      | 0.2986      | 0.9225      |
| 1699.png                 | 0.9085      | 0.8323      | 0.9289      | 0.8889      |
| 17.png                   | 0.7450      | 0.5937      | 0.9704      | 0.6046      |
| 1700.png                 | 0.8194      | 0.6940      | 0.7507      | 0.9019      |
| 1701.png                 | 0.8798      | 0.7853      | 0.8482      | 0.9137      |
| 1702.png                 | 0.8723      | 0.7736      | 0.8408      | 0.9063      |
| 1705.png                 | 0.8079      | 0.6778      | 0.7823      | 0.8353      |
| 1706.png                 | 0.8884      | 0.7992      | 0.8929      | 0.8839      |
| 1707.png                 | 0.7776      | 0.6361      | 0.6751      | 0.9167      |
| 1708.png                 | 0.6587      | 0.4910      | 0.5239      | 0.8868      |
| 1713.png                 | 0.4949      | 0.3289      | 0.9932      | 0.3296      |
| 1715.png                 | 0.9001      | 0.8183      | 0.9288      | 0.8730      |
| 172.png                  | 0.9582      | 0.9197      | 0.9679      | 0.9487      |
| 1722.png                 | 0.8817      | 0.7884      | 0.8472      | 0.9191      |
| 1723.png                 | 0.8748      | 0.7775      | 0.9459      | 0.8137      |
| 1724.png                 | 0.8027      | 0.6704      | 0.9561      | 0.6917      |
| 1726.png                 | 0.9018      | 0.8212      | 0.9056      | 0.8981      |
| 1727.png                 | 0.9665      | 0.9353      | 0.9726      | 0.9606      |
| 1728.png                 | 0.9470      | 0.8993      | 0.9522      | 0.9418      |
| 1729.png                 | 0.8131      | 0.6851      | 0.7086      | 0.9539      |
| 173.png                  | 0.9477      | 0.9005      | 0.9608      | 0.9349      |
| 1730.png                 | 0.8892      | 0.8005      | 0.8184      | 0.9733      |
| 1731.png                 | 0.9487      | 0.9024      | 0.9429      | 0.9546      |
| 1732.png                 | 0.7964      | 0.6616      | 0.6701      | 0.9812      |
| 1733.png                 | 0.8999      | 0.8180      | 0.9692      | 0.8398      |
| 1741.png                 | 0.6382      | 0.4686      | 0.6481      | 0.6286      |
| 1743.png                 | 0.5062      | 0.3388      | 0.3445      | 0.9536      |
| 1745.png                 | 0.5175      | 0.3491      | 0.3546      | 0.9575      |
| 1746.png                 | 0.5633      | 0.3921      | 0.4078      | 0.9103      |
| 1747.png                 | 0.4986      | 0.3321      | 0.4515      | 0.5567      |
| 1748.png                 | 0.7946      | 0.6592      | 0.7124      | 0.8983      |
| 1749.png                 | 0.8404      | 0.7248      | 0.7894      | 0.8986      |
| 175.png                  | 0.8988      | 0.8161      | 0.9781      | 0.8313      |
| 1750.png                 | 0.9166      | 0.8461      | 0.9391      | 0.8952      |
| 1751.png                 | 0.9144      | 0.8424      | 0.9896      | 0.8499      |
| 1752.png                 | 0.8365      | 0.7190      | 0.9526      | 0.7457      |
| 1753.png                 | 0.8462      | 0.7333      | 0.9612      | 0.7557      |
| 1759.png                 | 0.3635      | 0.2221      | 0.2313      | 0.8481      |
| 176.png                  | 0.9141      | 0.8417      | 0.9951      | 0.8453      |
| 1760.png                 | 0.7990      | 0.6653      | 0.7662      | 0.8347      |
| 1761.png                 | 0.4831      | 0.3185      | 0.3497      | 0.7811      |
| 1762.png                 | 0.5049      | 0.3377      | 0.3525      | 0.8900      |
| 1764.png                 | 0.6206      | 0.4500      | 0.4623      | 0.9439      |
| 1766.png                 | 0.6282      | 0.4579      | 0.4927      | 0.8665      |
| 1767.png                 | 0.7130      | 0.5539      | 0.5816      | 0.9210      |
| 177.png                  | 0.9333      | 0.8750      | 0.9995      | 0.8754      |
| 1771.png                 | 0.9267      | 0.8635      | 0.9168      | 0.9369      |
| 178.png                  | 0.9204      | 0.8525      | 0.9984      | 0.8537      |
| 1781.png                 | 0.7746      | 0.6321      | 0.7162      | 0.8434      |
| 1782.png                 | 0.5194      | 0.3508      | 0.3854      | 0.7963      |
| 1786.png                 | 0.8659      | 0.7636      | 0.9724      | 0.7805      |
| 1787.png                 | 0.8603      | 0.7549      | 0.9747      | 0.7700      |
| 1788.png                 | 0.9017      | 0.8210      | 0.9852      | 0.8313      |
| 1789.png                 | 0.7728      | 0.6297      | 0.9326      | 0.6598      |
| 1790.png                 | 0.8641      | 0.7607      | 0.9978      | 0.7620      |
| 1791.png                 | 0.3918      | 0.2437      | 0.2557      | 0.8376      |
| 1793.png                 | 0.4167      | 0.2632      | 1.0000      | 0.2632      |
| 1795.png                 | 0.5268      | 0.3576      | 0.8916      | 0.3738      |
| 1796.png                 | 0.9004      | 0.8188      | 0.9044      | 0.8963      |
| 1797.png                 | 0.9233      | 0.8575      | 0.8967      | 0.9515      |
| 1798.png                 | 0.9229      | 0.8569      | 0.9255      | 0.9204      |
| 1799.png                 | 0.6148      | 0.4438      | 0.8679      | 0.4760      |
| 18.png                   | 0.8521      | 0.7424      | 1.0000      | 0.7424      |
| 180.png                  | 0.9238      | 0.8585      | 1.0000      | 0.8585      |
| 1800.png                 | 0.6969      | 0.5348      | 0.9644      | 0.5455      |
| 1801.png                 | 0.4525      | 0.2924      | 0.3347      | 0.6982      |
| 1802.png                 | 0.7629      | 0.6167      | 0.8272      | 0.7080      |
| 1805.png                 | 0.5864      | 0.4148      | 0.5631      | 0.6117      |
| 1808.png                 | 0.7263      | 0.5702      | 0.6016      | 0.9161      |
| 181.png                  | 0.9590      | 0.9212      | 0.9986      | 0.9224      |
| 182.png                  | 0.9265      | 0.8631      | 0.9973      | 0.8651      |
| 1820.png                 | 0.8426      | 0.7280      | 0.7918      | 0.9004      |
| 1822.png                 | 0.5894      | 0.4179      | 0.4345      | 0.9161      |
| 1825.png                 | 0.9351      | 0.8781      | 0.8960      | 0.9778      |
| 1826.png                 | 0.8090      | 0.6793      | 0.8970      | 0.7367      |
| 1827.png                 | 0.9129      | 0.8397      | 0.9736      | 0.8593      |
| 1828.png                 | 0.7825      | 0.6427      | 0.6846      | 0.9132      |
| 1829.png                 | 0.6270      | 0.4567      | 0.9754      | 0.4620      |
| 183.png                  | 0.9168      | 0.8464      | 0.9788      | 0.8622      |
| 1830.png                 | 0.7865      | 0.6481      | 0.7208      | 0.8654      |
| 1831.png                 | 0.7926      | 0.6565      | 0.6993      | 0.9146      |
| 1832.png                 | 0.8101      | 0.6808      | 0.7371      | 0.8991      |
| 1833.png                 | 0.8098      | 0.6803      | 0.7711      | 0.8525      |
| 1834.png                 | 0.7431      | 0.5912      | 0.6546      | 0.8593      |
| 1835.png                 | 0.5248      | 0.3558      | 0.3705      | 0.8994      |
| 1836.png                 | 0.9446      | 0.8949      | 0.9154      | 0.9756      |
| 1837.png                 | 0.9407      | 0.8881      | 0.9594      | 0.9228      |
| 1838.png                 | 0.9566      | 0.9167      | 0.9631      | 0.9501      |
| 1839.png                 | 0.9520      | 0.9084      | 0.9555      | 0.9484      |
| 184.png                  | 0.4875      | 0.3223      | 0.3495      | 0.8058      |
| 1840.png                 | 0.8337      | 0.7148      | 0.7899      | 0.8826      |
| 185.png                  | 0.7225      | 0.5655      | 0.6388      | 0.8314      |
| 1896.png                 | 0.5533      | 0.3825      | 0.9994      | 0.3826      |
| 1897.png                 | 0.5637      | 0.3924      | 0.5800      | 0.5482      |
| 19.png                   | 0.6820      | 0.5174      | 0.9981      | 0.5179      |
| 192.png                  | 0.9124      | 0.8389      | 0.8891      | 0.9370      |
| 193.png                  | 0.9125      | 0.8392      | 0.8583      | 0.9741      |
| 194.png                  | 0.9754      | 0.9519      | 0.9630      | 0.9881      |
| 195.png                  | 0.9689      | 0.9397      | 0.9825      | 0.9557      |
| 1950.png                 | 0.8586      | 0.7522      | 0.8574      | 0.8598      |
| 1956.png                 | 0.8366      | 0.7192      | 0.9996      | 0.7194      |
| 1957.png                 | 0.5563      | 0.3853      | 0.9981      | 0.3856      |
| 1958.png                 | 0.7488      | 0.5985      | 0.9976      | 0.5993      |
| 196.png                  | 0.9500      | 0.9048      | 0.9547      | 0.9454      |
| 1967.png                 | 0.6751      | 0.5096      | 0.9982      | 0.5100      |
| 2.png                    | 0.8907      | 0.8029      | 0.9642      | 0.8276      |
| 20.png                   | 0.8411      | 0.7258      | 0.9888      | 0.7318      |
| 201.png                  | 0.8977      | 0.8144      | 0.8310      | 0.9760      |
| 202.png                  | 0.9164      | 0.8456      | 0.8653      | 0.9738      |
| 21.png                   | 0.9562      | 0.9161      | 0.9824      | 0.9314      |
| 2102.png                 | 0.4035      | 0.2527      | 1.0000      | 0.2527      |
| 211.png                  | 0.8332      | 0.7141      | 0.9887      | 0.7199      |
| 212.png                  | 0.8539      | 0.7451      | 0.9895      | 0.7510      |
| 213.png                  | 0.9148      | 0.8429      | 0.9557      | 0.8772      |
| 214.png                  | 0.8710      | 0.7714      | 0.9335      | 0.8163      |
| 215.png                  | 0.7607      | 0.6138      | 0.8403      | 0.6948      |
| 216.png                  | 0.5752      | 0.4037      | 0.9749      | 0.4080      |
| 217.png                  | 0.4832      | 0.3186      | 0.9709      | 0.3217      |
| 218.png                  | 0.7885      | 0.6509      | 0.7988      | 0.7786      |
| 2188.png                 | 0.3701      | 0.2271      | 0.9993      | 0.2271      |
| 219.png                  | 0.7361      | 0.5824      | 0.6626      | 0.8279      |
| 2190.png                 | 0.8048      | 0.6733      | 0.9987      | 0.6739      |
| 2192.png                 | 0.9141      | 0.8418      | 0.9899      | 0.8491      |
| 2199.png                 | 0.9022      | 0.8218      | 0.9808      | 0.8352      |
| 22.png                   | 0.9472      | 0.8996      | 0.9632      | 0.9317      |
| 220.png                  | 0.5474      | 0.3769      | 0.4156      | 0.8018      |
| 2200.png                 | 0.8149      | 0.6876      | 0.9815      | 0.6966      |
| 221.png                  | 0.8181      | 0.6922      | 0.9927      | 0.6958      |
| 222.png                  | 0.9217      | 0.8548      | 0.9982      | 0.8561      |
| 223.png                  | 0.9540      | 0.9121      | 0.9991      | 0.9129      |
| 224.png                  | 0.9057      | 0.8276      | 0.9981      | 0.8289      |
| 2244.png                 | 0.7365      | 0.5829      | 0.9972      | 0.5838      |
| 225.png                  | 0.9190      | 0.8502      | 0.9984      | 0.8514      |
| 2257.png                 | 0.4747      | 0.3112      | 0.9955      | 0.3116      |
| 2259.png                 | 0.4746      | 0.3112      | 1.0000      | 0.3112      |
| 226.png                  | 0.8656      | 0.7631      | 0.9937      | 0.7668      |
| 227.png                  | 0.7812      | 0.6410      | 0.7992      | 0.7641      |
| 228.png                  | 0.7411      | 0.5886      | 0.9992      | 0.5889      |
| 229.png                  | 0.7969      | 0.6624      | 0.9937      | 0.6651      |
| 23.png                   | 0.9549      | 0.9136      | 0.9926      | 0.9198      |
| 230.png                  | 0.7748      | 0.6324      | 0.9927      | 0.6353      |
| 2307.png                 | 0.8418      | 0.7268      | 0.9701      | 0.7435      |
| 2308.png                 | 0.6258      | 0.4554      | 0.5855      | 0.6720      |
| 2312.png                 | 0.5405      | 0.3703      | 1.0000      | 0.3703      |
| 2313.png                 | 0.6522      | 0.4839      | 1.0000      | 0.4839      |
| 2314.png                 | 0.7843      | 0.6452      | 1.0000      | 0.6452      |
| 2315.png                 | 0.7994      | 0.6658      | 1.0000      | 0.6658      |
| 2316.png                 | 0.5388      | 0.3687      | 1.0000      | 0.3687      |
| 2318.png                 | 0.4771      | 0.3132      | 0.9348      | 0.3202      |
| 233.png                  | 0.9448      | 0.8953      | 0.9597      | 0.9303      |
| 234.png                  | 0.9595      | 0.9222      | 0.9860      | 0.9344      |
| 235.png                  | 0.9603      | 0.9237      | 0.9899      | 0.9325      |
| 236.png                  | 0.7064      | 0.5461      | 0.9767      | 0.5533      |
| 237.png                  | 0.8411      | 0.7257      | 0.9921      | 0.7299      |
| 2371.png                 | 0.3651      | 0.2233      | 0.2233      | 1.0000      |
| 2379.png                 | 0.3422      | 0.2064      | 0.2242      | 0.7224      |
| 238.png                  | 0.7844      | 0.6453      | 0.9865      | 0.6511      |
| 2381.png                 | 0.3812      | 0.2354      | 0.2376      | 0.9634      |
| 239.png                  | 0.8697      | 0.7695      | 0.9557      | 0.7979      |
| 24.png                   | 0.5295      | 0.3601      | 0.7402      | 0.4122      |
| 2411.png                 | 0.5260      | 0.3569      | 1.0000      | 0.3569      |
| 2412.png                 | 0.6077      | 0.4365      | 1.0000      | 0.4365      |
| 242.png                  | 0.8647      | 0.7616      | 0.8050      | 0.9339      |
| 2427.png                 | 0.5771      | 0.4056      | 1.0000      | 0.4056      |
| 2428.png                 | 0.6030      | 0.4316      | 1.0000      | 0.4316      |
| 243.png                  | 0.9485      | 0.9020      | 0.9837      | 0.9157      |
| 2431.png                 | 0.4134      | 0.2606      | 0.9986      | 0.2607      |
| 2432.png                 | 0.3785      | 0.2334      | 1.0000      | 0.2334      |
| 2438.png                 | 0.4360      | 0.2788      | 0.2874      | 0.9027      |
| 244.png                  | 0.9022      | 0.8218      | 0.9978      | 0.8233      |
| 2446.png                 | 0.4212      | 0.2668      | 0.2693      | 0.9654      |
| 2447.png                 | 0.6376      | 0.4680      | 1.0000      | 0.4680      |
| 2448.png                 | 0.7305      | 0.5754      | 1.0000      | 0.5754      |
| 2449.png                 | 0.4354      | 0.2783      | 1.0000      | 0.2783      |
| 245.png                  | 0.7555      | 0.6071      | 0.9959      | 0.6086      |
| 2456.png                 | 0.3885      | 0.2411      | 0.2412      | 0.9982      |
| 2457.png                 | 0.3782      | 0.2332      | 0.2332      | 0.9998      |
| 246.png                  | 0.7597      | 0.6125      | 0.7162      | 0.8088      |
| 247.png                  | 0.8987      | 0.8161      | 0.9757      | 0.8330      |
| 2477.png                 | 0.5870      | 0.4154      | 1.0000      | 0.4154      |
| 2482.png                 | 0.5177      | 0.3493      | 0.9975      | 0.3496      |
| 2483.png                 | 0.5215      | 0.3527      | 1.0000      | 0.3527      |
| 25.png                   | 0.6451      | 0.4761      | 0.5993      | 0.6985      |
| 250.png                  | 0.8986      | 0.8159      | 0.9657      | 0.8402      |
| 251.png                  | 0.9033      | 0.8236      | 0.9622      | 0.8511      |
| 253.png                  | 0.7819      | 0.6418      | 0.9679      | 0.6558      |
| 254.png                  | 0.8149      | 0.6877      | 1.0000      | 0.6877      |
| 2542.png                 | 0.8182      | 0.6923      | 0.9902      | 0.6971      |
| 2544.png                 | 0.9154      | 0.8439      | 0.9942      | 0.8481      |
| 2545.png                 | 0.8612      | 0.7562      | 0.9265      | 0.8045      |
| 255.png                  | 0.7591      | 0.6118      | 1.0000      | 0.6118      |
| 256.png                  | 0.9193      | 0.8506      | 0.9902      | 0.8578      |
| 2562.png                 | 0.4862      | 0.3212      | 0.9857      | 0.3227      |
| 2564.png                 | 0.3728      | 0.2291      | 0.2291      | 1.0000      |
| 2565.png                 | 0.3650      | 0.2233      | 0.2233      | 1.0000      |
| 257.png                  | 0.9213      | 0.8540      | 0.9935      | 0.8588      |
| 258.png                  | 0.9190      | 0.8501      | 0.9966      | 0.8525      |
| 259.png                  | 0.8420      | 0.7271      | 1.0000      | 0.7271      |
| 260.png                  | 0.7465      | 0.5956      | 1.0000      | 0.5956      |
| 2606.png                 | 0.3693      | 0.2265      | 0.2314      | 0.9139      |
| 261.png                  | 0.8328      | 0.7135      | 0.9825      | 0.7228      |
| 262.png                  | 0.8099      | 0.6805      | 0.9675      | 0.6964      |
| 263.png                  | 0.8233      | 0.6996      | 0.9931      | 0.7031      |
| 264.png                  | 0.8039      | 0.6721      | 0.9993      | 0.6724      |
| 265.png                  | 0.7911      | 0.6544      | 1.0000      | 0.6544      |
| 2654.png                 | 0.4948      | 0.3287      | 1.0000      | 0.3287      |
| 266.png                  | 0.9377      | 0.8828      | 0.9793      | 0.8996      |
| 267.png                  | 0.7800      | 0.6394      | 0.9973      | 0.6405      |
| 2703.png                 | 0.4344      | 0.2775      | 0.9917      | 0.2781      |
| 2718.png                 | 0.4220      | 0.2675      | 0.8942      | 0.2762      |
| 2724.png                 | 0.5464      | 0.3759      | 1.0000      | 0.3759      |
| 2725.png                 | 0.8144      | 0.6869      | 0.9849      | 0.6942      |
| 2726.png                 | 0.8340      | 0.7153      | 1.0000      | 0.7153      |
| 2728.png                 | 0.9123      | 0.8388      | 0.9949      | 0.8424      |
| 2729.png                 | 0.8753      | 0.7782      | 0.9988      | 0.7789      |
| 2764.png                 | 0.3581      | 0.2181      | 0.2181      | 1.0000      |
| 2770.png                 | 0.6337      | 0.4638      | 0.9604      | 0.4729      |
| 2771.png                 | 0.3371      | 0.2028      | 0.9371      | 0.2056      |
| 2789.png                 | 0.3769      | 0.2322      | 1.0000      | 0.2322      |
| 2790.png                 | 0.4101      | 0.2579      | 1.0000      | 0.2579      |
| 2791.png                 | 0.3951      | 0.2462      | 0.9948      | 0.2465      |
| 2792.png                 | 0.7273      | 0.5715      | 0.9576      | 0.5863      |
| 2793.png                 | 0.4881      | 0.3228      | 1.0000      | 0.3228      |
| 2795.png                 | 0.3620      | 0.2210      | 0.2210      | 0.9997      |
| 2796.png                 | 0.3651      | 0.2233      | 0.2233      | 1.0000      |
| 28.png                   | 0.8343      | 0.7157      | 0.9928      | 0.7194      |
| 281.png                  | 0.7503      | 0.6004      | 1.0000      | 0.6004      |
| 2812.png                 | 0.3550      | 0.2158      | 1.0000      | 0.2158      |
| 2826.png                 | 0.5963      | 0.4248      | 1.0000      | 0.4248      |
| 2829.png                 | 0.8267      | 0.7046      | 1.0000      | 0.7046      |
| 2831.png                 | 0.4601      | 0.2988      | 0.3138      | 0.8622      |
| 2833.png                 | 0.5460      | 0.3755      | 1.0000      | 0.3755      |
| 2843.png                 | 0.5253      | 0.3562      | 0.9289      | 0.3662      |
| 2844.png                 | 0.8733      | 0.7751      | 0.9868      | 0.7832      |
| 2845.png                 | 0.6077      | 0.4365      | 0.5488      | 0.6808      |
| 2870.png                 | 0.7232      | 0.5664      | 0.5891      | 0.9363      |
| 2871.png                 | 0.5975      | 0.4261      | 0.7822      | 0.4834      |
| 2883.png                 | 0.6215      | 0.4509      | 0.9655      | 0.4583      |
| 2884.png                 | 0.4204      | 0.2661      | 0.9587      | 0.2692      |
| 2895.png                 | 0.9091      | 0.8333      | 0.9381      | 0.8818      |
| 2896.png                 | 0.9366      | 0.8808      | 0.9292      | 0.9442      |
| 2897.png                 | 0.9143      | 0.8422      | 0.9575      | 0.8749      |
| 2898.png                 | 0.5039      | 0.3368      | 0.9956      | 0.3373      |
| 29.png                   | 0.9321      | 0.8729      | 0.9945      | 0.8771      |
| 2900.png                 | 0.9153      | 0.8439      | 0.9324      | 0.8989      |
| 2901.png                 | 0.9472      | 0.8997      | 0.9956      | 0.9033      |
| 2902.png                 | 0.7920      | 0.6556      | 0.9939      | 0.6582      |
| 2903.png                 | 0.8005      | 0.6674      | 0.9816      | 0.6759      |
| 2904.png                 | 0.8261      | 0.7037      | 0.9903      | 0.7086      |
| 2905.png                 | 0.7522      | 0.6028      | 0.9951      | 0.6046      |
| 2939.png                 | 0.3611      | 0.2203      | 0.2203      | 1.0000      |
| 2940.png                 | 0.3823      | 0.2363      | 0.2363      | 1.0000      |
| 295.png                  | 0.9601      | 0.9233      | 0.9882      | 0.9337      |
| 2989.png                 | 0.4012      | 0.2510      | 0.2548      | 0.9434      |
| 3.png                    | 0.9410      | 0.8885      | 0.9815      | 0.9036      |
| 30.png                   | 0.9319      | 0.8725      | 0.9938      | 0.8773      |
| 301.png                  | 0.9671      | 0.9363      | 0.9927      | 0.9428      |
| 3022.png                 | 0.8550      | 0.7467      | 0.9418      | 0.7828      |
| 3023.png                 | 0.9591      | 0.9214      | 0.9805      | 0.9386      |
| 3024.png                 | 0.9195      | 0.8510      | 0.9996      | 0.8513      |
| 3026.png                 | 0.9597      | 0.9226      | 0.9803      | 0.9401      |
| 3027.png                 | 0.8128      | 0.6847      | 0.9494      | 0.7106      |
| 303.png                  | 0.9292      | 0.8677      | 0.9843      | 0.8799      |
| 3047.png                 | 0.4340      | 0.2772      | 1.0000      | 0.2772      |
| 3048.png                 | 0.4031      | 0.2524      | 1.0000      | 0.2524      |
| 31.png                   | 0.8866      | 0.7964      | 0.9986      | 0.7973      |
| 311.png                  | 0.9376      | 0.8825      | 0.9949      | 0.8865      |
| 312.png                  | 0.9585      | 0.9204      | 0.9862      | 0.9323      |
| 316.png                  | 0.8312      | 0.7112      | 0.9898      | 0.7165      |
| 317.png                  | 0.8619      | 0.7573      | 0.9843      | 0.7666      |
| 318.png                  | 0.9192      | 0.8505      | 0.9691      | 0.8743      |
| 319.png                  | 0.9297      | 0.8687      | 0.9510      | 0.9093      |
| 32.png                   | 0.8414      | 0.7262      | 0.9638      | 0.7466      |
| 320.png                  | 0.8521      | 0.7423      | 0.8303      | 0.8750      |
| 321.png                  | 0.8672      | 0.7655      | 0.8943      | 0.8417      |
| 322.png                  | 0.7130      | 0.5540      | 0.5972      | 0.8845      |
| 325.png                  | 0.8833      | 0.7910      | 0.9473      | 0.8275      |
| 33.png                   | 0.8401      | 0.7243      | 0.9722      | 0.7397      |
| 332.png                  | 0.7709      | 0.6273      | 0.9422      | 0.6524      |
| 333.png                  | 0.4498      | 0.2901      | 0.3035      | 0.8681      |
| 339.png                  | 0.4833      | 0.3186      | 1.0000      | 0.3186      |
| 342.png                  | 0.9528      | 0.9099      | 0.9708      | 0.9355      |
| 345.png                  | 0.4097      | 0.2577      | 0.9939      | 0.2581      |
| 346.png                  | 0.8855      | 0.7946      | 0.9872      | 0.8029      |
| 347.png                  | 0.8993      | 0.8171      | 0.9660      | 0.8413      |
| 35.png                   | 0.8810      | 0.7872      | 0.9711      | 0.8061      |
| 357.png                  | 0.8366      | 0.7192      | 0.8754      | 0.8012      |
| 359.png                  | 0.9336      | 0.8755      | 0.9890      | 0.8841      |
| 36.png                   | 0.8746      | 0.7771      | 1.0000      | 0.7771      |
| 37.png                   | 0.8905      | 0.8027      | 0.9995      | 0.8030      |
| 38.png                   | 0.8941      | 0.8085      | 0.9996      | 0.8088      |
| 384.png                  | 0.9601      | 0.9233      | 0.9647      | 0.9556      |
| 385.png                  | 0.9675      | 0.9371      | 0.9773      | 0.9579      |
| 386.png                  | 0.9448      | 0.8954      | 0.9514      | 0.9383      |
| 387.png                  | 0.9691      | 0.9401      | 0.9784      | 0.9600      |
| 388.png                  | 0.9732      | 0.9478      | 0.9683      | 0.9782      |
| 389.png                  | 0.9548      | 0.9134      | 0.9859      | 0.9255      |
| 39.png                   | 0.9339      | 0.8760      | 0.9933      | 0.8811      |
| 390.png                  | 0.8690      | 0.7683      | 0.9209      | 0.8226      |
| 391.png                  | 0.9540      | 0.9120      | 0.9823      | 0.9272      |
| 392.png                  | 0.8769      | 0.7807      | 0.9690      | 0.8007      |
| 395.png                  | 0.8561      | 0.7483      | 0.8643      | 0.8480      |
| 396.png                  | 0.6653      | 0.4985      | 0.5351      | 0.8793      |
| 397.png                  | 0.8072      | 0.6767      | 0.7129      | 0.9303      |
| 398.png                  | 0.9461      | 0.8978      | 0.9810      | 0.9136      |
| 4.png                    | 0.9162      | 0.8454      | 0.9795      | 0.8606      |
| 40.png                   | 0.9442      | 0.8944      | 0.9858      | 0.9060      |
| 41.png                   | 0.8846      | 0.7931      | 0.9833      | 0.8039      |
| 415.png                  | 0.8213      | 0.6968      | 0.8227      | 0.8199      |
| 416.png                  | 0.5309      | 0.3614      | 0.3884      | 0.8386      |
| 417.png                  | 0.8449      | 0.7314      | 0.9857      | 0.7392      |
| 418.png                  | 0.9086      | 0.8326      | 1.0000      | 0.8326      |
| 419.png                  | 0.9579      | 0.9193      | 0.9928      | 0.9254      |
| 42.png                   | 0.6424      | 0.4732      | 0.9957      | 0.4742      |
| 420.png                  | 0.9077      | 0.8311      | 0.9981      | 0.8324      |
| 421.png                  | 0.7436      | 0.5918      | 0.9985      | 0.5924      |
| 422.png                  | 0.6313      | 0.4612      | 1.0000      | 0.4612      |
| 43.png                   | 0.8350      | 0.7167      | 0.9575      | 0.7403      |
| 44.png                   | 0.9064      | 0.8288      | 0.9494      | 0.8671      |
| 442.png                  | 0.8944      | 0.8090      | 0.9827      | 0.8207      |
| 443.png                  | 0.7690      | 0.6246      | 0.9956      | 0.6263      |
| 444.png                  | 0.9186      | 0.8495      | 0.9805      | 0.8641      |
| 445.png                  | 0.7200      | 0.5625      | 0.6363      | 0.8290      |
| 446.png                  | 0.7716      | 0.6281      | 0.6880      | 0.8782      |
| 447.png                  | 0.8039      | 0.6721      | 0.8282      | 0.7810      |
| 448.png                  | 0.7901      | 0.6531      | 0.9862      | 0.6591      |
| 449.png                  | 0.6906      | 0.5274      | 0.5884      | 0.8358      |
| 455.png                  | 0.6966      | 0.5345      | 0.9997      | 0.5345      |
| 456.png                  | 0.9154      | 0.8440      | 0.9931      | 0.8490      |
| 457.png                  | 0.9450      | 0.8958      | 0.9979      | 0.8975      |
| 458.png                  | 0.8747      | 0.7773      | 1.0000      | 0.7773      |
| 461.png                  | 0.7813      | 0.6410      | 0.8066      | 0.7575      |
| 462.png                  | 0.8194      | 0.6941      | 0.8199      | 0.8190      |
| 463.png                  | 0.7967      | 0.6621      | 0.8592      | 0.7428      |
| 464.png                  | 0.7233      | 0.5665      | 0.7177      | 0.7290      |
| 470.png                  | 0.8185      | 0.6928      | 0.9950      | 0.6952      |
| 472.png                  | 0.5587      | 0.3877      | 0.3970      | 0.9428      |
| 473.png                  | 0.9009      | 0.8197      | 0.9065      | 0.8954      |
| 474.png                  | 0.8555      | 0.7475      | 0.9201      | 0.7994      |
| 475.png                  | 0.5475      | 0.3770      | 0.4259      | 0.7664      |
| 476.png                  | 0.8726      | 0.7740      | 0.9292      | 0.8225      |
| 480.png                  | 0.8962      | 0.8119      | 0.9970      | 0.8139      |
| 481.png                  | 0.8888      | 0.7999      | 0.8703      | 0.9081      |
| 482.png                  | 0.6817      | 0.5172      | 0.5342      | 0.9419      |
| 483.png                  | 0.9040      | 0.8248      | 0.9851      | 0.8352      |
| 485.png                  | 0.5581      | 0.3871      | 0.4070      | 0.8877      |
| 486.png                  | 0.3800      | 0.2346      | 0.2402      | 0.9092      |
| 487.png                  | 0.9234      | 0.8578      | 0.9713      | 0.8801      |
| 490.png                  | 0.7072      | 0.5470      | 0.9973      | 0.5478      |
| 496.png                  | 0.9169      | 0.8466      | 0.9709      | 0.8686      |
| 497.png                  | 0.8989      | 0.8164      | 0.8951      | 0.9028      |
| 498.png                  | 0.9369      | 0.8812      | 0.9791      | 0.8981      |
| 499.png                  | 0.9127      | 0.8395      | 0.9551      | 0.8740      |
| 5.png                    | 0.5244      | 0.3554      | 1.0000      | 0.3554      |
| 500.png                  | 0.8483      | 0.7365      | 0.9861      | 0.7443      |
| 501.png                  | 0.8533      | 0.7442      | 0.9985      | 0.7450      |
| 502.png                  | 0.7552      | 0.6067      | 1.0000      | 0.6067      |
| 503.png                  | 0.8073      | 0.6769      | 0.9878      | 0.6826      |
| 504.png                  | 0.8803      | 0.7861      | 0.9002      | 0.8612      |
| 508.png                  | 0.9336      | 0.8754      | 0.9840      | 0.8881      |
| 51.png                   | 0.9625      | 0.9276      | 0.9627      | 0.9622      |
| 510.png                  | 0.9090      | 0.8332      | 0.9860      | 0.8432      |
| 511.png                  | 0.9458      | 0.8971      | 0.9966      | 0.8999      |
| 512.png                  | 0.9632      | 0.9290      | 0.9953      | 0.9330      |
| 513.png                  | 0.9128      | 0.8395      | 0.9939      | 0.8439      |
| 515.png                  | 0.8216      | 0.6972      | 0.7135      | 0.9683      |
| 517.png                  | 0.8652      | 0.7624      | 0.9945      | 0.7657      |
| 532.png                  | 0.8861      | 0.7954      | 0.9555      | 0.8260      |
| 537.png                  | 0.9686      | 0.9392      | 0.9871      | 0.9509      |
| 538.png                  | 0.9379      | 0.8830      | 0.9921      | 0.8892      |
| 541.png                  | 0.9605      | 0.9240      | 0.9687      | 0.9525      |
| 551.png                  | 0.8671      | 0.7654      | 0.9917      | 0.7703      |
| 552.png                  | 0.9259      | 0.8619      | 0.9958      | 0.8651      |
| 553.png                  | 0.7139      | 0.5551      | 0.9986      | 0.5555      |
| 554.png                  | 0.8588      | 0.7526      | 0.9578      | 0.7784      |
| 555.png                  | 0.9189      | 0.8500      | 0.9246      | 0.9133      |
| 556.png                  | 0.6369      | 0.4672      | 0.4802      | 0.9454      |
| 557.png                  | 0.4270      | 0.2714      | 0.2781      | 0.9191      |
| 563.png                  | 0.8372      | 0.7200      | 0.8963      | 0.7855      |
| 566.png                  | 0.8609      | 0.7558      | 1.0000      | 0.7558      |
| 567.png                  | 0.8410      | 0.7256      | 0.9960      | 0.7277      |
| 569.png                  | 0.3572      | 0.2174      | 0.2236      | 0.8877      |
| 575.png                  | 0.9039      | 0.8247      | 0.9738      | 0.8434      |
| 576.png                  | 0.8657      | 0.7633      | 0.9749      | 0.7786      |
| 582.png                  | 0.9656      | 0.9334      | 0.9895      | 0.9427      |
| 584.png                  | 0.9207      | 0.8530      | 0.9869      | 0.8628      |
| 585.png                  | 0.8394      | 0.7233      | 0.8818      | 0.8009      |
| 59.png                   | 0.8903      | 0.8024      | 0.8156      | 0.9801      |
| 597.png                  | 0.6908      | 0.5277      | 1.0000      | 0.5277      |
| 598.png                  | 0.8542      | 0.7455      | 0.9572      | 0.7712      |
| 6.png                    | 0.8146      | 0.6872      | 0.9263      | 0.7269      |
| 60.png                   | 0.9517      | 0.9078      | 0.9698      | 0.9342      |
| 61.png                   | 0.9618      | 0.9264      | 0.9800      | 0.9442      |
| 619.png                  | 0.7957      | 0.6607      | 0.9882      | 0.6660      |
| 62.png                   | 0.8864      | 0.7959      | 0.9944      | 0.7995      |
| 621.png                  | 0.6546      | 0.4865      | 0.4996      | 0.9490      |
| 622.png                  | 0.3590      | 0.2188      | 0.2197      | 0.9821      |
| 628.png                  | 0.3562      | 0.2167      | 0.2167      | 0.9997      |
| 63.png                   | 0.9551      | 0.9140      | 0.9984      | 0.9153      |
| 631.png                  | 0.8912      | 0.8037      | 0.9993      | 0.8042      |
| 632.png                  | 0.9744      | 0.9501      | 0.9929      | 0.9566      |
| 635.png                  | 0.9110      | 0.8365      | 0.9730      | 0.8564      |
| 636.png                  | 0.9683      | 0.9386      | 0.9785      | 0.9583      |
| 637.png                  | 0.9609      | 0.9247      | 0.9889      | 0.9343      |
| 638.png                  | 0.9093      | 0.8337      | 0.8661      | 0.9571      |
| 64.png                   | 0.9185      | 0.8493      | 0.9915      | 0.8555      |
| 642.png                  | 0.8175      | 0.6913      | 1.0000      | 0.6913      |
| 643.png                  | 0.8944      | 0.8090      | 0.9754      | 0.8258      |
| 644.png                  | 0.8562      | 0.7486      | 0.8181      | 0.8980      |
| 645.png                  | 0.7826      | 0.6428      | 0.7029      | 0.8826      |
| 646.png                  | 0.8184      | 0.6926      | 0.8341      | 0.8033      |
| 647.png                  | 0.8713      | 0.7720      | 0.9389      | 0.8128      |
| 649.png                  | 0.9221      | 0.8555      | 0.9634      | 0.8842      |
| 65.png                   | 0.9400      | 0.8868      | 0.9859      | 0.8982      |
| 650.png                  | 0.9615      | 0.9259      | 0.9843      | 0.9397      |
| 651.png                  | 0.9627      | 0.9281      | 0.9761      | 0.9497      |
| 652.png                  | 0.9692      | 0.9403      | 0.9745      | 0.9640      |
| 66.png                   | 0.8660      | 0.7636      | 0.9867      | 0.7715      |
| 673.png                  | 0.8461      | 0.7332      | 0.9772      | 0.7460      |
| 674.png                  | 0.8988      | 0.8163      | 0.9483      | 0.8543      |
| 7.png                    | 0.6147      | 0.4437      | 0.4905      | 0.8229      |
| 713.png                  | 0.8853      | 0.7942      | 0.8313      | 0.9468      |
| 714.png                  | 0.9493      | 0.9035      | 0.9225      | 0.9778      |
| 736.png                  | 0.4020      | 0.2516      | 1.0000      | 0.2516      |
| 743.png                  | 0.4171      | 0.2635      | 0.2641      | 0.9916      |
| 744.png                  | 0.3685      | 0.2259      | 0.2261      | 0.9967      |
| 753.png                  | 0.8631      | 0.7592      | 0.9449      | 0.7944      |
| 754.png                  | 0.4630      | 0.3012      | 0.9827      | 0.3028      |
| 755.png                  | 0.5979      | 0.4265      | 0.9981      | 0.4268      |
| 756.png                  | 0.9004      | 0.8188      | 0.9971      | 0.8208      |
| 765.png                  | 0.9329      | 0.8743      | 0.9574      | 0.9097      |
| 772.png                  | 0.9172      | 0.8470      | 0.9767      | 0.8645      |
| 786.png                  | 0.4013      | 0.2511      | 0.2706      | 0.7763      |
| 787.png                  | 0.4320      | 0.2755      | 0.2760      | 0.9928      |
| 788.png                  | 0.4495      | 0.2899      | 0.2902      | 0.9971      |
| 789.png                  | 0.3934      | 0.2449      | 0.2495      | 0.9298      |
| 79.png                   | 0.8760      | 0.7793      | 0.7967      | 0.9728      |
| 796.png                  | 0.4287      | 0.2729      | 0.2729      | 1.0000      |
| 8.png                    | 0.7940      | 0.6584      | 0.7872      | 0.8009      |
| 802.png                  | 0.4447      | 0.2859      | 0.9929      | 0.2865      |
| 816.png                  | 0.4132      | 0.2604      | 0.2604      | 1.0000      |
| 819.png                  | 0.4137      | 0.2608      | 0.9909      | 0.2614      |
| 82.png                   | 0.5435      | 0.3731      | 0.9943      | 0.3739      |
| 820.png                  | 0.9024      | 0.8222      | 0.9812      | 0.8353      |
| 822.png                  | 0.7613      | 0.6145      | 0.9780      | 0.6232      |
| 823.png                  | 0.4189      | 0.2649      | 1.0000      | 0.2649      |
| 826.png                  | 0.9185      | 0.8493      | 0.9918      | 0.8553      |
| 827.png                  | 0.8412      | 0.7260      | 0.9982      | 0.7269      |
| 829.png                  | 0.4320      | 0.2755      | 0.9424      | 0.2802      |
| 83.png                   | 0.5558      | 0.3848      | 0.4728      | 0.6741      |
| 830.png                  | 0.6967      | 0.5345      | 0.9849      | 0.5389      |
| 831.png                  | 0.8956      | 0.8109      | 0.9944      | 0.8147      |
| 832.png                  | 0.7795      | 0.6387      | 1.0000      | 0.6387      |
| 833.png                  | 0.7162      | 0.5579      | 0.9984      | 0.5584      |
| 843.png                  | 0.8914      | 0.8041      | 0.9563      | 0.8348      |
| 846.png                  | 0.7968      | 0.6623      | 1.0000      | 0.6623      |
| 847.png                  | 0.8814      | 0.7880      | 0.9540      | 0.8192      |
| 848.png                  | 0.9249      | 0.8603      | 0.9358      | 0.9142      |
| 851.png                  | 0.7682      | 0.6237      | 0.8934      | 0.6738      |
| 852.png                  | 0.8785      | 0.7834      | 0.9958      | 0.7859      |
| 853.png                  | 0.5560      | 0.3851      | 0.9590      | 0.3915      |
| 854.png                  | 0.3920      | 0.2438      | 0.9755      | 0.2453      |
| 860.png                  | 0.4699      | 0.3071      | 0.3130      | 0.9417      |
| 861.png                  | 0.4883      | 0.3230      | 0.3230      | 1.0000      |
| 862.png                  | 0.4386      | 0.2809      | 0.2993      | 0.8203      |
| 868.png                  | 0.3666      | 0.2244      | 0.2278      | 0.9385      |
| 870.png                  | 0.8014      | 0.6687      | 0.9035      | 0.7201      |
| 872.png                  | 0.6930      | 0.5303      | 1.0000      | 0.5303      |
| 904.png                  | 0.9359      | 0.8796      | 0.9234      | 0.9488      |
| 909.png                  | 0.4456      | 0.2867      | 0.2881      | 0.9824      |
| 918.png                  | 0.7645      | 0.6188      | 0.9455      | 0.6417      |
| 92.png                   | 0.7422      | 0.5900      | 0.9678      | 0.6018      |
| 920.png                  | 0.4964      | 0.3302      | 0.5855      | 0.4309      |
| 922.png                  | 0.9626      | 0.9279      | 0.9705      | 0.9548      |
| 923.png                  | 0.9609      | 0.9247      | 0.9816      | 0.9410      |
| 924.png                  | 0.9423      | 0.8909      | 0.9923      | 0.8971      |
| 925.png                  | 0.9166      | 0.8461      | 0.9810      | 0.8602      |
| 926.png                  | 0.7388      | 0.5858      | 0.6336      | 0.8861      |
| 927.png                  | 0.8330      | 0.7138      | 0.7722      | 0.9042      |
| 928.png                  | 0.8462      | 0.7333      | 0.7750      | 0.9317      |
| 929.png                  | 0.8863      | 0.7959      | 0.9332      | 0.8440      |
| 930.png                  | 0.9287      | 0.8670      | 0.9365      | 0.9211      |
| 931.png                  | 0.9260      | 0.8622      | 0.9321      | 0.9200      |
| 932.png                  | 0.8940      | 0.8083      | 0.9945      | 0.8119      |
| 933.png                  | 0.6976      | 0.5357      | 0.5617      | 0.9203      |
| 934.png                  | 0.8364      | 0.7188      | 0.7349      | 0.9705      |
| 935.png                  | 0.9557      | 0.9151      | 0.9863      | 0.9269      |
| 936.png                  | 0.9652      | 0.9327      | 0.9857      | 0.9455      |
| 937.png                  | 0.9589      | 0.9211      | 0.9935      | 0.9267      |
| 938.png                  | 0.8161      | 0.6893      | 1.0000      | 0.6893      |
| 94.png                   | 0.8479      | 0.7360      | 0.9746      | 0.7504      |
| 947.png                  | 0.6147      | 0.4438      | 0.4603      | 0.9251      |
| 948.png                  | 0.7621      | 0.6157      | 0.7398      | 0.7858      |
| 949.png                  | 0.6386      | 0.4691      | 0.5482      | 0.7647      |
| 95.png                   | 0.7888      | 0.6512      | 0.7494      | 0.8325      |
| 950.png                  | 0.5057      | 0.3384      | 0.5211      | 0.4912      |
| 951.png                  | 0.6469      | 0.4781      | 0.8524      | 0.5213      |
| 965.png                  | 0.8902      | 0.8021      | 0.9065      | 0.8744      |
| 966.png                  | 0.7679      | 0.6232      | 0.6764      | 0.8879      |
| 967.png                  | 0.8820      | 0.7889      | 0.8558      | 0.9099      |
| 968.png                  | 0.7767      | 0.6349      | 0.7303      | 0.8294      |
| 969.png                  | 0.8195      | 0.6942      | 0.7626      | 0.8855      |
| 97.png                   | 0.8911      | 0.8036      | 0.9680      | 0.8255      |
| 970.png                  | 0.9118      | 0.8378      | 0.9024      | 0.9213      |
| 971.png                  | 0.8954      | 0.8107      | 0.9790      | 0.8251      |
| 972.png                  | 0.7014      | 0.5401      | 0.6852      | 0.7184      |
| 973.png                  | 0.6142      | 0.4432      | 1.0000      | 0.4432      |
| 975.png                  | 0.6597      | 0.4923      | 0.9737      | 0.4989      |
| 977.png                  | 0.5660      | 0.3947      | 0.5408      | 0.5937      |
| 978.png                  | 0.8400      | 0.7241      | 0.9098      | 0.7801      |
| 982.png                  | 0.7271      | 0.5712      | 0.5976      | 0.9281      |
| 990.png                  | 0.4246      | 0.2695      | 0.2803      | 0.8754      |
| 991.png                  | 0.9306      | 0.8702      | 0.9744      | 0.8906      |
| 992.png                  | 0.9333      | 0.8750      | 0.9839      | 0.8877      |
| 993.png                  | 0.8873      | 0.7974      | 0.9959      | 0.8000      |
| 994.png                  | 0.8980      | 0.8149      | 0.9519      | 0.8499      |
| 995.png                  | 0.9497      | 0.9042      | 0.9761      | 0.9247      |
| 996.png                  | 0.8986      | 0.8160      | 0.9888      | 0.8235      |
| 997.png                  | 0.7795      | 0.6386      | 0.9624      | 0.6550      |
| 998.png                  | 0.7365      | 0.5829      | 0.7057      | 0.7701      |
| 999.png                  | 0.4212      | 0.2667      | 0.2760      | 0.8887      |
------------------------------------------------------------------------------------
| MEAN                     | 0.7665      | 0.6503      | 0.8314      | 0.7825      |
====================================================================================
