
==================== BANG DANH GIA MASK ====================
------------------------------------------------------------------------------------
| File                     | Dice        | IoU         | Precision   | Recall      |
------------------------------------------------------------------------------------
| 1.png                    | 0.1168      | 0.0620      | 0.0620      | 1.0000      |
| 10.png                   | 0.8947      | 0.8094      | 0.9921      | 0.8147      |
| 100.png                  | 0.0537      | 0.0276      | 0.0276      | 1.0000      |
| 1000.png                 | 0.7899      | 0.6527      | 0.6749      | 0.9520      |
| 1001.png                 | 0.3560      | 0.2165      | 0.2199      | 0.9340      |
| 1002.png                 | 0.9132      | 0.8403      | 0.9679      | 0.8644      |
| 1003.png                 | 0.8079      | 0.6778      | 0.7204      | 0.9196      |
| 1004.png                 | 0.0340      | 0.0173      | 0.0173      | 0.9636      |
| 1005.png                 | 0.8446      | 0.7311      | 0.7940      | 0.9022      |
| 1006.png                 | 0.0352      | 0.0179      | 0.0179      | 1.0000      |
| 1007.png                 | 0.3678      | 0.2254      | 0.2282      | 0.9485      |
| 1008.png                 | 0.0469      | 0.0240      | 0.0240      | 1.0000      |
| 1009.png                 | 0.9207      | 0.8531      | 0.9453      | 0.8974      |
| 101.png                  | 0.0808      | 0.0421      | 0.0421      | 1.0000      |
| 1010.png                 | 0.0294      | 0.0149      | 0.0149      | 1.0000      |
| 1011.png                 | 0.0332      | 0.0169      | 0.0169      | 0.9469      |
| 1012.png                 | 0.0308      | 0.0156      | 0.0156      | 1.0000      |
| 1013.png                 | 0.0268      | 0.0136      | 0.0136      | 0.9242      |
| 1017.png                 | 0.0344      | 0.0175      | 0.0175      | 1.0000      |
| 1018.png                 | 0.8728      | 0.7743      | 1.0000      | 0.7743      |
| 1019.png                 | 0.9595      | 0.9221      | 0.9637      | 0.9553      |
| 102.png                  | 0.1034      | 0.0545      | 0.0545      | 1.0000      |
| 1020.png                 | 0.9590      | 0.9212      | 0.9670      | 0.9510      |
| 1021.png                 | 0.1082      | 0.0572      | 0.0572      | 1.0000      |
| 1022.png                 | 0.0776      | 0.0403      | 0.0403      | 1.0000      |
| 1023.png                 | 0.0748      | 0.0389      | 0.0389      | 1.0000      |
| 1024.png                 | 0.0465      | 0.0238      | 0.0238      | 0.9990      |
| 1025.png                 | 0.0332      | 0.0169      | 0.0169      | 1.0000      |
| 1026.png                 | 0.0393      | 0.0200      | 0.0200      | 1.0000      |
| 1027.png                 | 0.0421      | 0.0215      | 0.0215      | 1.0000      |
| 103.png                  | 0.0646      | 0.0334      | 0.0334      | 1.0000      |
| 1032.png                 | 0.0684      | 0.0354      | 0.0354      | 0.9966      |
| 1033.png                 | 0.0562      | 0.0289      | 0.0289      | 0.9914      |
| 1035.png                 | 0.9434      | 0.8928      | 0.9327      | 0.9543      |
| 1036.png                 | 0.9049      | 0.8263      | 0.9048      | 0.9050      |
| 1037.png                 | 0.1130      | 0.0599      | 0.0599      | 1.0000      |
| 1038.png                 | 0.9208      | 0.8532      | 0.9004      | 0.9422      |
| 1039.png                 | 0.0898      | 0.0470      | 0.0470      | 1.0000      |
| 1040.png                 | 0.7951      | 0.6599      | 0.7276      | 0.8765      |
| 1041.png                 | 0.0340      | 0.0173      | 0.0173      | 1.0000      |
| 1042.png                 | 0.0505      | 0.0259      | 0.0259      | 1.0000      |
| 1043.png                 | 0.0610      | 0.0315      | 0.0315      | 1.0000      |
| 1045.png                 | 0.9204      | 0.8526      | 0.9571      | 0.8865      |
| 1046.png                 | 0.0543      | 0.0279      | 0.0279      | 1.0000      |
| 1047.png                 | 0.0771      | 0.0401      | 0.0401      | 1.0000      |
| 1048.png                 | 0.1008      | 0.0531      | 0.0531      | 1.0000      |
| 1049.png                 | 0.9178      | 0.8481      | 0.9037      | 0.9324      |
| 105.png                  | 0.9286      | 0.8668      | 0.9832      | 0.8798      |
| 1050.png                 | 0.1366      | 0.0733      | 0.0733      | 1.0000      |
| 1051.png                 | 0.9365      | 0.8807      | 0.9791      | 0.8975      |
| 1052.png                 | 0.1050      | 0.0554      | 0.0554      | 1.0000      |
| 1053.png                 | 0.0681      | 0.0353      | 0.0353      | 1.0000      |
| 1054.png                 | 0.0677      | 0.0350      | 0.0350      | 1.0000      |
| 1055.png                 | 0.0689      | 0.0357      | 0.0357      | 1.0000      |
| 1056.png                 | 0.1020      | 0.0538      | 0.0538      | 1.0000      |
| 1057.png                 | 0.0697      | 0.0361      | 0.0361      | 1.0000      |
| 1058.png                 | 0.0328      | 0.0167      | 0.0167      | 1.0000      |
| 1061.png                 | 0.0371      | 0.0189      | 0.0189      | 1.0000      |
| 1062.png                 | 0.0522      | 0.0268      | 0.0268      | 1.0000      |
| 1063.png                 | 0.0535      | 0.0275      | 0.0275      | 1.0000      |
| 1066.png                 | 0.0387      | 0.0197      | 0.0197      | 1.0000      |
| 1070.png                 | 0.7629      | 0.6167      | 0.9888      | 0.6211      |
| 1071.png                 | 0.0264      | 0.0134      | 0.0134      | 1.0000      |
| 1072.png                 | 0.0285      | 0.0145      | 0.0145      | 1.0000      |
| 1075.png                 | 0.4715      | 0.3085      | 1.0000      | 0.3085      |
| 1076.png                 | 0.4345      | 0.2775      | 1.0000      | 0.2775      |
| 1087.png                 | 0.0882      | 0.0461      | 0.0461      | 1.0000      |
| 1089.png                 | 0.7425      | 0.5904      | 0.9586      | 0.6059      |
| 109.png                  | 0.1580      | 0.0858      | 0.0858      | 1.0000      |
| 1090.png                 | 0.8747      | 0.7773      | 0.9658      | 0.7993      |
| 1091.png                 | 0.8501      | 0.7393      | 0.9725      | 0.7550      |
| 1092.png                 | 0.8896      | 0.8011      | 0.9382      | 0.8457      |
| 1094.png                 | 0.0311      | 0.0158      | 0.0158      | 1.0000      |
| 1095.png                 | 0.7891      | 0.6517      | 1.0000      | 0.6517      |
| 1096.png                 | 0.7702      | 0.6263      | 0.9675      | 0.6397      |
| 1097.png                 | 0.8041      | 0.6724      | 0.8507      | 0.7623      |
| 1098.png                 | 0.0314      | 0.0160      | 0.0160      | 1.0000      |
| 1099.png                 | 0.0891      | 0.0466      | 0.0466      | 1.0000      |
| 11.png                   | 0.9584      | 0.9201      | 0.9810      | 0.9368      |
| 1100.png                 | 0.6296      | 0.4594      | 0.9978      | 0.4598      |
| 1101.png                 | 0.6667      | 0.5000      | 0.9248      | 0.5212      |
| 1102.png                 | 0.0291      | 0.0148      | 0.0148      | 1.0000      |
| 1103.png                 | 0.0708      | 0.0367      | 0.0367      | 1.0000      |
| 1104.png                 | 0.1233      | 0.0657      | 0.0657      | 1.0000      |
| 1105.png                 | 0.5647      | 0.3934      | 0.9886      | 0.3952      |
| 1106.png                 | 0.2725      | 0.1577      | 0.1691      | 0.7020      |
| 1107.png                 | 0.7680      | 0.6234      | 0.9961      | 0.6249      |
| 1108.png                 | 0.7467      | 0.5958      | 0.7929      | 0.7055      |
| 1110.png                 | 0.7860      | 0.6474      | 0.9985      | 0.6481      |
| 1111.png                 | 0.8678      | 0.7665      | 0.9753      | 0.7817      |
| 1114.png                 | 0.0547      | 0.0281      | 0.0281      | 1.0000      |
| 1118.png                 | 0.0380      | 0.0193      | 0.0193      | 1.0000      |
| 112.png                  | 0.0833      | 0.0434      | 0.0435      | 0.9857      |
| 1122.png                 | 0.0538      | 0.0277      | 0.0277      | 1.0000      |
| 1123.png                 | 0.0445      | 0.0228      | 0.0228      | 1.0000      |
| 1125.png                 | 0.0537      | 0.0276      | 0.0276      | 1.0000      |
| 1126.png                 | 0.0000      | 0.0000      | 0.0000      | 0.0000      |
| 1127.png                 | 0.0414      | 0.0211      | 0.0211      | 1.0000      |
| 1129.png                 | 0.0534      | 0.0274      | 0.0274      | 1.0000      |
| 113.png                  | 0.9393      | 0.8856      | 0.9732      | 0.9078      |
| 1130.png                 | 0.0773      | 0.0402      | 0.0402      | 1.0000      |
| 1131.png                 | 0.0874      | 0.0457      | 0.0457      | 1.0000      |
| 1132.png                 | 0.0621      | 0.0321      | 0.0321      | 1.0000      |
| 1133.png                 | 0.0520      | 0.0267      | 0.0267      | 1.0000      |
| 1134.png                 | 0.8593      | 0.7533      | 0.8816      | 0.8381      |
| 1135.png                 | 0.0367      | 0.0187      | 0.0187      | 1.0000      |
| 1136.png                 | 0.0410      | 0.0209      | 0.0209      | 1.0000      |
| 1137.png                 | 0.0464      | 0.0237      | 0.0237      | 1.0000      |
| 1138.png                 | 0.0264      | 0.0134      | 0.0134      | 1.0000      |
| 114.png                  | 0.9275      | 0.8648      | 0.9691      | 0.8893      |
| 1140.png                 | 0.8132      | 0.6852      | 0.8609      | 0.7705      |
| 1141.png                 | 0.8378      | 0.7209      | 0.8309      | 0.8449      |
| 1142.png                 | 0.8149      | 0.6876      | 0.7438      | 0.9009      |
| 1143.png                 | 0.0570      | 0.0293      | 0.0293      | 1.0000      |
| 1144.png                 | 0.7491      | 0.5988      | 0.6884      | 0.8215      |
| 1145.png                 | 0.8066      | 0.6759      | 0.7528      | 0.8687      |
| 1146.png                 | 0.9151      | 0.8435      | 0.9851      | 0.8544      |
| 1147.png                 | 0.8545      | 0.7459      | 0.9135      | 0.8026      |
| 1148.png                 | 0.7352      | 0.5813      | 0.6554      | 0.8372      |
| 1149.png                 | 0.5251      | 0.3560      | 0.9697      | 0.3600      |
| 115.png                  | 0.9605      | 0.9241      | 0.9884      | 0.9342      |
| 1151.png                 | 0.0238      | 0.0121      | 0.0121      | 1.0000      |
| 1152.png                 | 0.3836      | 0.2373      | 0.2448      | 0.8859      |
| 1154.png                 | 0.0390      | 0.0199      | 0.0199      | 1.0000      |
| 1155.png                 | 0.0394      | 0.0201      | 0.0201      | 1.0000      |
| 1156.png                 | 0.0397      | 0.0203      | 0.0203      | 1.0000      |
| 1157.png                 | 0.9015      | 0.8206      | 0.8802      | 0.9238      |
| 1158.png                 | 0.0845      | 0.0441      | 0.0441      | 1.0000      |
| 1159.png                 | 0.0813      | 0.0424      | 0.0424      | 1.0000      |
| 116.png                  | 0.9014      | 0.8205      | 0.8885      | 0.9147      |
| 1160.png                 | 0.0515      | 0.0264      | 0.0264      | 1.0000      |
| 1161.png                 | 0.7332      | 0.5788      | 0.6245      | 0.8878      |
| 1162.png                 | 0.9171      | 0.8468      | 0.9795      | 0.8621      |
| 1163.png                 | 0.0882      | 0.0461      | 0.0462      | 0.9929      |
| 1169.png                 | 0.0727      | 0.0377      | 0.0377      | 1.0000      |
| 117.png                  | 0.2501      | 0.1429      | 0.1429      | 1.0000      |
| 1170.png                 | 0.0875      | 0.0457      | 0.0457      | 1.0000      |
| 1171.png                 | 0.1110      | 0.0588      | 0.0588      | 0.9973      |
| 1172.png                 | 0.9519      | 0.9081      | 0.9371      | 0.9671      |
| 1173.png                 | 0.1020      | 0.0538      | 0.0538      | 1.0000      |
| 1174.png                 | 0.0938      | 0.0492      | 0.0492      | 0.9974      |
| 1175.png                 | 0.0473      | 0.0242      | 0.0242      | 0.9987      |
| 1176.png                 | 0.8495      | 0.7384      | 0.9038      | 0.8013      |
| 1177.png                 | 0.0504      | 0.0259      | 0.0259      | 1.0000      |
| 1178.png                 | 0.0632      | 0.0326      | 0.0326      | 0.9967      |
| 1179.png                 | 0.0542      | 0.0279      | 0.0279      | 0.9988      |
| 118.png                  | 0.9268      | 0.8636      | 0.9904      | 0.8709      |
| 1180.png                 | 0.0400      | 0.0204      | 0.0204      | 1.0000      |
| 1182.png                 | 0.0376      | 0.0192      | 0.0192      | 1.0000      |
| 1183.png                 | 0.3497      | 0.2119      | 0.2144      | 0.9463      |
| 1184.png                 | 0.0881      | 0.0461      | 0.0461      | 1.0000      |
| 1185.png                 | 0.8079      | 0.6777      | 0.6996      | 0.9558      |
| 1186.png                 | 0.8526      | 0.7431      | 0.7778      | 0.9432      |
| 1187.png                 | 0.6208      | 0.4501      | 0.4624      | 0.9442      |
| 1188.png                 | 0.0825      | 0.0430      | 0.0430      | 1.0000      |
| 1194.png                 | 0.0292      | 0.0148      | 0.0148      | 0.9779      |
| 1195.png                 | 0.0325      | 0.0165      | 0.0165      | 0.9768      |
| 1197.png                 | 0.0363      | 0.0185      | 0.0185      | 0.9988      |
| 12.png                   | 0.9698      | 0.9413      | 0.9749      | 0.9647      |
| 1202.png                 | 0.0232      | 0.0117      | 0.0117      | 1.0000      |
| 1205.png                 | 0.0000      | 0.0000      | 0.0000      | 0.0000      |
| 1219.png                 | 0.0460      | 0.0235      | 0.0235      | 0.9639      |
| 1220.png                 | 0.0478      | 0.0245      | 0.0245      | 1.0000      |
| 1221.png                 | 0.0610      | 0.0315      | 0.0315      | 0.9823      |
| 1222.png                 | 0.0368      | 0.0188      | 0.0188      | 1.0000      |
| 1223.png                 | 0.0356      | 0.0181      | 0.0181      | 1.0000      |
| 1224.png                 | 0.0297      | 0.0151      | 0.0151      | 1.0000      |
| 1225.png                 | 0.0245      | 0.0124      | 0.0124      | 1.0000      |
| 1226.png                 | 0.0131      | 0.0066      | 0.0066      | 1.0000      |
| 1227.png                 | 0.0144      | 0.0073      | 0.0073      | 1.0000      |
| 1228.png                 | 0.0146      | 0.0074      | 0.0074      | 1.0000      |
| 1230.png                 | 0.6519      | 0.4836      | 0.5971      | 0.7178      |
| 1236.png                 | 0.0246      | 0.0125      | 0.0125      | 1.0000      |
| 124.png                  | 0.1076      | 0.0569      | 0.0569      | 1.0000      |
| 1244.png                 | 0.0422      | 0.0215      | 0.0215      | 1.0000      |
| 1245.png                 | 0.0274      | 0.0139      | 0.0139      | 1.0000      |
| 1246.png                 | 0.0994      | 0.0523      | 0.0523      | 1.0000      |
| 1247.png                 | 0.0616      | 0.0318      | 0.0318      | 0.9952      |
| 1248.png                 | 0.0734      | 0.0381      | 0.0381      | 0.9936      |
| 1249.png                 | 0.0693      | 0.0359      | 0.0359      | 1.0000      |
| 1250.png                 | 0.0464      | 0.0237      | 0.0237      | 1.0000      |
| 1251.png                 | 0.0252      | 0.0127      | 0.0127      | 1.0000      |
| 1252.png                 | 0.0316      | 0.0161      | 0.0161      | 1.0000      |
| 1253.png                 | 0.0348      | 0.0177      | 0.0177      | 1.0000      |
| 1254.png                 | 0.0337      | 0.0171      | 0.0171      | 1.0000      |
| 1255.png                 | 0.3263      | 0.1950      | 0.1984      | 0.9174      |
| 1256.png                 | 0.5515      | 0.3808      | 0.3808      | 1.0000      |
| 1257.png                 | 0.5692      | 0.3978      | 0.4141      | 0.9101      |
| 1258.png                 | 0.6408      | 0.4714      | 0.4995      | 0.8935      |
| 1259.png                 | 0.5558      | 0.3848      | 0.3904      | 0.9642      |
| 1260.png                 | 0.0251      | 0.0127      | 0.0127      | 1.0000      |
| 1261.png                 | 0.5579      | 0.3869      | 0.3970      | 0.9384      |
| 1262.png                 | 0.5910      | 0.4194      | 0.4237      | 0.9763      |
| 1264.png                 | 0.5280      | 0.3587      | 0.3747      | 0.8937      |
| 1265.png                 | 0.0213      | 0.0108      | 0.0108      | 1.0000      |
| 1266.png                 | 0.0069      | 0.0035      | 0.0035      | 1.0000      |
| 1273.png                 | 0.0290      | 0.0147      | 0.0147      | 1.0000      |
| 1274.png                 | 0.0342      | 0.0174      | 0.0174      | 0.9709      |
| 1276.png                 | 0.0694      | 0.0360      | 0.0360      | 1.0000      |
| 1277.png                 | 0.9323      | 0.8732      | 0.9751      | 0.8931      |
| 1278.png                 | 0.0723      | 0.0375      | 0.0375      | 1.0000      |
| 1281.png                 | 0.1094      | 0.0579      | 0.0579      | 1.0000      |
| 1282.png                 | 0.6657      | 0.4989      | 0.5140      | 0.9443      |
| 1285.png                 | 0.0158      | 0.0080      | 0.0080      | 1.0000      |
| 1286.png                 | 0.0168      | 0.0085      | 0.0085      | 1.0000      |
| 1287.png                 | 0.7372      | 0.5838      | 0.9712      | 0.5941      |
| 1289.png                 | 0.0270      | 0.0137      | 0.0137      | 0.9781      |
| 1291.png                 | 0.0251      | 0.0127      | 0.0127      | 1.0000      |
| 1293.png                 | 0.0319      | 0.0162      | 0.0162      | 0.9867      |
| 1294.png                 | 0.0326      | 0.0166      | 0.0166      | 1.0000      |
| 1296.png                 | 0.0556      | 0.0286      | 0.0287      | 0.9473      |
| 1297.png                 | 0.0496      | 0.0254      | 0.0255      | 0.9108      |
| 1298.png                 | 0.0404      | 0.0206      | 0.0207      | 0.8971      |
| 1299.png                 | 0.8102      | 0.6810      | 0.8374      | 0.7847      |
| 13.png                   | 0.9659      | 0.9340      | 0.9621      | 0.9698      |
| 1300.png                 | 0.0151      | 0.0076      | 0.0076      | 1.0000      |
| 1302.png                 | 0.0210      | 0.0106      | 0.0106      | 1.0000      |
| 1303.png                 | 0.0246      | 0.0124      | 0.0124      | 1.0000      |
| 1304.png                 | 0.0528      | 0.0271      | 0.0271      | 1.0000      |
| 1305.png                 | 0.0560      | 0.0288      | 0.0289      | 0.9736      |
| 1307.png                 | 0.0322      | 0.0164      | 0.0164      | 1.0000      |
| 1308.png                 | 0.0367      | 0.0187      | 0.0187      | 1.0000      |
| 1309.png                 | 0.0271      | 0.0137      | 0.0137      | 1.0000      |
| 1310.png                 | 0.0613      | 0.0316      | 0.0317      | 0.9732      |
| 1311.png                 | 0.0681      | 0.0353      | 0.0353      | 0.9676      |
| 1312.png                 | 0.0529      | 0.0271      | 0.0271      | 1.0000      |
| 1313.png                 | 0.9167      | 0.8462      | 0.9103      | 0.9231      |
| 1314.png                 | 0.0387      | 0.0197      | 0.0197      | 1.0000      |
| 1315.png                 | 0.9594      | 0.9219      | 0.9643      | 0.9545      |
| 1317.png                 | 0.0573      | 0.0295      | 0.0295      | 1.0000      |
| 1318.png                 | 0.0483      | 0.0248      | 0.0248      | 1.0000      |
| 1319.png                 | 0.0524      | 0.0269      | 0.0269      | 1.0000      |
| 132.png                  | 0.8878      | 0.7982      | 0.9680      | 0.8199      |
| 1320.png                 | 0.0325      | 0.0165      | 0.0165      | 1.0000      |
| 1321.png                 | 0.7845      | 0.6454      | 1.0000      | 0.6454      |
| 1322.png                 | 0.0178      | 0.0090      | 0.0090      | 1.0000      |
| 1323.png                 | 0.7613      | 0.6145      | 0.6400      | 0.9392      |
| 1324.png                 | 0.8785      | 0.7833      | 0.9888      | 0.7904      |
| 1325.png                 | 0.0142      | 0.0072      | 0.0072      | 1.0000      |
| 1326.png                 | 0.8392      | 0.7229      | 0.8296      | 0.8490      |
| 1327.png                 | 0.9091      | 0.8333      | 0.8793      | 0.9409      |
| 1328.png                 | 0.9277      | 0.8652      | 0.9716      | 0.8876      |
| 1329.png                 | 0.8526      | 0.7430      | 0.9972      | 0.7446      |
| 133.png                  | 0.9338      | 0.8758      | 0.9988      | 0.8768      |
| 1330.png                 | 0.0000      | 0.0000      | 0.0000      | 0.0000      |
| 1333.png                 | 0.0352      | 0.0179      | 0.0179      | 1.0000      |
| 1334.png                 | 0.7932      | 0.6573      | 0.9836      | 0.6645      |
| 1335.png                 | 0.8967      | 0.8127      | 0.9858      | 0.8223      |
| 1337.png                 | 0.9225      | 0.8561      | 0.9484      | 0.8979      |
| 134.png                  | 0.9472      | 0.8997      | 0.9721      | 0.9236      |
| 1345.png                 | 0.0348      | 0.0177      | 0.0177      | 1.0000      |
| 1348.png                 | 0.0092      | 0.0046      | 0.0046      | 1.0000      |
| 1349.png                 | 0.8702      | 0.7702      | 0.9656      | 0.7919      |
| 1350.png                 | 0.8684      | 0.7675      | 0.9248      | 0.8185      |
| 1353.png                 | 0.1844      | 0.1016      | 0.1016      | 1.0000      |
| 1354.png                 | 0.1201      | 0.0639      | 0.0639      | 1.0000      |
| 1355.png                 | 0.1259      | 0.0672      | 0.0672      | 1.0000      |
| 1356.png                 | 0.9558      | 0.9154      | 0.9344      | 0.9783      |
| 1357.png                 | 0.9634      | 0.9294      | 0.9509      | 0.9763      |
| 1358.png                 | 0.1145      | 0.0607      | 0.0607      | 1.0000      |
| 1359.png                 | 0.0769      | 0.0400      | 0.0400      | 1.0000      |
| 1370.png                 | 0.0495      | 0.0254      | 0.0254      | 1.0000      |
| 1371.png                 | 0.0404      | 0.0206      | 0.0206      | 1.0000      |
| 1372.png                 | 0.0291      | 0.0148      | 0.0148      | 1.0000      |
| 1373.png                 | 0.8743      | 0.7767      | 0.7776      | 0.9985      |
| 1374.png                 | 0.2291      | 0.1294      | 0.1306      | 0.9326      |
| 1375.png                 | 0.2949      | 0.1730      | 0.1751      | 0.9339      |
| 1376.png                 | 0.7746      | 0.6321      | 0.6754      | 0.9079      |
| 1377.png                 | 0.8142      | 0.6867      | 0.8166      | 0.8119      |
| 1378.png                 | 0.0203      | 0.0103      | 0.0103      | 0.9257      |
| 1379.png                 | 0.8091      | 0.6794      | 0.7368      | 0.8972      |
| 1380.png                 | 0.1107      | 0.0586      | 0.0586      | 0.9831      |
| 1381.png                 | 0.7635      | 0.6175      | 0.6481      | 0.9288      |
| 1382.png                 | 0.7591      | 0.6118      | 0.9076      | 0.6524      |
| 1389.png                 | 0.0298      | 0.0151      | 0.0151      | 1.0000      |
| 139.png                  | 0.9521      | 0.9087      | 0.9757      | 0.9297      |
| 1390.png                 | 0.0601      | 0.0310      | 0.0310      | 1.0000      |
| 1397.png                 | 0.0979      | 0.0515      | 0.0515      | 1.0000      |
| 14.png                   | 0.9683      | 0.9385      | 0.9744      | 0.9623      |
| 140.png                  | 0.9373      | 0.8820      | 0.9720      | 0.9050      |
| 1405.png                 | 0.0328      | 0.0167      | 0.0167      | 1.0000      |
| 1406.png                 | 0.0245      | 0.0124      | 0.0124      | 1.0000      |
| 1407.png                 | 0.3382      | 0.2035      | 0.2085      | 0.8957      |
| 1409.png                 | 0.0220      | 0.0111      | 0.0111      | 1.0000      |
| 1410.png                 | 0.0319      | 0.0162      | 0.0162      | 1.0000      |
| 1411.png                 | 0.8259      | 0.7035      | 0.7388      | 0.9363      |
| 1412.png                 | 0.8123      | 0.6840      | 0.9964      | 0.6856      |
| 1414.png                 | 0.0281      | 0.0142      | 0.0142      | 1.0000      |
| 1415.png                 | 0.0403      | 0.0205      | 0.0206      | 0.9887      |
| 1416.png                 | 0.0240      | 0.0121      | 0.0121      | 1.0000      |
| 1417.png                 | 0.8678      | 0.7664      | 0.8388      | 0.8988      |
| 1418.png                 | 0.9332      | 0.8747      | 0.9603      | 0.9076      |
| 1419.png                 | 0.9083      | 0.8320      | 0.9205      | 0.8965      |
| 142.png                  | 0.8811      | 0.7875      | 0.9984      | 0.7885      |
| 1420.png                 | 0.0205      | 0.0104      | 0.0104      | 1.0000      |
| 1422.png                 | 0.0253      | 0.0128      | 0.0128      | 0.9949      |
| 1424.png                 | 0.0374      | 0.0191      | 0.0191      | 1.0000      |
| 1426.png                 | 0.3030      | 0.1786      | 0.1793      | 0.9769      |
| 1427.png                 | 0.9426      | 0.8915      | 0.9803      | 0.9077      |
| 1428.png                 | 0.9479      | 0.9010      | 0.9850      | 0.9136      |
| 1429.png                 | 0.0244      | 0.0124      | 0.0124      | 1.0000      |
| 143.png                  | 0.9132      | 0.8402      | 0.9987      | 0.8412      |
| 1432.png                 | 0.8298      | 0.7091      | 0.7504      | 0.9279      |
| 1433.png                 | 0.9044      | 0.8254      | 0.9095      | 0.8993      |
| 1435.png                 | 0.1417      | 0.0763      | 0.0763      | 1.0000      |
| 1436.png                 | 0.0936      | 0.0491      | 0.0491      | 1.0000      |
| 1437.png                 | 0.0659      | 0.0341      | 0.0341      | 1.0000      |
| 1438.png                 | 0.0581      | 0.0299      | 0.0299      | 1.0000      |
| 1439.png                 | 0.0756      | 0.0393      | 0.0393      | 1.0000      |
| 1442.png                 | 0.8565      | 0.7490      | 0.7817      | 0.9471      |
| 1443.png                 | 0.0547      | 0.0281      | 0.0282      | 0.9364      |
| 1444.png                 | 0.9202      | 0.8521      | 0.8999      | 0.9414      |
| 1445.png                 | 0.9760      | 0.9531      | 0.9876      | 0.9647      |
| 1446.png                 | 0.9566      | 0.9168      | 0.9339      | 0.9804      |
| 1450.png                 | 0.0473      | 0.0242      | 0.0242      | 0.9925      |
| 1451.png                 | 0.0520      | 0.0267      | 0.0267      | 0.9984      |
| 1452.png                 | 0.0441      | 0.0226      | 0.0226      | 1.0000      |
| 1453.png                 | 0.9032      | 0.8236      | 0.8908      | 0.9161      |
| 1454.png                 | 0.9479      | 0.9009      | 0.9954      | 0.9047      |
| 1455.png                 | 0.0208      | 0.0105      | 0.0105      | 1.0000      |
| 1456.png                 | 0.0277      | 0.0140      | 0.0140      | 1.0000      |
| 1457.png                 | 0.0332      | 0.0169      | 0.0169      | 1.0000      |
| 1458.png                 | 0.0359      | 0.0183      | 0.0183      | 1.0000      |
| 1460.png                 | 0.0430      | 0.0220      | 0.0220      | 1.0000      |
| 1461.png                 | 0.0479      | 0.0245      | 0.0245      | 1.0000      |
| 1462.png                 | 0.0459      | 0.0235      | 0.0235      | 1.0000      |
| 1469.png                 | 0.8806      | 0.7867      | 0.8889      | 0.8725      |
| 147.png                  | 0.2885      | 0.1686      | 0.1686      | 1.0000      |
| 1470.png                 | 0.8857      | 0.7948      | 0.8730      | 0.8987      |
| 1472.png                 | 0.0151      | 0.0076      | 0.0076      | 1.0000      |
| 1473.png                 | 0.0168      | 0.0085      | 0.0085      | 1.0000      |
| 1474.png                 | 0.0133      | 0.0067      | 0.0067      | 1.0000      |
| 1476.png                 | 0.0149      | 0.0075      | 0.0075      | 1.0000      |
| 1477.png                 | 0.0310      | 0.0157      | 0.0157      | 1.0000      |
| 1478.png                 | 0.0135      | 0.0068      | 0.0068      | 1.0000      |
| 1479.png                 | 0.0098      | 0.0049      | 0.0049      | 1.0000      |
| 1480.png                 | 0.8127      | 0.6845      | 0.7194      | 0.9339      |
| 1481.png                 | 0.0301      | 0.0153      | 0.0153      | 1.0000      |
| 1482.png                 | 0.0368      | 0.0187      | 0.0187      | 1.0000      |
| 1484.png                 | 0.0441      | 0.0226      | 0.0226      | 0.9995      |
| 1485.png                 | 0.0500      | 0.0257      | 0.0257      | 0.9912      |
| 1486.png                 | 0.0337      | 0.0171      | 0.0171      | 1.0000      |
| 1487.png                 | 0.0096      | 0.0048      | 0.0048      | 1.0000      |
| 1488.png                 | 0.0164      | 0.0083      | 0.0083      | 1.0000      |
| 1490.png                 | 0.0305      | 0.0155      | 0.0155      | 1.0000      |
| 1491.png                 | 0.0158      | 0.0080      | 0.0080      | 1.0000      |
| 1492.png                 | 0.0146      | 0.0073      | 0.0073      | 1.0000      |
| 1496.png                 | 0.0722      | 0.0374      | 0.0374      | 1.0000      |
| 1498.png                 | 0.0407      | 0.0207      | 0.0207      | 1.0000      |
| 1499.png                 | 0.7839      | 0.6446      | 0.6824      | 0.9209      |
| 15.png                   | 0.9234      | 0.8577      | 0.9532      | 0.8955      |
| 1500.png                 | 0.0722      | 0.0375      | 0.0375      | 1.0000      |
| 1501.png                 | 0.0826      | 0.0431      | 0.0431      | 1.0000      |
| 1503.png                 | 0.0850      | 0.0444      | 0.0444      | 1.0000      |
| 1506.png                 | 0.4772      | 0.3134      | 0.3178      | 0.9571      |
| 1507.png                 | 0.3758      | 0.2314      | 0.2346      | 0.9443      |
| 1508.png                 | 0.8282      | 0.7068      | 0.7287      | 0.9593      |
| 1509.png                 | 0.9404      | 0.8875      | 0.9289      | 0.9522      |
| 1510.png                 | 0.0498      | 0.0255      | 0.0255      | 1.0000      |
| 1511.png                 | 0.0210      | 0.0106      | 0.0106      | 1.0000      |
| 1512.png                 | 0.7832      | 0.6436      | 0.6718      | 0.9388      |
| 1513.png                 | 0.8090      | 0.6792      | 0.7153      | 0.9309      |
| 1514.png                 | 0.0176      | 0.0089      | 0.0089      | 1.0000      |
| 1516.png                 | 0.0394      | 0.0201      | 0.0201      | 1.0000      |
| 1517.png                 | 0.0493      | 0.0253      | 0.0253      | 1.0000      |
| 1518.png                 | 0.0482      | 0.0247      | 0.0247      | 1.0000      |
| 1519.png                 | 0.0365      | 0.0186      | 0.0186      | 1.0000      |
| 1520.png                 | 0.0195      | 0.0099      | 0.0099      | 1.0000      |
| 1523.png                 | 0.0493      | 0.0253      | 0.0253      | 1.0000      |
| 1525.png                 | 0.0712      | 0.0369      | 0.0369      | 1.0000      |
| 1527.png                 | 0.0175      | 0.0088      | 0.0088      | 1.0000      |
| 1533.png                 | 0.7755      | 0.6333      | 0.7053      | 0.8611      |
| 1534.png                 | 0.8866      | 0.7963      | 0.8502      | 0.9263      |
| 1535.png                 | 0.9311      | 0.8711      | 0.9627      | 0.9015      |
| 1536.png                 | 0.8041      | 0.6724      | 0.6905      | 0.9625      |
| 1538.png                 | 0.1516      | 0.0820      | 0.0820      | 1.0000      |
| 1539.png                 | 0.1935      | 0.1071      | 0.1071      | 1.0000      |
| 154.png                  | 0.1940      | 0.1074      | 0.1074      | 1.0000      |
| 1540.png                 | 0.2219      | 0.1248      | 0.1248      | 1.0000      |
| 1541.png                 | 0.2103      | 0.1175      | 0.1175      | 1.0000      |
| 1542.png                 | 0.1911      | 0.1056      | 0.1056      | 1.0000      |
| 1543.png                 | 0.1141      | 0.0605      | 0.0605      | 1.0000      |
| 1545.png                 | 0.0414      | 0.0211      | 0.0211      | 1.0000      |
| 1546.png                 | 0.0755      | 0.0393      | 0.0393      | 1.0000      |
| 1547.png                 | 0.0870      | 0.0455      | 0.0455      | 1.0000      |
| 1548.png                 | 0.0882      | 0.0461      | 0.0461      | 1.0000      |
| 1549.png                 | 0.0826      | 0.0431      | 0.0431      | 1.0000      |
| 155.png                  | 0.2620      | 0.1508      | 0.1508      | 1.0000      |
| 1550.png                 | 0.0708      | 0.0367      | 0.0367      | 1.0000      |
| 1551.png                 | 0.0558      | 0.0287      | 0.0287      | 1.0000      |
| 1553.png                 | 0.0504      | 0.0259      | 0.0259      | 1.0000      |
| 1554.png                 | 0.0401      | 0.0205      | 0.0205      | 1.0000      |
| 1555.png                 | 0.0350      | 0.0178      | 0.0178      | 1.0000      |
| 1556.png                 | 0.0270      | 0.0137      | 0.0137      | 1.0000      |
| 1557.png                 | 0.0062      | 0.0031      | 0.0031      | 1.0000      |
| 1558.png                 | 0.0112      | 0.0056      | 0.0056      | 1.0000      |
| 1559.png                 | 0.8816      | 0.7883      | 0.8129      | 0.9630      |
| 1560.png                 | 0.9007      | 0.8194      | 0.8835      | 0.9186      |
| 1561.png                 | 0.9120      | 0.8382      | 0.8712      | 0.9569      |
| 1562.png                 | 0.0234      | 0.0119      | 0.0119      | 1.0000      |
| 1563.png                 | 0.0154      | 0.0078      | 0.0078      | 0.8121      |
| 1564.png                 | 0.6094      | 0.4382      | 0.5367      | 0.7047      |
| 1565.png                 | 0.7549      | 0.6063      | 0.7352      | 0.7757      |
| 1566.png                 | 0.6331      | 0.4632      | 0.4988      | 0.8664      |
| 1567.png                 | 0.8018      | 0.6692      | 0.7988      | 0.8049      |
| 1568.png                 | 0.0162      | 0.0082      | 0.0082      | 1.0000      |
| 157.png                  | 0.2898      | 0.1695      | 0.1695      | 1.0000      |
| 1571.png                 | 0.8498      | 0.7388      | 0.8247      | 0.8765      |
| 1572.png                 | 0.0104      | 0.0052      | 0.0052      | 1.0000      |
| 1577.png                 | 0.0000      | 0.0000      | 0.0000      | 0.0000      |
| 1578.png                 | 0.0658      | 0.0340      | 0.0340      | 1.0000      |
| 1579.png                 | 0.0490      | 0.0251      | 0.0251      | 1.0000      |
| 158.png                  | 0.2475      | 0.1412      | 0.1412      | 1.0000      |
| 1580.png                 | 0.4235      | 0.2686      | 0.3432      | 0.5528      |
| 1590.png                 | 0.0294      | 0.0149      | 0.0149      | 1.0000      |
| 1591.png                 | 0.0339      | 0.0173      | 0.0173      | 1.0000      |
| 1592.png                 | 0.0265      | 0.0134      | 0.0134      | 1.0000      |
| 1593.png                 | 0.0356      | 0.0181      | 0.0181      | 1.0000      |
| 1594.png                 | 0.0120      | 0.0060      | 0.0060      | 0.9794      |
| 1595.png                 | 0.0119      | 0.0060      | 0.0060      | 1.0000      |
| 1596.png                 | 0.7768      | 0.6351      | 0.8438      | 0.7197      |
| 1597.png                 | 0.7789      | 0.6379      | 0.9662      | 0.6524      |
| 1598.png                 | 0.7085      | 0.5486      | 0.9285      | 0.5728      |
| 16.png                   | 0.7616      | 0.6150      | 0.6883      | 0.8523      |
| 160.png                  | 0.0607      | 0.0313      | 0.0313      | 1.0000      |
| 1600.png                 | 0.9086      | 0.8325      | 0.9157      | 0.9015      |
| 1601.png                 | 0.8872      | 0.7973      | 0.8236      | 0.9615      |
| 1602.png                 | 0.9283      | 0.8662      | 0.9197      | 0.9370      |
| 1603.png                 | 0.9314      | 0.8715      | 0.9412      | 0.9217      |
| 1604.png                 | 0.0128      | 0.0065      | 0.0065      | 1.0000      |
| 1605.png                 | 0.0134      | 0.0067      | 0.0067      | 1.0000      |
| 1606.png                 | 0.8007      | 0.6676      | 0.7350      | 0.8792      |
| 1608.png                 | 0.8751      | 0.7779      | 0.9208      | 0.8337      |
| 1609.png                 | 0.0336      | 0.0171      | 0.0171      | 1.0000      |
| 161.png                  | 0.9406      | 0.8878      | 0.9649      | 0.9174      |
| 1610.png                 | 0.0325      | 0.0165      | 0.0165      | 1.0000      |
| 1611.png                 | 0.0631      | 0.0326      | 0.0326      | 1.0000      |
| 1612.png                 | 0.0656      | 0.0339      | 0.0339      | 1.0000      |
| 1613.png                 | 0.0395      | 0.0201      | 0.0201      | 1.0000      |
| 1614.png                 | 0.0561      | 0.0289      | 0.0289      | 1.0000      |
| 1617.png                 | 0.0257      | 0.0130      | 0.0130      | 1.0000      |
| 1618.png                 | 0.0509      | 0.0261      | 0.0261      | 1.0000      |
| 1619.png                 | 0.0496      | 0.0254      | 0.0254      | 1.0000      |
| 162.png                  | 0.9462      | 0.8979      | 0.9789      | 0.9156      |
| 1620.png                 | 0.0451      | 0.0231      | 0.0231      | 1.0000      |
| 1622.png                 | 0.0455      | 0.0233      | 0.0233      | 1.0000      |
| 1625.png                 | 0.1982      | 0.1100      | 0.1100      | 0.9998      |
| 1626.png                 | 0.1572      | 0.0853      | 0.0853      | 1.0000      |
| 1628.png                 | 0.0202      | 0.0102      | 0.0102      | 1.0000      |
| 1629.png                 | 0.0490      | 0.0251      | 0.0251      | 1.0000      |
| 1630.png                 | 0.8984      | 0.8156      | 0.8389      | 0.9670      |
| 1631.png                 | 0.9408      | 0.8882      | 0.9209      | 0.9615      |
| 1632.png                 | 0.9423      | 0.8908      | 0.9346      | 0.9501      |
| 1635.png                 | 0.0482      | 0.0247      | 0.0247      | 1.0000      |
| 1636.png                 | 0.9050      | 0.8265      | 0.8449      | 0.9742      |
| 1637.png                 | 0.9354      | 0.8786      | 0.9121      | 0.9599      |
| 1638.png                 | 0.8854      | 0.7943      | 0.8312      | 0.9471      |
| 1639.png                 | 0.0641      | 0.0331      | 0.0331      | 1.0000      |
| 164.png                  | 0.0672      | 0.0347      | 0.0347      | 1.0000      |
| 165.png                  | 0.0907      | 0.0475      | 0.0475      | 1.0000      |
| 1656.png                 | 0.0165      | 0.0083      | 0.0083      | 0.9919      |
| 1657.png                 | 0.0153      | 0.0077      | 0.0077      | 0.9803      |
| 166.png                  | 0.1350      | 0.0724      | 0.0724      | 1.0000      |
| 1665.png                 | 0.7890      | 0.6515      | 0.8918      | 0.7074      |
| 1666.png                 | 0.0216      | 0.0109      | 0.0109      | 1.0000      |
| 1667.png                 | 0.0285      | 0.0145      | 0.0145      | 0.9539      |
| 1668.png                 | 0.0344      | 0.0175      | 0.0176      | 0.7709      |
| 1669.png                 | 0.0332      | 0.0169      | 0.0169      | 0.9667      |
| 167.png                  | 0.9520      | 0.9084      | 0.9642      | 0.9401      |
| 1670.png                 | 0.0289      | 0.0147      | 0.0147      | 0.9866      |
| 1671.png                 | 0.7939      | 0.6583      | 0.7492      | 0.8443      |
| 1672.png                 | 0.0082      | 0.0041      | 0.0041      | 1.0000      |
| 1677.png                 | 0.7797      | 0.6389      | 0.9667      | 0.6533      |
| 1679.png                 | 0.0537      | 0.0276      | 0.0276      | 1.0000      |
| 168.png                  | 0.9179      | 0.8482      | 0.9525      | 0.8857      |
| 1681.png                 | 0.0609      | 0.0314      | 0.0314      | 1.0000      |
| 1685.png                 | 0.0585      | 0.0301      | 0.0301      | 1.0000      |
| 1689.png                 | 0.0557      | 0.0286      | 0.0286      | 1.0000      |
| 1691.png                 | 0.0237      | 0.0120      | 0.0120      | 1.0000      |
| 1692.png                 | 0.3146      | 0.1867      | 0.1876      | 0.9732      |
| 1693.png                 | 0.3564      | 0.2168      | 0.2176      | 0.9837      |
| 1694.png                 | 0.0428      | 0.0218      | 0.0218      | 1.0000      |
| 1697.png                 | 0.0276      | 0.0140      | 0.0140      | 1.0000      |
| 1699.png                 | 0.0179      | 0.0090      | 0.0090      | 1.0000      |
| 17.png                   | 0.7685      | 0.6241      | 0.9689      | 0.6368      |
| 1700.png                 | 0.0205      | 0.0104      | 0.0104      | 1.0000      |
| 1701.png                 | 0.0241      | 0.0122      | 0.0122      | 1.0000      |
| 1702.png                 | 0.0213      | 0.0108      | 0.0108      | 1.0000      |
| 1705.png                 | 0.8417      | 0.7266      | 0.7674      | 0.9319      |
| 1706.png                 | 0.8057      | 0.6747      | 0.7055      | 0.9392      |
| 1707.png                 | 0.7735      | 0.6306      | 0.6480      | 0.9591      |
| 1708.png                 | 0.0278      | 0.0141      | 0.0141      | 1.0000      |
| 1713.png                 | 0.0375      | 0.0191      | 0.0191      | 1.0000      |
| 1715.png                 | 0.0351      | 0.0179      | 0.0179      | 1.0000      |
| 172.png                  | 0.2212      | 0.1243      | 0.1243      | 1.0000      |
| 1722.png                 | 0.0209      | 0.0106      | 0.0106      | 1.0000      |
| 1723.png                 | 0.0206      | 0.0104      | 0.0104      | 1.0000      |
| 1724.png                 | 0.0211      | 0.0107      | 0.0107      | 1.0000      |
| 1726.png                 | 0.1528      | 0.0827      | 0.0827      | 1.0000      |
| 1727.png                 | 0.1955      | 0.1084      | 0.1084      | 1.0000      |
| 1728.png                 | 0.2125      | 0.1189      | 0.1189      | 1.0000      |
| 1729.png                 | 0.2137      | 0.1197      | 0.1197      | 1.0000      |
| 173.png                  | 0.1645      | 0.0896      | 0.0896      | 1.0000      |
| 1730.png                 | 0.2022      | 0.1125      | 0.1125      | 1.0000      |
| 1731.png                 | 0.1823      | 0.1003      | 0.1003      | 0.9994      |
| 1732.png                 | 0.0820      | 0.0427      | 0.0427      | 1.0000      |
| 1733.png                 | 0.0546      | 0.0281      | 0.0281      | 1.0000      |
| 1741.png                 | 0.0138      | 0.0070      | 0.0070      | 1.0000      |
| 1743.png                 | 0.0246      | 0.0125      | 0.0125      | 1.0000      |
| 1745.png                 | 0.0281      | 0.0143      | 0.0143      | 1.0000      |
| 1746.png                 | 0.0306      | 0.0155      | 0.0155      | 1.0000      |
| 1747.png                 | 0.0140      | 0.0070      | 0.0070      | 1.0000      |
| 1748.png                 | 0.0125      | 0.0063      | 0.0063      | 0.9847      |
| 1749.png                 | 0.7980      | 0.6639      | 0.6922      | 0.9420      |
| 175.png                  | 0.0433      | 0.0221      | 0.0221      | 1.0000      |
| 1750.png                 | 0.8650      | 0.7621      | 0.7867      | 0.9606      |
| 1751.png                 | 0.9507      | 0.9061      | 0.9720      | 0.9304      |
| 1752.png                 | 0.0229      | 0.0116      | 0.0116      | 1.0000      |
| 1753.png                 | 0.0133      | 0.0067      | 0.0067      | 1.0000      |
| 1759.png                 | 0.0194      | 0.0098      | 0.0098      | 1.0000      |
| 176.png                  | 0.9253      | 0.8609      | 0.9910      | 0.8677      |
| 1760.png                 | 0.0770      | 0.0401      | 0.0403      | 0.8669      |
| 1761.png                 | 0.0164      | 0.0083      | 0.0083      | 1.0000      |
| 1762.png                 | 0.0226      | 0.0114      | 0.0114      | 1.0000      |
| 1764.png                 | 0.0108      | 0.0054      | 0.0054      | 1.0000      |
| 1766.png                 | 0.0523      | 0.0268      | 0.0268      | 1.0000      |
| 1767.png                 | 0.0583      | 0.0300      | 0.0300      | 1.0000      |
| 177.png                  | 0.9270      | 0.8640      | 0.9720      | 0.8860      |
| 1771.png                 | 0.0367      | 0.0187      | 0.0187      | 1.0000      |
| 178.png                  | 0.9310      | 0.8709      | 0.9949      | 0.8747      |
| 1781.png                 | 0.0147      | 0.0074      | 0.0074      | 1.0000      |
| 1782.png                 | 0.0384      | 0.0196      | 0.0196      | 1.0000      |
| 1786.png                 | 0.0109      | 0.0055      | 0.0055      | 1.0000      |
| 1787.png                 | 0.0106      | 0.0054      | 0.0054      | 1.0000      |
| 1788.png                 | 0.0100      | 0.0050      | 0.0050      | 1.0000      |
| 1789.png                 | 0.0093      | 0.0047      | 0.0047      | 0.8693      |
| 1790.png                 | 0.8641      | 0.7607      | 0.9978      | 0.7620      |
| 1791.png                 | 0.0137      | 0.0069      | 0.0069      | 1.0000      |
| 1793.png                 | 0.0145      | 0.0073      | 0.0073      | 1.0000      |
| 1795.png                 | 0.0390      | 0.0199      | 0.0199      | 1.0000      |
| 1796.png                 | 0.9029      | 0.8231      | 0.8542      | 0.9576      |
| 1797.png                 | 0.0482      | 0.0247      | 0.0247      | 1.0000      |
| 1798.png                 | 0.0395      | 0.0201      | 0.0201      | 1.0000      |
| 1799.png                 | 0.0353      | 0.0180      | 0.0180      | 0.9925      |
| 18.png                   | 0.8653      | 0.7625      | 1.0000      | 0.7625      |
| 180.png                  | 0.9463      | 0.8981      | 0.9997      | 0.8983      |
| 1800.png                 | 0.0213      | 0.0108      | 0.0108      | 0.9895      |
| 1801.png                 | 0.4475      | 0.2883      | 0.3195      | 0.7467      |
| 1802.png                 | 0.0162      | 0.0082      | 0.0082      | 1.0000      |
| 1805.png                 | 0.0126      | 0.0063      | 0.0063      | 1.0000      |
| 1808.png                 | 0.0297      | 0.0151      | 0.0151      | 1.0000      |
| 181.png                  | 0.9501      | 0.9049      | 0.9693      | 0.9316      |
| 182.png                  | 0.9402      | 0.8872      | 0.9903      | 0.8950      |
| 1820.png                 | 0.2467      | 0.1407      | 0.1414      | 0.9671      |
| 1822.png                 | 0.0477      | 0.0244      | 0.0244      | 1.0000      |
| 1825.png                 | 0.1168      | 0.0620      | 0.0620      | 1.0000      |
| 1826.png                 | 0.1169      | 0.0621      | 0.0621      | 1.0000      |
| 1827.png                 | 0.1268      | 0.0677      | 0.0677      | 1.0000      |
| 1828.png                 | 0.0972      | 0.0511      | 0.0511      | 1.0000      |
| 1829.png                 | 0.0779      | 0.0406      | 0.0406      | 1.0000      |
| 183.png                  | 0.1063      | 0.0562      | 0.0562      | 1.0000      |
| 1830.png                 | 0.0431      | 0.0220      | 0.0220      | 1.0000      |
| 1831.png                 | 0.7387      | 0.5856      | 0.5971      | 0.9682      |
| 1832.png                 | 0.8055      | 0.6743      | 0.6906      | 0.9662      |
| 1833.png                 | 0.8363      | 0.7186      | 0.7385      | 0.9640      |
| 1834.png                 | 0.7516      | 0.6021      | 0.6148      | 0.9668      |
| 1835.png                 | 0.0459      | 0.0235      | 0.0235      | 0.9720      |
| 1836.png                 | 0.9326      | 0.8737      | 0.8847      | 0.9860      |
| 1837.png                 | 0.9473      | 0.8998      | 0.9410      | 0.9536      |
| 1838.png                 | 0.0608      | 0.0313      | 0.0313      | 1.0000      |
| 1839.png                 | 0.0466      | 0.0238      | 0.0238      | 1.0000      |
| 184.png                  | 0.0766      | 0.0398      | 0.0398      | 1.0000      |
| 1840.png                 | 0.7747      | 0.6322      | 0.6775      | 0.9043      |
| 185.png                  | 0.7338      | 0.5795      | 0.6047      | 0.9328      |
| 1896.png                 | 0.0977      | 0.0513      | 0.0513      | 1.0000      |
| 1897.png                 | 0.0608      | 0.0314      | 0.0314      | 1.0000      |
| 19.png                   | 0.0272      | 0.0138      | 0.0138      | 1.0000      |
| 192.png                  | 0.0943      | 0.0495      | 0.0495      | 1.0000      |
| 193.png                  | 0.1620      | 0.0882      | 0.0882      | 1.0000      |
| 194.png                  | 0.2567      | 0.1472      | 0.1472      | 1.0000      |
| 195.png                  | 0.2782      | 0.1615      | 0.1615      | 1.0000      |
| 1950.png                 | 0.0292      | 0.0148      | 0.0148      | 1.0000      |
| 1956.png                 | 0.0775      | 0.0403      | 0.0403      | 1.0000      |
| 1957.png                 | 0.0902      | 0.0472      | 0.0472      | 1.0000      |
| 1958.png                 | 0.0932      | 0.0489      | 0.0489      | 1.0000      |
| 196.png                  | 0.2843      | 0.1657      | 0.1657      | 1.0000      |
| 1967.png                 | 0.1619      | 0.0881      | 0.0881      | 1.0000      |
| 2.png                    | 0.1924      | 0.1064      | 0.1064      | 1.0000      |
| 20.png                   | 0.1141      | 0.0605      | 0.0605      | 1.0000      |
| 201.png                  | 0.0780      | 0.0406      | 0.0406      | 1.0000      |
| 202.png                  | 0.0874      | 0.0457      | 0.0457      | 1.0000      |
| 21.png                   | 0.1376      | 0.0739      | 0.0739      | 1.0000      |
| 2102.png                 | 0.0247      | 0.0125      | 0.0125      | 1.0000      |
| 211.png                  | 0.6669      | 0.5003      | 0.5715      | 0.8006      |
| 212.png                  | 0.2413      | 0.1372      | 0.1374      | 0.9916      |
| 213.png                  | 0.9262      | 0.8625      | 0.9211      | 0.9313      |
| 214.png                  | 0.1958      | 0.1085      | 0.1085      | 1.0000      |
| 215.png                  | 0.1681      | 0.0918      | 0.0918      | 1.0000      |
| 216.png                  | 0.5879      | 0.4164      | 0.9572      | 0.4243      |
| 217.png                  | 0.5023      | 0.3353      | 0.9636      | 0.3396      |
| 218.png                  | 0.0393      | 0.0200      | 0.0200      | 1.0000      |
| 2188.png                 | 0.1332      | 0.0714      | 0.0714      | 1.0000      |
| 219.png                  | 0.0362      | 0.0184      | 0.0184      | 1.0000      |
| 2190.png                 | 0.2578      | 0.1480      | 0.1480      | 1.0000      |
| 2192.png                 | 0.2130      | 0.1192      | 0.1192      | 1.0000      |
| 2199.png                 | 0.1888      | 0.1042      | 0.1042      | 1.0000      |
| 22.png                   | 0.1524      | 0.0825      | 0.0825      | 1.0000      |
| 220.png                  | 0.0542      | 0.0279      | 0.0279      | 0.9456      |
| 2200.png                 | 0.1677      | 0.0915      | 0.0915      | 1.0000      |
| 221.png                  | 0.8516      | 0.7416      | 0.9907      | 0.7468      |
| 222.png                  | 0.9406      | 0.8878      | 0.9941      | 0.8925      |
| 223.png                  | 0.9727      | 0.9469      | 0.9952      | 0.9512      |
| 224.png                  | 0.9548      | 0.9135      | 0.9950      | 0.9178      |
| 2244.png                 | 0.0272      | 0.0138      | 0.0138      | 1.0000      |
| 225.png                  | 0.9382      | 0.8836      | 0.9951      | 0.8875      |
| 2257.png                 | 0.1004      | 0.0529      | 0.0529      | 1.0000      |
| 2259.png                 | 0.0849      | 0.0444      | 0.0444      | 1.0000      |
| 226.png                  | 0.9162      | 0.8453      | 0.9919      | 0.8512      |
| 227.png                  | 0.6993      | 0.5376      | 0.6392      | 0.7717      |
| 228.png                  | 0.8270      | 0.7051      | 0.9460      | 0.7346      |
| 229.png                  | 0.8062      | 0.6753      | 0.9939      | 0.6781      |
| 23.png                   | 0.1309      | 0.0700      | 0.0700      | 1.0000      |
| 230.png                  | 0.8059      | 0.6748      | 0.9903      | 0.6793      |
| 2307.png                 | 0.0415      | 0.0212      | 0.0212      | 1.0000      |
| 2308.png                 | 0.0738      | 0.0383      | 0.0383      | 1.0000      |
| 2312.png                 | 0.8207      | 0.6959      | 1.0000      | 0.6959      |
| 2313.png                 | 0.7319      | 0.5771      | 1.0000      | 0.5771      |
| 2314.png                 | 0.8963      | 0.8120      | 0.9992      | 0.8125      |
| 2315.png                 | 0.8294      | 0.7086      | 1.0000      | 0.7086      |
| 2316.png                 | 0.1470      | 0.0793      | 0.0793      | 1.0000      |
| 2318.png                 | 0.2205      | 0.1239      | 0.1239      | 1.0000      |
| 233.png                  | 0.1264      | 0.0675      | 0.0675      | 1.0000      |
| 234.png                  | 0.9617      | 0.9263      | 0.9715      | 0.9521      |
| 235.png                  | 0.9603      | 0.9236      | 0.9582      | 0.9625      |
| 236.png                  | 0.8011      | 0.6681      | 0.9349      | 0.7008      |
| 237.png                  | 0.8606      | 0.7554      | 0.9875      | 0.7626      |
| 2371.png                 | 0.3520      | 0.2136      | 0.2136      | 1.0000      |
| 2379.png                 | 0.4179      | 0.2641      | 0.2641      | 1.0000      |
| 238.png                  | 0.8323      | 0.7127      | 0.9825      | 0.7219      |
| 2381.png                 | 0.3419      | 0.2062      | 0.2062      | 1.0000      |
| 239.png                  | 0.8676      | 0.7662      | 0.9243      | 0.8176      |
| 24.png                   | 0.5306      | 0.3611      | 0.6714      | 0.4386      |
| 2411.png                 | 0.5740      | 0.4025      | 1.0000      | 0.4025      |
| 2412.png                 | 0.6347      | 0.4649      | 1.0000      | 0.4649      |
| 242.png                  | 0.0890      | 0.0466      | 0.0466      | 1.0000      |
| 2427.png                 | 0.0813      | 0.0424      | 0.0424      | 1.0000      |
| 2428.png                 | 0.7740      | 0.6313      | 1.0000      | 0.6313      |
| 243.png                  | 0.9520      | 0.9084      | 0.9500      | 0.9540      |
| 2431.png                 | 0.1430      | 0.0770      | 0.0770      | 1.0000      |
| 2432.png                 | 0.1352      | 0.0725      | 0.0725      | 1.0000      |
| 2438.png                 | 0.2065      | 0.1151      | 0.1151      | 1.0000      |
| 244.png                  | 0.9304      | 0.8699      | 0.9921      | 0.8760      |
| 2446.png                 | 0.2533      | 0.1450      | 0.1450      | 1.0000      |
| 2447.png                 | 0.1664      | 0.0908      | 0.0908      | 1.0000      |
| 2448.png                 | 0.1715      | 0.0938      | 0.0938      | 1.0000      |
| 2449.png                 | 0.1724      | 0.0943      | 0.0943      | 1.0000      |
| 245.png                  | 0.8310      | 0.7109      | 0.9442      | 0.7420      |
| 2456.png                 | 0.2847      | 0.1660      | 0.1660      | 1.0000      |
| 2457.png                 | 0.2812      | 0.1636      | 0.1636      | 1.0000      |
| 246.png                  | 0.7721      | 0.6288      | 0.7031      | 0.8560      |
| 247.png                  | 0.9026      | 0.8224      | 0.9454      | 0.8634      |
| 2477.png                 | 0.6038      | 0.4324      | 1.0000      | 0.4324      |
| 2482.png                 | 0.6522      | 0.4839      | 0.9745      | 0.4901      |
| 2483.png                 | 0.0976      | 0.0513      | 0.0513      | 1.0000      |
| 25.png                   | 0.1422      | 0.0765      | 0.0786      | 0.7400      |
| 250.png                  | 0.0436      | 0.0223      | 0.0223      | 1.0000      |
| 251.png                  | 0.0223      | 0.0113      | 0.0113      | 1.0000      |
| 253.png                  | 0.7832      | 0.6436      | 0.9680      | 0.6576      |
| 254.png                  | 0.8183      | 0.6925      | 1.0000      | 0.6925      |
| 2542.png                 | 0.0599      | 0.0309      | 0.0309      | 1.0000      |
| 2544.png                 | 0.9282      | 0.8660      | 0.9912      | 0.8727      |
| 2545.png                 | 0.8805      | 0.7865      | 0.9112      | 0.8517      |
| 255.png                  | 0.8009      | 0.6679      | 0.9994      | 0.6682      |
| 256.png                  | 0.9318      | 0.8723      | 0.9661      | 0.8999      |
| 2562.png                 | 0.1798      | 0.0988      | 0.0988      | 1.0000      |
| 2564.png                 | 0.3103      | 0.1837      | 0.1837      | 1.0000      |
| 2565.png                 | 0.3111      | 0.1842      | 0.1842      | 1.0000      |
| 257.png                  | 0.9172      | 0.8471      | 0.9528      | 0.8842      |
| 258.png                  | 0.9316      | 0.8719      | 0.9847      | 0.8839      |
| 259.png                  | 0.8501      | 0.7393      | 1.0000      | 0.7393      |
| 260.png                  | 0.7732      | 0.6303      | 1.0000      | 0.6303      |
| 2606.png                 | 0.2530      | 0.1448      | 0.1455      | 0.9681      |
| 261.png                  | 0.8504      | 0.7398      | 0.9770      | 0.7529      |
| 262.png                  | 0.8284      | 0.7071      | 0.9387      | 0.7413      |
| 263.png                  | 0.8303      | 0.7098      | 0.9932      | 0.7133      |
| 264.png                  | 0.8734      | 0.7752      | 0.9975      | 0.7767      |
| 265.png                  | 0.8009      | 0.6679      | 1.0000      | 0.6679      |
| 2654.png                 | 0.1597      | 0.0868      | 0.0868      | 1.0000      |
| 266.png                  | 0.9432      | 0.8924      | 0.9349      | 0.9516      |
| 267.png                  | 0.7975      | 0.6632      | 0.9963      | 0.6648      |
| 2703.png                 | 0.0418      | 0.0214      | 0.0214      | 1.0000      |
| 2718.png                 | 0.1260      | 0.0672      | 0.0672      | 1.0000      |
| 2724.png                 | 0.5369      | 0.3670      | 0.5421      | 0.5319      |
| 2725.png                 | 0.8413      | 0.7260      | 0.9549      | 0.7518      |
| 2726.png                 | 0.8935      | 0.8076      | 0.9958      | 0.8103      |
| 2728.png                 | 0.2454      | 0.1398      | 0.1398      | 1.0000      |
| 2729.png                 | 0.1995      | 0.1108      | 0.1108      | 1.0000      |
| 2764.png                 | 0.3140      | 0.1862      | 0.1862      | 1.0000      |
| 2770.png                 | 0.6509      | 0.4824      | 0.9619      | 0.4918      |
| 2771.png                 | 0.1561      | 0.0847      | 0.0847      | 1.0000      |
| 2789.png                 | 0.2569      | 0.1474      | 0.1474      | 1.0000      |
| 2790.png                 | 0.2491      | 0.1423      | 0.1423      | 1.0000      |
| 2791.png                 | 0.2041      | 0.1137      | 0.1137      | 1.0000      |
| 2792.png                 | 0.0971      | 0.0510      | 0.0510      | 1.0000      |
| 2793.png                 | 0.0881      | 0.0461      | 0.0461      | 1.0000      |
| 2795.png                 | 0.2698      | 0.1559      | 0.1559      | 1.0000      |
| 2796.png                 | 0.3144      | 0.1865      | 0.1865      | 1.0000      |
| 28.png                   | 0.0483      | 0.0248      | 0.0248      | 1.0000      |
| 281.png                  | 0.7760      | 0.6340      | 1.0000      | 0.6340      |
| 2812.png                 | 0.4332      | 0.2765      | 1.0000      | 0.2765      |
| 2826.png                 | 0.6130      | 0.4420      | 1.0000      | 0.4420      |
| 2829.png                 | 0.8286      | 0.7074      | 1.0000      | 0.7074      |
| 2831.png                 | 0.0995      | 0.0523      | 0.0523      | 1.0000      |
| 2833.png                 | 0.0581      | 0.0299      | 0.0299      | 1.0000      |
| 2843.png                 | 0.1377      | 0.0739      | 0.0739      | 1.0000      |
| 2844.png                 | 0.0875      | 0.0458      | 0.0458      | 1.0000      |
| 2845.png                 | 0.0570      | 0.0293      | 0.0293      | 1.0000      |
| 2870.png                 | 0.2385      | 0.1354      | 0.1354      | 1.0000      |
| 2871.png                 | 0.1956      | 0.1084      | 0.1084      | 1.0000      |
| 2883.png                 | 0.0250      | 0.0127      | 0.0127      | 1.0000      |
| 2884.png                 | 0.0360      | 0.0183      | 0.0183      | 1.0000      |
| 2895.png                 | 0.0233      | 0.0118      | 0.0118      | 1.0000      |
| 2896.png                 | 0.0636      | 0.0329      | 0.0329      | 1.0000      |
| 2897.png                 | 0.0838      | 0.0437      | 0.0437      | 1.0000      |
| 2898.png                 | 0.8736      | 0.7756      | 0.9037      | 0.8455      |
| 29.png                   | 0.3717      | 0.2283      | 0.2312      | 0.9473      |
| 2900.png                 | 0.0842      | 0.0440      | 0.0440      | 1.0000      |
| 2901.png                 | 0.1370      | 0.0736      | 0.0736      | 1.0000      |
| 2902.png                 | 0.1487      | 0.0803      | 0.0803      | 1.0000      |
| 2903.png                 | 0.1227      | 0.0654      | 0.0654      | 1.0000      |
| 2904.png                 | 0.0924      | 0.0484      | 0.0484      | 1.0000      |
| 2905.png                 | 0.0711      | 0.0369      | 0.0369      | 1.0000      |
| 2939.png                 | 0.2926      | 0.1714      | 0.1714      | 1.0000      |
| 2940.png                 | 0.2956      | 0.1735      | 0.1735      | 1.0000      |
| 295.png                  | 0.9701      | 0.9419      | 0.9770      | 0.9632      |
| 2989.png                 | 0.3420      | 0.2063      | 0.2087      | 0.9463      |
| 3.png                    | 0.2033      | 0.1132      | 0.1132      | 1.0000      |
| 30.png                   | 0.9533      | 0.9107      | 0.9725      | 0.9347      |
| 301.png                  | 0.2388      | 0.1356      | 0.1356      | 0.9984      |
| 3022.png                 | 0.0344      | 0.0175      | 0.0175      | 1.0000      |
| 3023.png                 | 0.0757      | 0.0393      | 0.0393      | 1.0000      |
| 3024.png                 | 0.9262      | 0.8626      | 0.9740      | 0.8830      |
| 3026.png                 | 0.1036      | 0.0546      | 0.0546      | 1.0000      |
| 3027.png                 | 0.0696      | 0.0361      | 0.0361      | 1.0000      |
| 303.png                  | 0.1769      | 0.0970      | 0.0970      | 1.0000      |
| 3047.png                 | 0.0171      | 0.0086      | 0.0086      | 1.0000      |
| 3048.png                 | 0.0114      | 0.0057      | 0.0057      | 1.0000      |
| 31.png                   | 0.9366      | 0.8807      | 0.9967      | 0.8833      |
| 311.png                  | 0.1227      | 0.0654      | 0.0654      | 1.0000      |
| 312.png                  | 0.9562      | 0.9161      | 0.9491      | 0.9635      |
| 316.png                  | 0.8845      | 0.7929      | 0.9816      | 0.8049      |
| 317.png                  | 0.9161      | 0.8452      | 0.9491      | 0.8853      |
| 318.png                  | 0.0546      | 0.0281      | 0.0281      | 1.0000      |
| 319.png                  | 0.0503      | 0.0258      | 0.0258      | 1.0000      |
| 32.png                   | 0.1893      | 0.1045      | 0.1055      | 0.9210      |
| 320.png                  | 0.8566      | 0.7492      | 0.8181      | 0.8990      |
| 321.png                  | 0.8649      | 0.7620      | 0.8782      | 0.8521      |
| 322.png                  | 0.0756      | 0.0393      | 0.0393      | 1.0000      |
| 325.png                  | 0.7427      | 0.5907      | 0.6387      | 0.8873      |
| 33.png                   | 0.0518      | 0.0266      | 0.0266      | 1.0000      |
| 332.png                  | 0.7845      | 0.6454      | 0.9150      | 0.6865      |
| 333.png                  | 0.3832      | 0.2370      | 0.2414      | 0.9296      |
| 339.png                  | 0.0582      | 0.0300      | 0.0300      | 1.0000      |
| 342.png                  | 0.1084      | 0.0573      | 0.0573      | 1.0000      |
| 345.png                  | 0.7741      | 0.6314      | 0.9929      | 0.6343      |
| 346.png                  | 0.9040      | 0.8248      | 0.9771      | 0.8410      |
| 347.png                  | 0.8968      | 0.8130      | 0.9021      | 0.8916      |
| 35.png                   | 0.0107      | 0.0054      | 0.0054      | 1.0000      |
| 357.png                  | 0.0436      | 0.0223      | 0.0223      | 1.0000      |
| 359.png                  | 0.9448      | 0.8954      | 0.9615      | 0.9287      |
| 36.png                   | 0.8868      | 0.7966      | 0.9994      | 0.7970      |
| 37.png                   | 0.9030      | 0.8231      | 0.9995      | 0.8234      |
| 38.png                   | 0.8991      | 0.8166      | 0.9996      | 0.8169      |
| 384.png                  | 0.1670      | 0.0911      | 0.0911      | 1.0000      |
| 385.png                  | 0.1994      | 0.1107      | 0.1107      | 1.0000      |
| 386.png                  | 0.1972      | 0.1094      | 0.1094      | 1.0000      |
| 387.png                  | 0.1875      | 0.1035      | 0.1035      | 1.0000      |
| 388.png                  | 0.1739      | 0.0952      | 0.0952      | 1.0000      |
| 389.png                  | 0.1573      | 0.0854      | 0.0854      | 1.0000      |
| 39.png                   | 0.9360      | 0.8797      | 0.9914      | 0.8865      |
| 390.png                  | 0.0325      | 0.0165      | 0.0165      | 1.0000      |
| 391.png                  | 0.9573      | 0.9181      | 0.9746      | 0.9406      |
| 392.png                  | 0.8965      | 0.8124      | 0.9186      | 0.8754      |
| 395.png                  | 0.8674      | 0.7658      | 0.8364      | 0.9007      |
| 396.png                  | 0.6600      | 0.4925      | 0.5057      | 0.9497      |
| 397.png                  | 0.7768      | 0.6350      | 0.6540      | 0.9562      |
| 398.png                  | 0.1169      | 0.0621      | 0.0621      | 0.9993      |
| 4.png                    | 0.1937      | 0.1072      | 0.1072      | 1.0000      |
| 40.png                   | 0.9504      | 0.9054      | 0.9761      | 0.9259      |
| 41.png                   | 0.9197      | 0.8514      | 0.9689      | 0.8753      |
| 415.png                  | 0.8176      | 0.6915      | 0.7965      | 0.8399      |
| 416.png                  | 0.4735      | 0.3102      | 0.3303      | 0.8357      |
| 417.png                  | 0.3631      | 0.2218      | 0.2392      | 0.7536      |
| 418.png                  | 0.9581      | 0.9195      | 0.9961      | 0.9229      |
| 419.png                  | 0.9668      | 0.9358      | 0.9880      | 0.9466      |
| 42.png                   | 0.0860      | 0.0449      | 0.0449      | 1.0000      |
| 420.png                  | 0.9271      | 0.8641      | 0.9964      | 0.8668      |
| 421.png                  | 0.7547      | 0.6060      | 0.9985      | 0.6065      |
| 422.png                  | 0.6429      | 0.4738      | 1.0000      | 0.4738      |
| 43.png                   | 0.8740      | 0.7762      | 0.9437      | 0.8139      |
| 44.png                   | 0.0486      | 0.0249      | 0.0249      | 1.0000      |
| 442.png                  | 0.1338      | 0.0717      | 0.0717      | 1.0000      |
| 443.png                  | 0.1978      | 0.1098      | 0.1098      | 1.0000      |
| 444.png                  | 0.1717      | 0.0939      | 0.0939      | 1.0000      |
| 445.png                  | 0.1665      | 0.0908      | 0.0908      | 1.0000      |
| 446.png                  | 0.1120      | 0.0593      | 0.0593      | 1.0000      |
| 447.png                  | 0.1064      | 0.0562      | 0.0562      | 1.0000      |
| 448.png                  | 0.0424      | 0.0216      | 0.0216      | 1.0000      |
| 449.png                  | 0.5958      | 0.4243      | 0.4505      | 0.8795      |
| 455.png                  | 0.8404      | 0.7247      | 0.9956      | 0.7271      |
| 456.png                  | 0.9607      | 0.9244      | 0.9842      | 0.9384      |
| 457.png                  | 0.9757      | 0.9526      | 0.9941      | 0.9580      |
| 458.png                  | 0.9194      | 0.8508      | 0.9974      | 0.8527      |
| 461.png                  | 0.7635      | 0.6175      | 0.7550      | 0.7722      |
| 462.png                  | 0.7986      | 0.6647      | 0.7657      | 0.8344      |
| 463.png                  | 0.7047      | 0.5440      | 0.6589      | 0.7572      |
| 464.png                  | 0.7378      | 0.5845      | 0.7021      | 0.7773      |
| 470.png                  | 0.8971      | 0.8135      | 0.9454      | 0.8536      |
| 472.png                  | 0.0503      | 0.0258      | 0.0258      | 1.0000      |
| 473.png                  | 0.0404      | 0.0206      | 0.0206      | 1.0000      |
| 474.png                  | 0.6153      | 0.4444      | 0.4694      | 0.8930      |
| 475.png                  | 0.5302      | 0.3608      | 0.3843      | 0.8548      |
| 476.png                  | 0.0193      | 0.0097      | 0.0097      | 1.0000      |
| 480.png                  | 0.9130      | 0.8398      | 0.9953      | 0.8432      |
| 481.png                  | 0.8390      | 0.7226      | 0.7502      | 0.9515      |
| 482.png                  | 0.6358      | 0.4660      | 0.4780      | 0.9488      |
| 483.png                  | 0.4444      | 0.2857      | 0.2889      | 0.9626      |
| 485.png                  | 0.5260      | 0.3569      | 0.3665      | 0.9316      |
| 486.png                  | 0.0625      | 0.0323      | 0.0323      | 1.0000      |
| 487.png                  | 0.9351      | 0.8782      | 0.9542      | 0.9169      |
| 490.png                  | 0.7342      | 0.5801      | 0.9968      | 0.5812      |
| 496.png                  | 0.3345      | 0.2008      | 0.2036      | 0.9369      |
| 497.png                  | 0.6141      | 0.4431      | 0.4510      | 0.9621      |
| 498.png                  | 0.0841      | 0.0439      | 0.0439      | 0.9984      |
| 499.png                  | 0.6247      | 0.4542      | 0.4682      | 0.9385      |
| 5.png                    | 0.2331      | 0.1319      | 0.1319      | 1.0000      |
| 500.png                  | 0.0680      | 0.0352      | 0.0352      | 0.9892      |
| 501.png                  | 0.0625      | 0.0322      | 0.0323      | 0.9891      |
| 502.png                  | 0.8336      | 0.7147      | 0.9980      | 0.7157      |
| 503.png                  | 0.8763      | 0.7799      | 0.9749      | 0.7958      |
| 504.png                  | 0.8077      | 0.6775      | 0.7350      | 0.8964      |
| 508.png                  | 0.1455      | 0.0784      | 0.0784      | 1.0000      |
| 51.png                   | 0.1300      | 0.0695      | 0.0695      | 1.0000      |
| 510.png                  | 0.9422      | 0.8907      | 0.9744      | 0.9120      |
| 511.png                  | 0.9544      | 0.9128      | 0.9876      | 0.9233      |
| 512.png                  | 0.1679      | 0.0917      | 0.0917      | 1.0000      |
| 513.png                  | 0.1211      | 0.0644      | 0.0644      | 1.0000      |
| 515.png                  | 0.0961      | 0.0505      | 0.0505      | 1.0000      |
| 517.png                  | 0.8668      | 0.7650      | 0.9945      | 0.7682      |
| 532.png                  | 0.8274      | 0.7056      | 0.7885      | 0.8703      |
| 537.png                  | 0.2330      | 0.1318      | 0.1319      | 0.9981      |
| 538.png                  | 0.2419      | 0.1376      | 0.1376      | 0.9995      |
| 541.png                  | 0.3279      | 0.1961      | 0.1962      | 0.9972      |
| 551.png                  | 0.9090      | 0.8332      | 0.9835      | 0.8450      |
| 552.png                  | 0.8827      | 0.7901      | 0.8492      | 0.9190      |
| 553.png                  | 0.8779      | 0.7824      | 0.9674      | 0.8036      |
| 554.png                  | 0.0461      | 0.0236      | 0.0236      | 1.0000      |
| 555.png                  | 0.0443      | 0.0227      | 0.0227      | 1.0000      |
| 556.png                  | 0.1319      | 0.0706      | 0.0706      | 1.0000      |
| 557.png                  | 0.0980      | 0.0515      | 0.0515      | 1.0000      |
| 563.png                  | 0.1221      | 0.0650      | 0.0650      | 1.0000      |
| 566.png                  | 0.9369      | 0.8813      | 0.9878      | 0.8910      |
| 567.png                  | 0.8763      | 0.7798      | 0.9854      | 0.7890      |
| 569.png                  | 0.0412      | 0.0210      | 0.0210      | 1.0000      |
| 575.png                  | 0.9214      | 0.8543      | 0.9659      | 0.8808      |
| 576.png                  | 0.0944      | 0.0496      | 0.0496      | 1.0000      |
| 582.png                  | 0.9705      | 0.9427      | 0.9846      | 0.9568      |
| 584.png                  | 0.0528      | 0.0271      | 0.0271      | 1.0000      |
| 585.png                  | 0.0178      | 0.0090      | 0.0090      | 1.0000      |
| 59.png                   | 0.0612      | 0.0316      | 0.0316      | 1.0000      |
| 597.png                  | 0.7290      | 0.5736      | 1.0000      | 0.5736      |
| 598.png                  | 0.8538      | 0.7449      | 0.9203      | 0.7962      |
| 6.png                    | 0.0717      | 0.0372      | 0.0373      | 0.8981      |
| 60.png                   | 0.9531      | 0.9103      | 0.9589      | 0.9472      |
| 61.png                   | 0.9609      | 0.9248      | 0.9783      | 0.9442      |
| 619.png                  | 0.9018      | 0.8212      | 0.9711      | 0.8418      |
| 62.png                   | 0.9280      | 0.8657      | 0.9729      | 0.8871      |
| 621.png                  | 0.1057      | 0.0558      | 0.0558      | 1.0000      |
| 622.png                  | 0.1199      | 0.0638      | 0.0638      | 1.0000      |
| 628.png                  | 0.3002      | 0.1766      | 0.1766      | 1.0000      |
| 63.png                   | 0.9678      | 0.9377      | 0.9688      | 0.9669      |
| 631.png                  | 0.0382      | 0.0195      | 0.0195      | 1.0000      |
| 632.png                  | 0.9728      | 0.9470      | 0.9679      | 0.9777      |
| 635.png                  | 0.0863      | 0.0451      | 0.0451      | 1.0000      |
| 636.png                  | 0.1221      | 0.0650      | 0.0650      | 1.0000      |
| 637.png                  | 0.9619      | 0.9265      | 0.9814      | 0.9431      |
| 638.png                  | 0.1812      | 0.0996      | 0.0996      | 1.0000      |
| 64.png                   | 0.9640      | 0.9305      | 0.9741      | 0.9541      |
| 642.png                  | 0.8808      | 0.7870      | 0.9995      | 0.7874      |
| 643.png                  | 0.8255      | 0.7028      | 0.7994      | 0.8533      |
| 644.png                  | 0.6173      | 0.4464      | 0.4642      | 0.9211      |
| 645.png                  | 0.5218      | 0.3530      | 0.3597      | 0.9504      |
| 646.png                  | 0.7652      | 0.6197      | 0.7051      | 0.8366      |
| 647.png                  | 0.7980      | 0.6639      | 0.7276      | 0.8835      |
| 649.png                  | 0.1648      | 0.0898      | 0.0898      | 1.0000      |
| 65.png                   | 0.9477      | 0.9005      | 0.9737      | 0.9230      |
| 650.png                  | 0.1956      | 0.1084      | 0.1084      | 1.0000      |
| 651.png                  | 0.1880      | 0.1038      | 0.1038      | 1.0000      |
| 652.png                  | 0.1675      | 0.0914      | 0.0914      | 1.0000      |
| 66.png                   | 0.9184      | 0.8491      | 0.9662      | 0.8751      |
| 673.png                  | 0.8490      | 0.7377      | 0.9627      | 0.7594      |
| 674.png                  | 0.0322      | 0.0164      | 0.0164      | 1.0000      |
| 7.png                    | 0.0599      | 0.0309      | 0.0309      | 1.0000      |
| 713.png                  | 0.0587      | 0.0302      | 0.0302      | 1.0000      |
| 714.png                  | 0.8728      | 0.7744      | 0.7759      | 0.9974      |
| 736.png                  | 0.1622      | 0.0882      | 0.0882      | 1.0000      |
| 743.png                  | 0.3601      | 0.2196      | 0.2196      | 1.0000      |
| 744.png                  | 0.3267      | 0.1952      | 0.1952      | 1.0000      |
| 753.png                  | 0.8888      | 0.7999      | 0.9267      | 0.8539      |
| 754.png                  | 0.5075      | 0.3401      | 0.9785      | 0.3426      |
| 755.png                  | 0.6704      | 0.5042      | 0.9856      | 0.5080      |
| 756.png                  | 0.9117      | 0.8378      | 0.9943      | 0.8418      |
| 765.png                  | 0.0697      | 0.0361      | 0.0361      | 1.0000      |
| 772.png                  | 0.0540      | 0.0278      | 0.0278      | 1.0000      |
| 786.png                  | 0.3357      | 0.2017      | 0.2017      | 1.0000      |
| 787.png                  | 0.3115      | 0.1845      | 0.1845      | 1.0000      |
| 788.png                  | 0.3235      | 0.1930      | 0.1930      | 1.0000      |
| 789.png                  | 0.2712      | 0.1569      | 0.1569      | 1.0000      |
| 79.png                   | 0.0847      | 0.0442      | 0.0442      | 1.0000      |
| 796.png                  | 0.2924      | 0.1713      | 0.1713      | 1.0000      |
| 8.png                    | 0.0551      | 0.0283      | 0.0283      | 1.0000      |
| 802.png                  | 0.2014      | 0.1120      | 0.1120      | 1.0000      |
| 816.png                  | 0.2336      | 0.1322      | 0.1322      | 1.0000      |
| 819.png                  | 0.0631      | 0.0326      | 0.0326      | 1.0000      |
| 82.png                   | 0.9357      | 0.8792      | 0.9848      | 0.8913      |
| 820.png                  | 0.0634      | 0.0327      | 0.0327      | 1.0000      |
| 822.png                  | 0.0337      | 0.0171      | 0.0171      | 1.0000      |
| 823.png                  | 0.4447      | 0.2859      | 1.0000      | 0.2859      |
| 826.png                  | 0.0519      | 0.0267      | 0.0267      | 1.0000      |
| 827.png                  | 0.9082      | 0.8318      | 0.9715      | 0.8526      |
| 829.png                  | 0.1818      | 0.1000      | 0.1000      | 1.0000      |
| 83.png                   | 0.6633      | 0.4962      | 0.5211      | 0.9121      |
| 830.png                  | 0.1003      | 0.0528      | 0.0528      | 1.0000      |
| 831.png                  | 0.9017      | 0.8210      | 0.9933      | 0.8256      |
| 832.png                  | 0.8383      | 0.7216      | 1.0000      | 0.7216      |
| 833.png                  | 0.7981      | 0.6640      | 0.9960      | 0.6658      |
| 843.png                  | 0.0376      | 0.0192      | 0.0192      | 1.0000      |
| 846.png                  | 0.7975      | 0.6631      | 1.0000      | 0.6631      |
| 847.png                  | 0.0726      | 0.0376      | 0.0376      | 1.0000      |
| 848.png                  | 0.0992      | 0.0522      | 0.0522      | 1.0000      |
| 851.png                  | 0.0507      | 0.0260      | 0.0260      | 1.0000      |
| 852.png                  | 0.8985      | 0.8158      | 0.9897      | 0.8227      |
| 853.png                  | 0.0897      | 0.0469      | 0.0469      | 1.0000      |
| 854.png                  | 0.0910      | 0.0477      | 0.0477      | 1.0000      |
| 860.png                  | 0.3189      | 0.1897      | 0.1897      | 1.0000      |
| 861.png                  | 0.3767      | 0.2320      | 0.2320      | 1.0000      |
| 862.png                  | 0.3779      | 0.2330      | 0.2330      | 1.0000      |
| 868.png                  | 0.3227      | 0.1924      | 0.1924      | 1.0000      |
| 870.png                  | 0.0425      | 0.0217      | 0.0217      | 1.0000      |
| 872.png                  | 0.0252      | 0.0128      | 0.0128      | 1.0000      |
| 904.png                  | 0.0796      | 0.0415      | 0.0415      | 1.0000      |
| 909.png                  | 0.3588      | 0.2186      | 0.2186      | 0.9999      |
| 918.png                  | 0.0218      | 0.0110      | 0.0110      | 1.0000      |
| 92.png                   | 0.7684      | 0.6239      | 0.9695      | 0.6364      |
| 920.png                  | 0.0214      | 0.0108      | 0.0108      | 1.0000      |
| 922.png                  | 0.0683      | 0.0353      | 0.0353      | 1.0000      |
| 923.png                  | 0.0733      | 0.0381      | 0.0381      | 1.0000      |
| 924.png                  | 0.0743      | 0.0386      | 0.0386      | 1.0000      |
| 925.png                  | 0.0518      | 0.0266      | 0.0266      | 1.0000      |
| 926.png                  | 0.0277      | 0.0140      | 0.0140      | 1.0000      |
| 927.png                  | 0.2659      | 0.1533      | 0.1539      | 0.9752      |
| 928.png                  | 0.0420      | 0.0214      | 0.0214      | 1.0000      |
| 929.png                  | 0.0357      | 0.0182      | 0.0182      | 1.0000      |
| 930.png                  | 0.0340      | 0.0173      | 0.0173      | 1.0000      |
| 931.png                  | 0.0279      | 0.0142      | 0.0142      | 1.0000      |
| 932.png                  | 0.0197      | 0.0099      | 0.0099      | 1.0000      |
| 933.png                  | 0.0776      | 0.0403      | 0.0403      | 1.0000      |
| 934.png                  | 0.0887      | 0.0464      | 0.0464      | 1.0000      |
| 935.png                  | 0.0788      | 0.0410      | 0.0410      | 1.0000      |
| 936.png                  | 0.9714      | 0.9445      | 0.9764      | 0.9665      |
| 937.png                  | 0.0631      | 0.0326      | 0.0326      | 1.0000      |
| 938.png                  | 0.0477      | 0.0245      | 0.0245      | 1.0000      |
| 94.png                   | 0.0685      | 0.0355      | 0.0355      | 1.0000      |
| 947.png                  | 0.0472      | 0.0242      | 0.0242      | 0.9990      |
| 948.png                  | 0.0564      | 0.0290      | 0.0290      | 0.9926      |
| 949.png                  | 0.0317      | 0.0161      | 0.0161      | 1.0000      |
| 95.png                   | 0.0252      | 0.0128      | 0.0128      | 1.0000      |
| 950.png                  | 0.0237      | 0.0120      | 0.0120      | 1.0000      |
| 951.png                  | 0.0420      | 0.0214      | 0.0214      | 0.9793      |
| 965.png                  | 0.0137      | 0.0069      | 0.0069      | 1.0000      |
| 966.png                  | 0.2399      | 0.1363      | 0.1368      | 0.9745      |
| 967.png                  | 0.0438      | 0.0224      | 0.0224      | 1.0000      |
| 968.png                  | 0.0673      | 0.0348      | 0.0348      | 1.0000      |
| 969.png                  | 0.0557      | 0.0286      | 0.0286      | 1.0000      |
| 97.png                   | 0.0498      | 0.0255      | 0.0255      | 1.0000      |
| 970.png                  | 0.0283      | 0.0144      | 0.0144      | 1.0000      |
| 971.png                  | 0.0185      | 0.0093      | 0.0093      | 1.0000      |
| 972.png                  | 0.0183      | 0.0092      | 0.0092      | 1.0000      |
| 973.png                  | 0.7316      | 0.5768      | 0.9985      | 0.5773      |
| 975.png                  | 0.0463      | 0.0237      | 0.0237      | 1.0000      |
| 977.png                  | 0.0972      | 0.0511      | 0.0518      | 0.7837      |
| 978.png                  | 0.0314      | 0.0160      | 0.0160      | 0.9447      |
| 982.png                  | 0.0803      | 0.0418      | 0.0418      | 1.0000      |
| 990.png                  | 0.0403      | 0.0206      | 0.0206      | 0.9879      |
| 991.png                  | 0.0356      | 0.0181      | 0.0181      | 1.0000      |
| 992.png                  | 0.9485      | 0.9020      | 0.9527      | 0.9443      |
| 993.png                  | 0.9143      | 0.8421      | 0.9811      | 0.8560      |
| 994.png                  | 0.9041      | 0.8250      | 0.9057      | 0.9025      |
| 995.png                  | 0.9408      | 0.8882      | 0.9309      | 0.9509      |
| 996.png                  | 0.9361      | 0.8799      | 0.9601      | 0.9133      |
| 997.png                  | 0.8927      | 0.8062      | 0.9430      | 0.8475      |
| 998.png                  | 0.0376      | 0.0192      | 0.0192      | 0.9367      |
| 999.png                  | 0.2753      | 0.1596      | 0.1624      | 0.9024      |
------------------------------------------------------------------------------------
| MEAN                     | 0.3569      | 0.2933      | 0.3461      | 0.9303      |
====================================================================================
