
==================== BANG DANH GIA MASK ====================
------------------------------------------------------------------------------------
| File                     | Dice        | IoU         | Precision   | Recall      |
------------------------------------------------------------------------------------
| 1.png                    | 0.7865      | 0.6481      | 0.9448      | 0.6737      |
| 10.png                   | 0.7970      | 0.6625      | 1.0000      | 0.6625      |
| 100.png                  | 0.2648      | 0.1526      | 0.3198      | 0.2260      |
| 1000.png                 | 0.7935      | 0.6577      | 0.7044      | 0.9086      |
| 1001.png                 | 0.8110      | 0.6821      | 0.7714      | 0.8549      |
| 1002.png                 | 0.8410      | 0.7256      | 0.9980      | 0.7267      |
| 1003.png                 | 0.7860      | 0.6475      | 0.8167      | 0.7576      |
| 1004.png                 | 0.8469      | 0.7344      | 0.8610      | 0.8332      |
| 1005.png                 | 0.8646      | 0.7615      | 0.9732      | 0.7779      |
| 1006.png                 | 0.7387      | 0.5856      | 0.6742      | 0.8168      |
| 1007.png                 | 0.7781      | 0.6367      | 0.6929      | 0.8871      |
| 1008.png                 | 0.8864      | 0.7959      | 0.9307      | 0.8460      |
| 1009.png                 | 0.8420      | 0.7271      | 0.9763      | 0.7402      |
| 101.png                  | 0.7299      | 0.5747      | 0.7016      | 0.7605      |
| 1010.png                 | 0.8035      | 0.6716      | 0.7777      | 0.8311      |
| 1011.png                 | 0.7405      | 0.5880      | 0.7155      | 0.7674      |
| 1012.png                 | 0.6521      | 0.4838      | 0.8671      | 0.5226      |
| 1013.png                 | 0.6831      | 0.5188      | 0.5578      | 0.8811      |
| 1017.png                 | 0.4699      | 0.3071      | 0.5370      | 0.4177      |
| 1018.png                 | 0.8274      | 0.7057      | 1.0000      | 0.7057      |
| 1019.png                 | 0.9510      | 0.9066      | 0.9982      | 0.9081      |
| 102.png                  | 0.8748      | 0.7775      | 0.9358      | 0.8214      |
| 1020.png                 | 0.9401      | 0.8871      | 0.9797      | 0.9036      |
| 1021.png                 | 0.8563      | 0.7487      | 0.9056      | 0.8121      |
| 1022.png                 | 0.8704      | 0.7705      | 0.7911      | 0.9673      |
| 1023.png                 | 0.9077      | 0.8311      | 0.9887      | 0.8391      |
| 1024.png                 | 0.7777      | 0.6362      | 0.8782      | 0.6978      |
| 1025.png                 | 0.8273      | 0.7054      | 0.7424      | 0.9341      |
| 1026.png                 | 0.5974      | 0.4260      | 0.4391      | 0.9343      |
| 1027.png                 | 0.1534      | 0.0831      | 0.2188      | 0.1181      |
| 103.png                  | 0.7041      | 0.5433      | 0.9956      | 0.5446      |
| 1032.png                 | 0.5219      | 0.3531      | 0.7013      | 0.4156      |
| 1033.png                 | 0.8365      | 0.7190      | 0.8185      | 0.8553      |
| 1035.png                 | 0.9150      | 0.8433      | 0.9799      | 0.8582      |
| 1036.png                 | 0.9037      | 0.8243      | 0.9803      | 0.8382      |
| 1037.png                 | 0.9199      | 0.8517      | 0.9854      | 0.8626      |
| 1038.png                 | 0.9100      | 0.8348      | 0.9416      | 0.8805      |
| 1039.png                 | 0.9141      | 0.8418      | 0.9690      | 0.8651      |
| 1040.png                 | 0.8317      | 0.7119      | 0.9118      | 0.7645      |
| 1041.png                 | 0.7992      | 0.6655      | 0.9991      | 0.6659      |
| 1042.png                 | 0.7678      | 0.6231      | 0.9659      | 0.6372      |
| 1043.png                 | 0.1348      | 0.0723      | 0.9907      | 0.0723      |
| 1045.png                 | 0.9160      | 0.8450      | 0.9892      | 0.8528      |
| 1046.png                 | 0.3242      | 0.1935      | 1.0000      | 0.1935      |
| 1047.png                 | 0.7933      | 0.6574      | 0.9989      | 0.6579      |
| 1048.png                 | 0.9305      | 0.8700      | 0.9968      | 0.8725      |
| 1049.png                 | 0.9217      | 0.8548      | 0.9727      | 0.8758      |
| 105.png                  | 0.5504      | 0.3796      | 0.9995      | 0.3797      |
| 1050.png                 | 0.9035      | 0.8240      | 0.9787      | 0.8391      |
| 1051.png                 | 0.9158      | 0.8446      | 0.9991      | 0.8452      |
| 1052.png                 | 0.8743      | 0.7767      | 0.9944      | 0.7801      |
| 1053.png                 | 0.7578      | 0.6101      | 0.9064      | 0.6511      |
| 1054.png                 | 0.6455      | 0.4766      | 0.7465      | 0.5686      |
| 1055.png                 | 0.5769      | 0.4054      | 0.7193      | 0.4816      |
| 1056.png                 | 0.5581      | 0.3871      | 0.9725      | 0.3913      |
| 1057.png                 | 0.0279      | 0.0141      | 0.3210      | 0.0146      |
| 1058.png                 | 0.5924      | 0.4209      | 0.5293      | 0.6727      |
| 1061.png                 | 0.8356      | 0.7176      | 0.8929      | 0.7853      |
| 1062.png                 | 0.6775      | 0.5123      | 0.7888      | 0.5937      |
| 1063.png                 | 0.6468      | 0.4780      | 0.6020      | 0.6987      |
| 1066.png                 | 0.1531      | 0.0829      | 1.0000      | 0.0829      |
| 1070.png                 | 0.6651      | 0.4983      | 0.9862      | 0.5018      |
| 1071.png                 | 0.6613      | 0.4939      | 1.0000      | 0.4939      |
| 1072.png                 | 0.6278      | 0.4575      | 1.0000      | 0.4575      |
| 1075.png                 | 0.4322      | 0.2757      | 1.0000      | 0.2757      |
| 1076.png                 | 0.3754      | 0.2311      | 1.0000      | 0.2311      |
| 1087.png                 | 0.6623      | 0.4952      | 0.9656      | 0.5041      |
| 1089.png                 | 0.6827      | 0.5183      | 0.9854      | 0.5223      |
| 109.png                  | 0.8415      | 0.7264      | 0.9976      | 0.7277      |
| 1090.png                 | 0.7391      | 0.5861      | 0.9791      | 0.5936      |
| 1091.png                 | 0.6790      | 0.5140      | 0.9920      | 0.5161      |
| 1092.png                 | 0.8562      | 0.7486      | 0.9781      | 0.7613      |
| 1094.png                 | 0.4470      | 0.2878      | 1.0000      | 0.2878      |
| 1095.png                 | 0.5737      | 0.4022      | 1.0000      | 0.4022      |
| 1096.png                 | 0.6135      | 0.4425      | 0.9988      | 0.4427      |
| 1097.png                 | 0.7812      | 0.6410      | 0.9478      | 0.6644      |
| 1098.png                 | 0.5300      | 0.3605      | 0.7111      | 0.4224      |
| 1099.png                 | 0.6233      | 0.4528      | 0.6466      | 0.6017      |
| 11.png                   | 0.9330      | 0.8745      | 0.9991      | 0.8752      |
| 1100.png                 | 0.6114      | 0.4403      | 0.9977      | 0.4408      |
| 1101.png                 | 0.6429      | 0.4737      | 0.9976      | 0.4742      |
| 1102.png                 | 0.5563      | 0.3854      | 1.0000      | 0.3854      |
| 1103.png                 | 0.5085      | 0.3409      | 0.9816      | 0.3431      |
| 1104.png                 | 0.3215      | 0.1915      | 1.0000      | 0.1915      |
| 1105.png                 | 0.4217      | 0.2672      | 0.9958      | 0.2675      |
| 1106.png                 | 0.1417      | 0.0763      | 1.0000      | 0.0763      |
| 1107.png                 | 0.5728      | 0.4013      | 0.9940      | 0.4023      |
| 1108.png                 | 0.6297      | 0.4595      | 0.8798      | 0.4903      |
| 1110.png                 | 0.7176      | 0.5596      | 1.0000      | 0.5596      |
| 1111.png                 | 0.7458      | 0.5946      | 0.9908      | 0.5979      |
| 1114.png                 | 0.1916      | 0.1059      | 0.5319      | 0.1168      |
| 1118.png                 | 0.2289      | 0.1292      | 0.6176      | 0.1405      |
| 112.png                  | 0.8270      | 0.7050      | 0.9471      | 0.7339      |
| 1122.png                 | 0.9127      | 0.8393      | 0.9818      | 0.8526      |
| 1123.png                 | 0.8400      | 0.7242      | 0.8894      | 0.7959      |
| 1125.png                 | 0.7474      | 0.5966      | 0.6539      | 0.8720      |
| 1126.png                 | 0.9092      | 0.8335      | 0.8843      | 0.9355      |
| 1127.png                 | 0.7937      | 0.6580      | 0.7051      | 0.9077      |
| 1129.png                 | 0.7244      | 0.5679      | 1.0000      | 0.5679      |
| 113.png                  | 0.8735      | 0.7754      | 0.9984      | 0.7764      |
| 1130.png                 | 0.9123      | 0.8388      | 0.9815      | 0.8523      |
| 1131.png                 | 0.9097      | 0.8343      | 0.9961      | 0.8370      |
| 1132.png                 | 0.9308      | 0.8705      | 0.9694      | 0.8951      |
| 1133.png                 | 0.8065      | 0.6757      | 0.9907      | 0.6800      |
| 1134.png                 | 0.7700      | 0.6261      | 0.9922      | 0.6291      |
| 1135.png                 | 0.8770      | 0.7809      | 0.8572      | 0.8977      |
| 1136.png                 | 0.8427      | 0.7281      | 0.7820      | 0.9135      |
| 1137.png                 | 0.8759      | 0.7791      | 0.9663      | 0.8009      |
| 1138.png                 | 0.6345      | 0.4646      | 0.9502      | 0.4762      |
| 114.png                  | 0.9105      | 0.8356      | 0.9905      | 0.8424      |
| 1140.png                 | 0.7362      | 0.5825      | 0.8913      | 0.6270      |
| 1141.png                 | 0.7427      | 0.5907      | 0.8680      | 0.6490      |
| 1142.png                 | 0.7875      | 0.6494      | 0.8642      | 0.7232      |
| 1143.png                 | 0.6462      | 0.4773      | 0.9948      | 0.4785      |
| 1144.png                 | 0.8361      | 0.7183      | 0.8805      | 0.7959      |
| 1145.png                 | 0.8399      | 0.7240      | 0.8417      | 0.8382      |
| 1146.png                 | 0.9074      | 0.8304      | 0.9902      | 0.8373      |
| 1147.png                 | 0.8058      | 0.6748      | 0.9322      | 0.7096      |
| 1148.png                 | 0.3868      | 0.2398      | 0.9740      | 0.2413      |
| 1149.png                 | 0.4980      | 0.3316      | 1.0000      | 0.3316      |
| 115.png                  | 0.8711      | 0.7716      | 1.0000      | 0.7716      |
| 1151.png                 | 0.5689      | 0.3975      | 0.6392      | 0.5126      |
| 1152.png                 | 0.3964      | 0.2472      | 0.2815      | 0.6698      |
| 1154.png                 | 0.9175      | 0.8475      | 0.9336      | 0.9019      |
| 1155.png                 | 0.7142      | 0.5555      | 0.5707      | 0.9541      |
| 1156.png                 | 0.5013      | 0.3345      | 0.4226      | 0.6160      |
| 1157.png                 | 0.8997      | 0.8177      | 0.9675      | 0.8409      |
| 1158.png                 | 0.8770      | 0.7810      | 0.9950      | 0.7841      |
| 1159.png                 | 0.8897      | 0.8013      | 0.9941      | 0.8051      |
| 116.png                  | 0.8603      | 0.7549      | 0.9948      | 0.7579      |
| 1160.png                 | 0.8596      | 0.7538      | 0.8461      | 0.8736      |
| 1161.png                 | 0.7210      | 0.5637      | 0.9983      | 0.5642      |
| 1162.png                 | 0.7600      | 0.6129      | 0.9944      | 0.6150      |
| 1163.png                 | 0.9011      | 0.8201      | 0.9395      | 0.8658      |
| 1169.png                 | 0.9322      | 0.8730      | 0.9582      | 0.9076      |
| 117.png                  | 0.4592      | 0.2981      | 0.9802      | 0.2999      |
| 1170.png                 | 0.9429      | 0.8920      | 0.9719      | 0.9156      |
| 1171.png                 | 0.9309      | 0.8707      | 0.9834      | 0.8837      |
| 1172.png                 | 0.8876      | 0.7979      | 0.9845      | 0.8081      |
| 1173.png                 | 0.9551      | 0.9140      | 0.9969      | 0.9166      |
| 1174.png                 | 0.8848      | 0.7933      | 0.9948      | 0.7967      |
| 1175.png                 | 0.8074      | 0.6770      | 0.7718      | 0.8465      |
| 1176.png                 | 0.7068      | 0.5466      | 1.0000      | 0.5466      |
| 1177.png                 | 0.9096      | 0.8342      | 0.9402      | 0.8810      |
| 1178.png                 | 0.7343      | 0.5801      | 0.6151      | 0.9107      |
| 1179.png                 | 0.7905      | 0.6536      | 0.7278      | 0.8650      |
| 118.png                  | 0.8833      | 0.7909      | 0.9992      | 0.7914      |
| 1180.png                 | 0.6827      | 0.5183      | 0.5577      | 0.8800      |
| 1182.png                 | 0.8416      | 0.7266      | 0.9964      | 0.7285      |
| 1183.png                 | 0.7574      | 0.6095      | 0.6902      | 0.8390      |
| 1184.png                 | 0.7970      | 0.6625      | 0.6920      | 0.9397      |
| 1185.png                 | 0.8324      | 0.7129      | 0.8621      | 0.8047      |
| 1186.png                 | 0.8997      | 0.8177      | 0.9814      | 0.8306      |
| 1187.png                 | 0.8415      | 0.7263      | 0.8033      | 0.8835      |
| 1188.png                 | 0.6236      | 0.4531      | 0.5669      | 0.6930      |
| 1194.png                 | 0.6770      | 0.5118      | 0.6157      | 0.7520      |
| 1195.png                 | 0.5853      | 0.4137      | 0.5658      | 0.6062      |
| 1197.png                 | 0.6307      | 0.4606      | 0.5022      | 0.8476      |
| 12.png                   | 0.9623      | 0.9273      | 0.9878      | 0.9380      |
| 1202.png                 | 0.4001      | 0.2501      | 0.3158      | 0.5458      |
| 1205.png                 | 0.8229      | 0.6992      | 1.0000      | 0.6992      |
| 1219.png                 | 0.8504      | 0.7397      | 0.9248      | 0.7871      |
| 1220.png                 | 0.0000      | 0.0000      | 0.0000      | 0.0000      |
| 1221.png                 | 0.8342      | 0.7155      | 0.9804      | 0.7259      |
| 1222.png                 | 0.8111      | 0.6823      | 0.9735      | 0.6952      |
| 1223.png                 | 0.7077      | 0.5476      | 0.9939      | 0.5495      |
| 1224.png                 | 0.7472      | 0.5964      | 1.0000      | 0.5964      |
| 1225.png                 | 0.4081      | 0.2564      | 0.9251      | 0.2618      |
| 1226.png                 | 0.7561      | 0.6079      | 0.9674      | 0.6206      |
| 1227.png                 | 0.8194      | 0.6940      | 0.9804      | 0.7038      |
| 1228.png                 | 0.3255      | 0.1944      | 0.2250      | 0.5883      |
| 1230.png                 | 0.7047      | 0.5441      | 0.8573      | 0.5982      |
| 1236.png                 | 0.5704      | 0.3990      | 0.7481      | 0.4610      |
| 124.png                  | 0.8977      | 0.8143      | 0.9955      | 0.8173      |
| 1244.png                 | 0.8873      | 0.7975      | 0.9038      | 0.8715      |
| 1245.png                 | 0.8909      | 0.8033      | 0.8568      | 0.9279      |
| 1246.png                 | 0.9068      | 0.8295      | 0.8759      | 0.9399      |
| 1247.png                 | 0.8840      | 0.7922      | 0.8777      | 0.8905      |
| 1248.png                 | 0.9377      | 0.8827      | 0.9294      | 0.9461      |
| 1249.png                 | 0.8998      | 0.8179      | 0.8535      | 0.9514      |
| 1250.png                 | 0.9157      | 0.8445      | 0.8963      | 0.9360      |
| 1251.png                 | 0.6542      | 0.4861      | 0.5216      | 0.8770      |
| 1252.png                 | 0.6863      | 0.5224      | 0.5635      | 0.8776      |
| 1253.png                 | 0.7072      | 0.5470      | 0.5960      | 0.8693      |
| 1254.png                 | 0.6213      | 0.4507      | 0.4765      | 0.8928      |
| 1255.png                 | 0.4734      | 0.3101      | 0.3270      | 0.8570      |
| 1256.png                 | 0.5584      | 0.3874      | 0.4328      | 0.7867      |
| 1257.png                 | 0.5968      | 0.4253      | 0.4521      | 0.8775      |
| 1258.png                 | 0.6477      | 0.4789      | 0.5247      | 0.8459      |
| 1259.png                 | 0.5738      | 0.4023      | 0.4187      | 0.9111      |
| 1260.png                 | 0.6706      | 0.5045      | 0.5544      | 0.8485      |
| 1261.png                 | 0.8757      | 0.7789      | 0.9121      | 0.8421      |
| 1262.png                 | 0.8842      | 0.7924      | 0.8496      | 0.9217      |
| 1264.png                 | 0.8796      | 0.7850      | 0.9806      | 0.7974      |
| 1265.png                 | 0.4215      | 0.2670      | 0.2818      | 0.8354      |
| 1266.png                 | 0.3673      | 0.2250      | 0.9730      | 0.2264      |
| 1273.png                 | 0.0784      | 0.0408      | 0.0674      | 0.0938      |
| 1274.png                 | 0.2470      | 0.1409      | 0.2691      | 0.2282      |
| 1276.png                 | 0.9240      | 0.8588      | 0.9987      | 0.8597      |
| 1277.png                 | 0.9100      | 0.8349      | 0.9981      | 0.8362      |
| 1278.png                 | 0.9202      | 0.8521      | 0.9923      | 0.8578      |
| 1281.png                 | 0.3820      | 0.2361      | 1.0000      | 0.2361      |
| 1282.png                 | 0.4474      | 0.2881      | 0.9766      | 0.2901      |
| 1285.png                 | 0.6190      | 0.4482      | 0.4646      | 0.9267      |
| 1286.png                 | 0.8188      | 0.6932      | 0.7340      | 0.9258      |
| 1287.png                 | 0.6795      | 0.5145      | 0.9779      | 0.5206      |
| 1289.png                 | 0.4023      | 0.2518      | 0.2756      | 0.7443      |
| 1291.png                 | 0.7491      | 0.5988      | 0.6799      | 0.8339      |
| 1293.png                 | 0.7231      | 0.5663      | 0.6553      | 0.8066      |
| 1294.png                 | 0.8631      | 0.7591      | 0.9486      | 0.7917      |
| 1296.png                 | 0.6909      | 0.5278      | 0.9005      | 0.5605      |
| 1297.png                 | 0.6674      | 0.5009      | 0.7668      | 0.5909      |
| 1298.png                 | 0.6405      | 0.4712      | 0.7614      | 0.5528      |
| 1299.png                 | 0.5308      | 0.3612      | 1.0000      | 0.3612      |
| 13.png                   | 0.9534      | 0.9109      | 0.9918      | 0.9179      |
| 1300.png                 | 0.8480      | 0.7360      | 1.0000      | 0.7360      |
| 1302.png                 | 0.8425      | 0.7279      | 0.7586      | 0.9473      |
| 1303.png                 | 0.8813      | 0.7878      | 0.8494      | 0.9157      |
| 1304.png                 | 0.2003      | 0.1113      | 0.4819      | 0.1264      |
| 1305.png                 | 0.3905      | 0.2426      | 0.9116      | 0.2484      |
| 1307.png                 | 0.9132      | 0.8403      | 0.9312      | 0.8958      |
| 1308.png                 | 0.8808      | 0.7870      | 0.9634      | 0.8113      |
| 1309.png                 | 0.9070      | 0.8299      | 0.9081      | 0.9059      |
| 1310.png                 | 0.7573      | 0.6094      | 0.7064      | 0.8161      |
| 1311.png                 | 0.8677      | 0.7664      | 0.8869      | 0.8494      |
| 1312.png                 | 0.8660      | 0.7637      | 0.8605      | 0.8716      |
| 1313.png                 | 0.9235      | 0.8579      | 0.9786      | 0.8743      |
| 1314.png                 | 0.8875      | 0.7977      | 0.9375      | 0.8425      |
| 1315.png                 | 0.9067      | 0.8294      | 0.9993      | 0.8299      |
| 1317.png                 | 0.5018      | 0.3350      | 0.3605      | 0.8258      |
| 1318.png                 | 0.7780      | 0.6367      | 0.6965      | 0.8812      |
| 1319.png                 | 0.9001      | 0.8183      | 0.9116      | 0.8888      |
| 132.png                  | 0.7204      | 0.5630      | 1.0000      | 0.5630      |
| 1320.png                 | 0.8893      | 0.8006      | 0.9029      | 0.8760      |
| 1321.png                 | 0.7696      | 0.6255      | 1.0000      | 0.6255      |
| 1322.png                 | 0.6817      | 0.5171      | 1.0000      | 0.5171      |
| 1323.png                 | 0.8586      | 0.7522      | 0.8285      | 0.8910      |
| 1324.png                 | 0.8408      | 0.7253      | 1.0000      | 0.7253      |
| 1325.png                 | 0.7226      | 0.5657      | 1.0000      | 0.5657      |
| 1326.png                 | 0.8331      | 0.7140      | 0.8535      | 0.8137      |
| 1327.png                 | 0.9223      | 0.8558      | 0.9704      | 0.8787      |
| 1328.png                 | 0.9154      | 0.8440      | 0.9754      | 0.8624      |
| 1329.png                 | 0.7504      | 0.6006      | 0.9965      | 0.6018      |
| 133.png                  | 0.9292      | 0.8678      | 0.9996      | 0.8681      |
| 1330.png                 | 0.6647      | 0.4977      | 0.6250      | 0.7097      |
| 1333.png                 | 0.0689      | 0.0357      | 1.0000      | 0.0357      |
| 1334.png                 | 0.4690      | 0.3063      | 1.0000      | 0.3063      |
| 1335.png                 | 0.5839      | 0.4123      | 1.0000      | 0.4123      |
| 1337.png                 | 0.5596      | 0.3885      | 0.9986      | 0.3887      |
| 134.png                  | 0.9327      | 0.8739      | 0.9930      | 0.8793      |
| 1345.png                 | 0.6992      | 0.5375      | 1.0000      | 0.5375      |
| 1348.png                 | 0.7164      | 0.5581      | 0.5846      | 0.9249      |
| 1349.png                 | 0.8195      | 0.6942      | 0.9955      | 0.6964      |
| 1350.png                 | 0.8439      | 0.7299      | 0.9361      | 0.7681      |
| 1353.png                 | 0.8392      | 0.7230      | 0.7394      | 0.9702      |
| 1354.png                 | 0.8814      | 0.7879      | 0.8357      | 0.9323      |
| 1355.png                 | 0.8914      | 0.8040      | 0.8941      | 0.8887      |
| 1356.png                 | 0.9487      | 0.9024      | 0.9732      | 0.9254      |
| 1357.png                 | 0.9652      | 0.9327      | 0.9739      | 0.9566      |
| 1358.png                 | 0.9489      | 0.9028      | 0.9881      | 0.9127      |
| 1359.png                 | 0.9089      | 0.8330      | 0.9751      | 0.8511      |
| 1370.png                 | 0.7859      | 0.6473      | 0.8341      | 0.7429      |
| 1371.png                 | 0.8701      | 0.7701      | 0.8449      | 0.8969      |
| 1372.png                 | 0.9203      | 0.8523      | 0.9312      | 0.9096      |
| 1373.png                 | 0.9013      | 0.8204      | 0.9435      | 0.8627      |
| 1374.png                 | 0.8803      | 0.7863      | 0.8450      | 0.9187      |
| 1375.png                 | 0.7109      | 0.5515      | 0.5940      | 0.8851      |
| 1376.png                 | 0.7930      | 0.6571      | 0.7141      | 0.8916      |
| 1377.png                 | 0.7594      | 0.6121      | 0.9354      | 0.6392      |
| 1378.png                 | 0.6987      | 0.5370      | 0.6595      | 0.7430      |
| 1379.png                 | 0.7638      | 0.6178      | 0.8229      | 0.7125      |
| 1380.png                 | 0.6049      | 0.4336      | 0.5400      | 0.6874      |
| 1381.png                 | 0.7784      | 0.6372      | 0.6880      | 0.8963      |
| 1382.png                 | 0.6452      | 0.4762      | 0.9536      | 0.4875      |
| 1389.png                 | 0.7719      | 0.6285      | 0.8076      | 0.7391      |
| 139.png                  | 0.9247      | 0.8599      | 0.9925      | 0.8655      |
| 1390.png                 | 0.8945      | 0.8091      | 0.9908      | 0.8152      |
| 1397.png                 | 0.5345      | 0.3647      | 0.7979      | 0.4018      |
| 14.png                   | 0.9472      | 0.8996      | 0.9941      | 0.9044      |
| 140.png                  | 0.9287      | 0.8669      | 0.9907      | 0.8740      |
| 1405.png                 | 0.7895      | 0.6522      | 0.7006      | 0.9043      |
| 1406.png                 | 0.7512      | 0.6016      | 0.6745      | 0.8476      |
| 1407.png                 | 0.8161      | 0.6893      | 0.8593      | 0.7770      |
| 1409.png                 | 0.8634      | 0.7597      | 0.9297      | 0.8059      |
| 1410.png                 | 0.2104      | 0.1176      | 1.0000      | 0.1176      |
| 1411.png                 | 0.8896      | 0.8011      | 0.8845      | 0.8947      |
| 1412.png                 | 0.7844      | 0.6452      | 0.9981      | 0.6460      |
| 1414.png                 | 0.8732      | 0.7750      | 0.8830      | 0.8637      |
| 1415.png                 | 0.8670      | 0.7652      | 0.9359      | 0.8076      |
| 1416.png                 | 0.8509      | 0.7405      | 0.9044      | 0.8034      |
| 1417.png                 | 0.8386      | 0.7221      | 0.9208      | 0.7699      |
| 1418.png                 | 0.9123      | 0.8388      | 0.9818      | 0.8520      |
| 1419.png                 | 0.8771      | 0.7812      | 0.9464      | 0.8173      |
| 142.png                  | 0.8728      | 0.7743      | 0.9984      | 0.7753      |
| 1420.png                 | 0.7680      | 0.6234      | 0.9950      | 0.6254      |
| 1422.png                 | 0.8005      | 0.6673      | 0.7180      | 0.9042      |
| 1424.png                 | 0.7724      | 0.6291      | 0.6635      | 0.9240      |
| 1426.png                 | 0.9136      | 0.8409      | 0.9081      | 0.9191      |
| 1427.png                 | 0.8712      | 0.7718      | 0.9864      | 0.7800      |
| 1428.png                 | 0.9269      | 0.8638      | 0.9902      | 0.8712      |
| 1429.png                 | 0.9053      | 0.8269      | 0.9882      | 0.8351      |
| 143.png                  | 0.8983      | 0.8154      | 1.0000      | 0.8154      |
| 1432.png                 | 0.8656      | 0.7631      | 0.8966      | 0.8367      |
| 1433.png                 | 0.9024      | 0.8222      | 0.9307      | 0.8759      |
| 1435.png                 | 0.8015      | 0.6688      | 0.6873      | 0.9613      |
| 1436.png                 | 0.8569      | 0.7497      | 0.8223      | 0.8947      |
| 1437.png                 | 0.9048      | 0.8261      | 0.9017      | 0.9079      |
| 1438.png                 | 0.9034      | 0.8238      | 0.9599      | 0.8531      |
| 1439.png                 | 0.8484      | 0.7367      | 0.9968      | 0.7385      |
| 1442.png                 | 0.7958      | 0.6608      | 0.8192      | 0.7736      |
| 1443.png                 | 0.8589      | 0.7528      | 0.9224      | 0.8037      |
| 1444.png                 | 0.9120      | 0.8382      | 0.9438      | 0.8823      |
| 1445.png                 | 0.9648      | 0.9319      | 0.9960      | 0.9355      |
| 1446.png                 | 0.8924      | 0.8057      | 0.9660      | 0.8291      |
| 1450.png                 | 0.8971      | 0.8134      | 0.8418      | 0.9602      |
| 1451.png                 | 0.7609      | 0.6140      | 0.6370      | 0.9445      |
| 1452.png                 | 0.8570      | 0.7498      | 0.7995      | 0.9234      |
| 1453.png                 | 0.9043      | 0.8254      | 0.9573      | 0.8569      |
| 1454.png                 | 0.8900      | 0.8018      | 1.0000      | 0.8018      |
| 1455.png                 | 0.5240      | 0.3550      | 1.0000      | 0.3550      |
| 1456.png                 | 0.8101      | 0.6808      | 1.0000      | 0.6808      |
| 1457.png                 | 0.9152      | 0.8437      | 0.9590      | 0.8753      |
| 1458.png                 | 0.9007      | 0.8194      | 0.8693      | 0.9345      |
| 1460.png                 | 0.5123      | 0.3444      | 0.9440      | 0.3516      |
| 1461.png                 | 0.2993      | 0.1760      | 0.2044      | 0.5584      |
| 1462.png                 | 0.8682      | 0.7671      | 0.7835      | 0.9734      |
| 1469.png                 | 0.8745      | 0.7770      | 0.9578      | 0.8045      |
| 147.png                  | 0.3609      | 0.2202      | 0.2207      | 0.9905      |
| 1470.png                 | 0.8765      | 0.7802      | 0.9113      | 0.8443      |
| 1472.png                 | 0.7961      | 0.6612      | 0.7594      | 0.8365      |
| 1473.png                 | 0.2322      | 0.1313      | 0.2812      | 0.1977      |
| 1474.png                 | 0.8422      | 0.7274      | 0.7806      | 0.9143      |
| 1476.png                 | 0.8907      | 0.8030      | 0.8530      | 0.9320      |
| 1477.png                 | 0.7769      | 0.6352      | 0.6675      | 0.9291      |
| 1478.png                 | 0.8451      | 0.7317      | 0.8091      | 0.8844      |
| 1479.png                 | 0.6273      | 0.4570      | 0.5353      | 0.7574      |
| 1480.png                 | 0.4704      | 0.3075      | 0.8745      | 0.3217      |
| 1481.png                 | 0.4383      | 0.2807      | 0.9930      | 0.2812      |
| 1482.png                 | 0.1977      | 0.1097      | 0.9754      | 0.1100      |
| 1484.png                 | 0.8743      | 0.7767      | 0.8301      | 0.9235      |
| 1485.png                 | 0.8666      | 0.7645      | 0.9003      | 0.8352      |
| 1486.png                 | 0.8054      | 0.6742      | 0.8784      | 0.7436      |
| 1487.png                 | 0.6947      | 0.5322      | 0.9502      | 0.5475      |
| 1488.png                 | 0.6963      | 0.5341      | 0.8550      | 0.5873      |
| 1490.png                 | 0.7022      | 0.5411      | 0.8353      | 0.6057      |
| 1491.png                 | 0.5167      | 0.3484      | 0.4819      | 0.5570      |
| 1492.png                 | 0.8143      | 0.6868      | 0.7913      | 0.8387      |
| 1496.png                 | 0.2961      | 0.1738      | 0.8423      | 0.1796      |
| 1498.png                 | 0.3587      | 0.2185      | 0.9657      | 0.2203      |
| 1499.png                 | 0.0000      | 0.0000      | 0.0000      | 0.0000      |
| 15.png                   | 0.8787      | 0.7836      | 0.9895      | 0.7902      |
| 1500.png                 | 0.1847      | 0.1018      | 0.9838      | 0.1019      |
| 1501.png                 | 0.9201      | 0.8521      | 0.9006      | 0.9405      |
| 1503.png                 | 0.7867      | 0.6483      | 0.6732      | 0.9461      |
| 1506.png                 | 0.5859      | 0.4143      | 0.4388      | 0.8813      |
| 1507.png                 | 0.8916      | 0.8044      | 0.9458      | 0.8432      |
| 1508.png                 | 0.9375      | 0.8824      | 0.9292      | 0.9459      |
| 1509.png                 | 0.9358      | 0.8793      | 0.9482      | 0.9237      |
| 1510.png                 | 0.8098      | 0.6803      | 0.8522      | 0.7714      |
| 1511.png                 | 0.7500      | 0.6000      | 0.8321      | 0.6826      |
| 1512.png                 | 0.8775      | 0.7818      | 0.8596      | 0.8962      |
| 1513.png                 | 0.8938      | 0.8080      | 0.9428      | 0.8496      |
| 1514.png                 | 0.3860      | 0.2392      | 0.9859      | 0.2400      |
| 1516.png                 | 0.8768      | 0.7806      | 0.9469      | 0.8164      |
| 1517.png                 | 0.9327      | 0.8739      | 0.9712      | 0.8972      |
| 1518.png                 | 0.9328      | 0.8741      | 0.9605      | 0.9067      |
| 1519.png                 | 0.9043      | 0.8253      | 0.8609      | 0.9524      |
| 1520.png                 | 0.7961      | 0.6612      | 0.9954      | 0.6632      |
| 1523.png                 | 0.5201      | 0.3514      | 0.9317      | 0.3607      |
| 1525.png                 | 0.2209      | 0.1241      | 0.9826      | 0.1244      |
| 1527.png                 | 0.1441      | 0.0777      | 0.4932      | 0.0844      |
| 1533.png                 | 0.7517      | 0.6022      | 0.9156      | 0.6376      |
| 1534.png                 | 0.8959      | 0.8114      | 0.8818      | 0.9105      |
| 1535.png                 | 0.9233      | 0.8576      | 0.9824      | 0.8709      |
| 1536.png                 | 0.8650      | 0.7620      | 0.9111      | 0.8233      |
| 1538.png                 | 0.3619      | 0.2210      | 0.9977      | 0.2211      |
| 1539.png                 | 0.9405      | 0.8877      | 0.9576      | 0.9240      |
| 154.png                  | 0.9233      | 0.8576      | 0.9625      | 0.8872      |
| 1540.png                 | 0.9233      | 0.8575      | 0.9624      | 0.8872      |
| 1541.png                 | 0.9650      | 0.9324      | 0.9457      | 0.9852      |
| 1542.png                 | 0.9472      | 0.8996      | 0.9581      | 0.9364      |
| 1543.png                 | 0.9088      | 0.8329      | 0.9895      | 0.8403      |
| 1545.png                 | 0.5086      | 0.3410      | 0.3474      | 0.9493      |
| 1546.png                 | 0.6085      | 0.4373      | 0.4391      | 0.9906      |
| 1547.png                 | 0.5412      | 0.3710      | 0.3724      | 0.9903      |
| 1548.png                 | 0.8896      | 0.8011      | 0.8078      | 0.9897      |
| 1549.png                 | 0.9131      | 0.8400      | 0.8570      | 0.9770      |
| 155.png                  | 0.9451      | 0.8959      | 0.9809      | 0.9119      |
| 1550.png                 | 0.9291      | 0.8676      | 0.8993      | 0.9611      |
| 1551.png                 | 0.6522      | 0.4839      | 0.4940      | 0.9596      |
| 1553.png                 | 0.7753      | 0.6331      | 0.8984      | 0.6819      |
| 1554.png                 | 0.8947      | 0.8095      | 0.9253      | 0.8661      |
| 1555.png                 | 0.8636      | 0.7599      | 0.7695      | 0.9838      |
| 1556.png                 | 0.7524      | 0.6031      | 0.6577      | 0.8791      |
| 1557.png                 | 0.8348      | 0.7165      | 0.9038      | 0.7756      |
| 1558.png                 | 0.8124      | 0.6841      | 0.8766      | 0.7570      |
| 1559.png                 | 0.8859      | 0.7952      | 0.9332      | 0.8431      |
| 1560.png                 | 0.8904      | 0.8025      | 0.9174      | 0.8650      |
| 1561.png                 | 0.9117      | 0.8377      | 0.9194      | 0.9042      |
| 1562.png                 | 0.8068      | 0.6762      | 0.9073      | 0.7263      |
| 1563.png                 | 0.4271      | 0.2716      | 1.0000      | 0.2716      |
| 1564.png                 | 0.7238      | 0.5672      | 0.9468      | 0.5859      |
| 1565.png                 | 0.7588      | 0.6114      | 0.8130      | 0.7114      |
| 1566.png                 | 0.7325      | 0.5778      | 0.7054      | 0.7617      |
| 1567.png                 | 0.8149      | 0.6876      | 0.8675      | 0.7683      |
| 1568.png                 | 0.8628      | 0.7588      | 0.9066      | 0.8231      |
| 157.png                  | 0.9444      | 0.8947      | 0.9449      | 0.9439      |
| 1571.png                 | 0.7866      | 0.6482      | 0.9029      | 0.6968      |
| 1572.png                 | 0.5487      | 0.3780      | 0.3956      | 0.8948      |
| 1577.png                 | 0.9164      | 0.8458      | 0.8800      | 0.9560      |
| 1578.png                 | 0.9037      | 0.8243      | 0.9624      | 0.8517      |
| 1579.png                 | 0.9262      | 0.8625      | 0.9740      | 0.8828      |
| 158.png                  | 0.9587      | 0.9208      | 0.9619      | 0.9556      |
| 1580.png                 | 0.5466      | 0.3761      | 0.9211      | 0.3886      |
| 1590.png                 | 0.8588      | 0.7525      | 0.8291      | 0.8907      |
| 1591.png                 | 0.7727      | 0.6296      | 0.8587      | 0.7024      |
| 1592.png                 | 0.8158      | 0.6889      | 0.7148      | 0.9502      |
| 1593.png                 | 0.7324      | 0.5778      | 0.6714      | 0.8056      |
| 1594.png                 | 0.8273      | 0.7055      | 0.9469      | 0.7346      |
| 1595.png                 | 0.8204      | 0.6954      | 0.7942      | 0.8483      |
| 1596.png                 | 0.7419      | 0.5897      | 0.9868      | 0.5944      |
| 1597.png                 | 0.7553      | 0.6068      | 1.0000      | 0.6068      |
| 1598.png                 | 0.6377      | 0.4681      | 0.9430      | 0.4817      |
| 16.png                   | 0.7710      | 0.6273      | 0.7574      | 0.7851      |
| 160.png                  | 0.8370      | 0.7197      | 0.9860      | 0.7272      |
| 1600.png                 | 0.7475      | 0.5968      | 0.9732      | 0.6068      |
| 1601.png                 | 0.9237      | 0.8581      | 0.9693      | 0.8821      |
| 1602.png                 | 0.9099      | 0.8347      | 0.9775      | 0.8511      |
| 1603.png                 | 0.8931      | 0.8068      | 0.9814      | 0.8193      |
| 1604.png                 | 0.7342      | 0.5801      | 1.0000      | 0.5801      |
| 1605.png                 | 0.4317      | 0.2752      | 0.4980      | 0.3810      |
| 1606.png                 | 0.4865      | 0.3215      | 0.7354      | 0.3635      |
| 1608.png                 | 0.6258      | 0.4554      | 0.9822      | 0.4592      |
| 1609.png                 | 0.8059      | 0.6749      | 0.8634      | 0.7555      |
| 161.png                  | 0.9386      | 0.8843      | 0.9800      | 0.9006      |
| 1610.png                 | 0.7058      | 0.5454      | 0.5601      | 0.9540      |
| 1611.png                 | 0.6926      | 0.5298      | 0.8674      | 0.5765      |
| 1612.png                 | 0.7179      | 0.5599      | 0.9776      | 0.5672      |
| 1613.png                 | 0.8134      | 0.6855      | 0.8786      | 0.7572      |
| 1614.png                 | 0.5481      | 0.3775      | 0.9557      | 0.3843      |
| 1617.png                 | 0.8930      | 0.8066      | 0.9541      | 0.8392      |
| 1618.png                 | 0.8686      | 0.7678      | 0.8545      | 0.8833      |
| 1619.png                 | 0.8714      | 0.7721      | 0.8687      | 0.8741      |
| 162.png                  | 0.8732      | 0.7750      | 1.0000      | 0.7750      |
| 1620.png                 | 0.7372      | 0.5837      | 0.8639      | 0.6429      |
| 1622.png                 | 0.8189      | 0.6934      | 0.9052      | 0.7477      |
| 1625.png                 | 0.8128      | 0.6847      | 0.9443      | 0.7135      |
| 1626.png                 | 0.8619      | 0.7573      | 0.9850      | 0.7661      |
| 1628.png                 | 0.6291      | 0.4589      | 0.9241      | 0.4769      |
| 1629.png                 | 0.8938      | 0.8081      | 0.9682      | 0.8301      |
| 1630.png                 | 0.9019      | 0.8214      | 0.9605      | 0.8502      |
| 1631.png                 | 0.9216      | 0.8546      | 0.9801      | 0.8697      |
| 1632.png                 | 0.6916      | 0.5286      | 0.9567      | 0.5415      |
| 1635.png                 | 0.8675      | 0.7659      | 0.9907      | 0.7715      |
| 1636.png                 | 0.9467      | 0.8989      | 0.9775      | 0.9179      |
| 1637.png                 | 0.9248      | 0.8601      | 0.9623      | 0.8900      |
| 1638.png                 | 0.9220      | 0.8553      | 0.9257      | 0.9183      |
| 1639.png                 | 0.9071      | 0.8299      | 0.9701      | 0.8517      |
| 164.png                  | 0.9318      | 0.8723      | 0.9631      | 0.9024      |
| 165.png                  | 0.8609      | 0.7557      | 0.8473      | 0.8749      |
| 1656.png                 | 0.4086      | 0.2568      | 0.2706      | 0.8345      |
| 1657.png                 | 0.8814      | 0.7879      | 0.9123      | 0.8525      |
| 166.png                  | 0.9372      | 0.8819      | 0.9826      | 0.8959      |
| 1665.png                 | 0.6299      | 0.4598      | 0.9626      | 0.4681      |
| 1666.png                 | 0.7346      | 0.5805      | 0.8740      | 0.6336      |
| 1667.png                 | 0.8095      | 0.6799      | 0.8848      | 0.7460      |
| 1668.png                 | 0.7433      | 0.5915      | 0.9748      | 0.6007      |
| 1669.png                 | 0.6080      | 0.4368      | 0.9403      | 0.4493      |
| 167.png                  | 0.9062      | 0.8285      | 0.9970      | 0.8306      |
| 1670.png                 | 0.4862      | 0.3212      | 0.9452      | 0.3273      |
| 1671.png                 | 0.5490      | 0.3783      | 0.8279      | 0.4106      |
| 1672.png                 | 0.7049      | 0.5443      | 0.8996      | 0.5795      |
| 1677.png                 | 0.6900      | 0.5267      | 0.9855      | 0.5309      |
| 1679.png                 | 0.7558      | 0.6075      | 0.6475      | 0.9077      |
| 168.png                  | 0.8194      | 0.6940      | 0.9917      | 0.6981      |
| 1681.png                 | 0.8908      | 0.8032      | 0.9568      | 0.8334      |
| 1685.png                 | 0.4085      | 0.2567      | 0.3195      | 0.5663      |
| 1689.png                 | 0.5009      | 0.3341      | 0.3565      | 0.8420      |
| 1691.png                 | 0.7964      | 0.6617      | 0.8043      | 0.7886      |
| 1692.png                 | 0.3656      | 0.2237      | 0.2326      | 0.8536      |
| 1693.png                 | 0.5029      | 0.3359      | 0.3449      | 0.9281      |
| 1694.png                 | 0.6069      | 0.4356      | 0.4524      | 0.9214      |
| 1697.png                 | 0.8797      | 0.7852      | 0.8556      | 0.9051      |
| 1699.png                 | 0.8653      | 0.7625      | 0.9511      | 0.7937      |
| 17.png                   | 0.7106      | 0.5511      | 0.9747      | 0.5591      |
| 1700.png                 | 0.8253      | 0.7025      | 0.7766      | 0.8804      |
| 1701.png                 | 0.8118      | 0.6832      | 0.8514      | 0.7757      |
| 1702.png                 | 0.5543      | 0.3834      | 0.9130      | 0.3979      |
| 1705.png                 | 0.8602      | 0.7547      | 0.9964      | 0.7568      |
| 1706.png                 | 0.8688      | 0.7681      | 0.9066      | 0.8341      |
| 1707.png                 | 0.7739      | 0.6312      | 0.6898      | 0.8814      |
| 1708.png                 | 0.6705      | 0.5044      | 0.9748      | 0.5110      |
| 1713.png                 | 0.4747      | 0.3112      | 0.9789      | 0.3133      |
| 1715.png                 | 0.3709      | 0.2276      | 1.0000      | 0.2276      |
| 172.png                  | 0.9585      | 0.9203      | 0.9824      | 0.9358      |
| 1722.png                 | 0.8889      | 0.8000      | 0.8915      | 0.8863      |
| 1723.png                 | 0.8287      | 0.7074      | 0.9823      | 0.7166      |
| 1724.png                 | 0.4891      | 0.3237      | 1.0000      | 0.3237      |
| 1726.png                 | 0.8431      | 0.7287      | 0.9165      | 0.7805      |
| 1727.png                 | 0.9460      | 0.8975      | 0.9849      | 0.9100      |
| 1728.png                 | 0.8667      | 0.7647      | 0.9720      | 0.7819      |
| 1729.png                 | 0.7429      | 0.5910      | 0.9228      | 0.6217      |
| 173.png                  | 0.9447      | 0.8952      | 0.9803      | 0.9116      |
| 1730.png                 | 0.8481      | 0.7362      | 0.8365      | 0.8600      |
| 1731.png                 | 0.9397      | 0.8863      | 0.9614      | 0.9190      |
| 1732.png                 | 0.9052      | 0.8268      | 0.8503      | 0.9676      |
| 1733.png                 | 0.7859      | 0.6474      | 0.9846      | 0.6540      |
| 1741.png                 | 0.6036      | 0.4322      | 0.6456      | 0.5667      |
| 1743.png                 | 0.7978      | 0.6636      | 0.7019      | 0.9241      |
| 1745.png                 | 0.6617      | 0.4944      | 0.5069      | 0.9523      |
| 1746.png                 | 0.6870      | 0.5232      | 0.5657      | 0.8744      |
| 1747.png                 | 0.5225      | 0.3537      | 0.5118      | 0.5337      |
| 1748.png                 | 0.7901      | 0.6530      | 0.7275      | 0.8644      |
| 1749.png                 | 0.8433      | 0.7291      | 0.8163      | 0.8722      |
| 175.png                  | 0.8467      | 0.7342      | 0.9935      | 0.7377      |
| 1750.png                 | 0.8976      | 0.8142      | 0.9566      | 0.8454      |
| 1751.png                 | 0.8882      | 0.7988      | 0.9902      | 0.8052      |
| 1752.png                 | 0.8128      | 0.6846      | 0.9634      | 0.7029      |
| 1753.png                 | 0.8114      | 0.6826      | 0.9723      | 0.6962      |
| 1759.png                 | 0.5997      | 0.4282      | 0.6095      | 0.5902      |
| 176.png                  | 0.8954      | 0.8106      | 0.9976      | 0.8122      |
| 1760.png                 | 0.8387      | 0.7222      | 0.9623      | 0.7432      |
| 1761.png                 | 0.0000      | 0.0000      | 0.0000      | 0.0000      |
| 1762.png                 | 0.5257      | 0.3566      | 0.3731      | 0.8900      |
| 1764.png                 | 0.6370      | 0.4673      | 0.5346      | 0.7879      |
| 1766.png                 | 0.4744      | 0.3109      | 0.9512      | 0.3160      |
| 1767.png                 | 0.8871      | 0.7971      | 0.8877      | 0.8865      |
| 177.png                  | 0.9285      | 0.8665      | 1.0000      | 0.8665      |
| 1771.png                 | 0.9252      | 0.8609      | 0.9483      | 0.9032      |
| 178.png                  | 0.8982      | 0.8152      | 0.9991      | 0.8157      |
| 1781.png                 | 0.7896      | 0.6524      | 0.7656      | 0.8152      |
| 1782.png                 | 0.0000      | 0.0000      | 0.0000      | 0.0000      |
| 1786.png                 | 0.8492      | 0.7380      | 0.9797      | 0.7494      |
| 1787.png                 | 0.8385      | 0.7219      | 0.9812      | 0.7320      |
| 1788.png                 | 0.7940      | 0.6583      | 1.0000      | 0.6583      |
| 1789.png                 | 0.7434      | 0.5915      | 0.9515      | 0.6100      |
| 1790.png                 | 0.8462      | 0.7333      | 0.9977      | 0.7346      |
| 1791.png                 | 0.8824      | 0.7895      | 1.0000      | 0.7895      |
| 1793.png                 | 0.3689      | 0.2262      | 1.0000      | 0.2262      |
| 1795.png                 | 0.4795      | 0.3154      | 0.9221      | 0.3240      |
| 1796.png                 | 0.8854      | 0.7944      | 0.9436      | 0.8340      |
| 1797.png                 | 0.9240      | 0.8587      | 0.9081      | 0.9404      |
| 1798.png                 | 0.9204      | 0.8525      | 0.9440      | 0.8979      |
| 1799.png                 | 0.6031      | 0.4318      | 0.8882      | 0.4566      |
| 18.png                   | 0.8278      | 0.7062      | 1.0000      | 0.7062      |
| 180.png                  | 0.9026      | 0.8226      | 1.0000      | 0.8226      |
| 1800.png                 | 0.5991      | 0.4276      | 1.0000      | 0.4276      |
| 1801.png                 | 0.4579      | 0.2969      | 0.3447      | 0.6817      |
| 1802.png                 | 0.7550      | 0.6065      | 0.8369      | 0.6877      |
| 1805.png                 | 0.6117      | 0.4406      | 0.5848      | 0.6411      |
| 1808.png                 | 0.7398      | 0.5871      | 0.6520      | 0.8550      |
| 181.png                  | 0.9488      | 0.9025      | 1.0000      | 0.9025      |
| 182.png                  | 0.9070      | 0.8298      | 1.0000      | 0.8298      |
| 1820.png                 | 0.8816      | 0.7883      | 0.8816      | 0.8816      |
| 1822.png                 | 0.6318      | 0.4618      | 0.5049      | 0.8439      |
| 1825.png                 | 0.9403      | 0.8874      | 0.9163      | 0.9656      |
| 1826.png                 | 0.8216      | 0.6972      | 0.9643      | 0.7156      |
| 1827.png                 | 0.7755      | 0.6333      | 0.9816      | 0.6409      |
| 1828.png                 | 0.9029      | 0.8230      | 0.9837      | 0.8344      |
| 1829.png                 | 0.1917      | 0.1060      | 0.9976      | 0.1061      |
| 183.png                  | 0.8976      | 0.8143      | 0.9884      | 0.8222      |
| 1830.png                 | 0.8346      | 0.7161      | 0.8656      | 0.8057      |
| 1831.png                 | 0.7991      | 0.6655      | 0.7273      | 0.8868      |
| 1832.png                 | 0.8147      | 0.6873      | 0.7630      | 0.8739      |
| 1833.png                 | 0.8035      | 0.6715      | 0.7901      | 0.8173      |
| 1834.png                 | 0.6885      | 0.5250      | 0.6502      | 0.7316      |
| 1835.png                 | 0.6493      | 0.4807      | 0.5189      | 0.8673      |
| 1836.png                 | 0.9464      | 0.8983      | 0.9352      | 0.9580      |
| 1837.png                 | 0.9411      | 0.8888      | 0.9808      | 0.9045      |
| 1838.png                 | 0.9498      | 0.9044      | 0.9764      | 0.9245      |
| 1839.png                 | 0.9324      | 0.8733      | 0.9770      | 0.8917      |
| 184.png                  | 0.4907      | 0.3252      | 0.3594      | 0.7733      |
| 1840.png                 | 0.9096      | 0.8342      | 0.9670      | 0.8587      |
| 185.png                  | 0.7690      | 0.6247      | 0.7378      | 0.8029      |
| 1896.png                 | 0.4643      | 0.3024      | 1.0000      | 0.3024      |
| 1897.png                 | 0.5371      | 0.3672      | 0.5524      | 0.5227      |
| 19.png                   | 0.6290      | 0.4588      | 1.0000      | 0.4588      |
| 192.png                  | 0.9202      | 0.8522      | 0.9386      | 0.9025      |
| 193.png                  | 0.9292      | 0.8678      | 0.8980      | 0.9627      |
| 194.png                  | 0.9768      | 0.9546      | 0.9753      | 0.9783      |
| 195.png                  | 0.9683      | 0.9385      | 0.9865      | 0.9507      |
| 1950.png                 | 0.8812      | 0.7876      | 0.9852      | 0.7970      |
| 1956.png                 | 0.4404      | 0.2824      | 1.0000      | 0.2824      |
| 1957.png                 | 0.4178      | 0.2640      | 0.9972      | 0.2642      |
| 1958.png                 | 0.7106      | 0.5511      | 1.0000      | 0.5511      |
| 196.png                  | 0.9457      | 0.8969      | 0.9593      | 0.9324      |
| 1967.png                 | 0.6046      | 0.4332      | 1.0000      | 0.4332      |
| 2.png                    | 0.7206      | 0.5632      | 0.9696      | 0.5733      |
| 20.png                   | 0.7835      | 0.6441      | 0.9980      | 0.6449      |
| 201.png                  | 0.9069      | 0.8297      | 0.8529      | 0.9682      |
| 202.png                  | 0.9259      | 0.8620      | 0.8874      | 0.9678      |
| 21.png                   | 0.9462      | 0.8978      | 0.9885      | 0.9073      |
| 2102.png                 | 0.2478      | 0.1414      | 1.0000      | 0.1414      |
| 211.png                  | 0.8051      | 0.6737      | 0.9915      | 0.6777      |
| 212.png                  | 0.8302      | 0.7098      | 0.9922      | 0.7138      |
| 213.png                  | 0.9009      | 0.8196      | 0.9812      | 0.8327      |
| 214.png                  | 0.8553      | 0.7472      | 0.9726      | 0.7632      |
| 215.png                  | 0.0000      | 0.0000      | 0.0000      | 0.0000      |
| 216.png                  | 0.4633      | 0.3015      | 0.9890      | 0.3025      |
| 217.png                  | 0.4688      | 0.3061      | 0.9786      | 0.3082      |
| 218.png                  | 0.7694      | 0.6252      | 0.8334      | 0.7144      |
| 2188.png                 | 0.3293      | 0.1971      | 1.0000      | 0.1971      |
| 219.png                  | 0.7204      | 0.5630      | 0.6719      | 0.7765      |
| 2190.png                 | 0.6858      | 0.5218      | 0.9998      | 0.5219      |
| 2192.png                 | 0.4197      | 0.2656      | 1.0000      | 0.2656      |
| 2199.png                 | 0.4492      | 0.2896      | 0.9899      | 0.2905      |
| 22.png                   | 0.9425      | 0.8913      | 0.9697      | 0.9169      |
| 220.png                  | 0.5700      | 0.3986      | 0.4497      | 0.7782      |
| 2200.png                 | 0.1725      | 0.0944      | 0.0944      | 1.0000      |
| 221.png                  | 0.7652      | 0.6196      | 0.9940      | 0.6219      |
| 222.png                  | 0.8968      | 0.8130      | 0.9996      | 0.8132      |
| 223.png                  | 0.9255      | 0.8613      | 0.9998      | 0.8614      |
| 224.png                  | 0.8691      | 0.7685      | 0.9992      | 0.7690      |
| 2244.png                 | 0.6240      | 0.4534      | 1.0000      | 0.4534      |
| 225.png                  | 0.8773      | 0.7815      | 0.9998      | 0.7816      |
| 2257.png                 | 0.4022      | 0.2518      | 0.9992      | 0.2518      |
| 2259.png                 | 0.4079      | 0.2562      | 1.0000      | 0.2562      |
| 226.png                  | 0.8154      | 0.6883      | 0.9956      | 0.6904      |
| 227.png                  | 0.8253      | 0.7026      | 0.9222      | 0.7469      |
| 228.png                  | 0.7260      | 0.5698      | 1.0000      | 0.5698      |
| 229.png                  | 0.7404      | 0.5877      | 0.9987      | 0.5882      |
| 23.png                   | 0.9354      | 0.8786      | 0.9996      | 0.8789      |
| 230.png                  | 0.7520      | 0.6025      | 0.9923      | 0.6053      |
| 2307.png                 | 0.8198      | 0.6946      | 0.9714      | 0.7091      |
| 2308.png                 | 0.1189      | 0.0632      | 1.0000      | 0.0632      |
| 2312.png                 | 0.4755      | 0.3119      | 1.0000      | 0.3119      |
| 2313.png                 | 0.4557      | 0.2951      | 1.0000      | 0.2951      |
| 2314.png                 | 0.6489      | 0.4803      | 1.0000      | 0.4803      |
| 2315.png                 | 0.7121      | 0.5530      | 1.0000      | 0.5530      |
| 2316.png                 | 0.4911      | 0.3255      | 1.0000      | 0.3255      |
| 2318.png                 | 0.4454      | 0.2865      | 0.9700      | 0.2890      |
| 233.png                  | 0.9506      | 0.9058      | 0.9927      | 0.9120      |
| 234.png                  | 0.9564      | 0.9164      | 0.9885      | 0.9263      |
| 235.png                  | 0.9535      | 0.9112      | 0.9939      | 0.9163      |
| 236.png                  | 0.4954      | 0.3293      | 1.0000      | 0.3293      |
| 237.png                  | 0.7240      | 0.5675      | 0.9949      | 0.5691      |
| 2371.png                 | 0.3639      | 0.2224      | 0.2224      | 1.0000      |
| 2379.png                 | 0.4403      | 0.2823      | 0.2823      | 0.9996      |
| 238.png                  | 0.7148      | 0.5562      | 0.9872      | 0.5602      |
| 2381.png                 | 0.3900      | 0.2422      | 0.2423      | 0.9983      |
| 239.png                  | 0.8660      | 0.7636      | 0.9796      | 0.7760      |
| 24.png                   | 0.5446      | 0.3742      | 0.9298      | 0.3851      |
| 2411.png                 | 0.4635      | 0.3017      | 1.0000      | 0.3017      |
| 2412.png                 | 0.5845      | 0.4129      | 1.0000      | 0.4129      |
| 242.png                  | 0.9110      | 0.8366      | 0.9113      | 0.9108      |
| 2427.png                 | 0.7490      | 0.5987      | 0.9826      | 0.6051      |
| 2428.png                 | 0.4708      | 0.3079      | 1.0000      | 0.3079      |
| 243.png                  | 0.9323      | 0.8731      | 0.9935      | 0.8781      |
| 2431.png                 | 0.2947      | 0.1728      | 1.0000      | 0.1728      |
| 2432.png                 | 0.2678      | 0.1546      | 1.0000      | 0.1546      |
| 2438.png                 | 0.0000      | 0.0000      | 0.0000      | 0.0000      |
| 244.png                  | 0.8811      | 0.7874      | 0.9991      | 0.7880      |
| 2446.png                 | 0.1174      | 0.0624      | 1.0000      | 0.0624      |
| 2447.png                 | 0.3527      | 0.2141      | 1.0000      | 0.2141      |
| 2448.png                 | 0.0977      | 0.0514      | 1.0000      | 0.0514      |
| 2449.png                 | 0.4122      | 0.2596      | 1.0000      | 0.2596      |
| 245.png                  | 0.6747      | 0.5091      | 1.0000      | 0.5091      |
| 2456.png                 | 0.0108      | 0.0054      | 1.0000      | 0.0054      |
| 2457.png                 | 0.3712      | 0.2279      | 0.2279      | 0.9998      |
| 246.png                  | 0.7494      | 0.5993      | 0.7312      | 0.7686      |
| 247.png                  | 0.8738      | 0.7759      | 0.9830      | 0.7864      |
| 2477.png                 | 0.5254      | 0.3563      | 1.0000      | 0.3563      |
| 2482.png                 | 0.4833      | 0.3187      | 0.9986      | 0.3188      |
| 2483.png                 | 0.5070      | 0.3396      | 1.0000      | 0.3396      |
| 25.png                   | 0.6752      | 0.5097      | 0.6763      | 0.6741      |
| 250.png                  | 0.8255      | 0.7028      | 0.9778      | 0.7142      |
| 251.png                  | 0.8952      | 0.8103      | 0.9753      | 0.8273      |
| 253.png                  | 0.7805      | 0.6401      | 0.9678      | 0.6540      |
| 254.png                  | 0.7962      | 0.6614      | 1.0000      | 0.6614      |
| 2542.png                 | 0.7874      | 0.6493      | 0.9941      | 0.6518      |
| 2544.png                 | 0.9123      | 0.8388      | 0.9974      | 0.8406      |
| 2545.png                 | 0.7269      | 0.5710      | 0.9238      | 0.5992      |
| 255.png                  | 0.7042      | 0.5435      | 1.0000      | 0.5435      |
| 256.png                  | 0.8883      | 0.7990      | 0.9923      | 0.8039      |
| 2562.png                 | 0.4330      | 0.2764      | 1.0000      | 0.2764      |
| 2564.png                 | 0.3707      | 0.2275      | 0.2275      | 1.0000      |
| 2565.png                 | 0.3678      | 0.2253      | 0.2253      | 1.0000      |
| 257.png                  | 0.9156      | 0.8443      | 0.9954      | 0.8476      |
| 258.png                  | 0.9075      | 0.8306      | 0.9966      | 0.8330      |
| 259.png                  | 0.8140      | 0.6863      | 1.0000      | 0.6863      |
| 260.png                  | 0.6768      | 0.5114      | 1.0000      | 0.5114      |
| 2606.png                 | 0.3692      | 0.2264      | 0.2312      | 0.9158      |
| 261.png                  | 0.8202      | 0.6952      | 0.9859      | 0.7022      |
| 262.png                  | 0.6276      | 0.4573      | 0.9710      | 0.4637      |
| 263.png                  | 0.8019      | 0.6693      | 0.9980      | 0.6702      |
| 264.png                  | 0.7787      | 0.6376      | 1.0000      | 0.6376      |
| 265.png                  | 0.7015      | 0.5402      | 1.0000      | 0.5402      |
| 2654.png                 | 0.0733      | 0.0380      | 1.0000      | 0.0380      |
| 266.png                  | 0.9034      | 0.8237      | 0.9924      | 0.8290      |
| 267.png                  | 0.6996      | 0.5380      | 0.9977      | 0.5386      |
| 2703.png                 | 0.3914      | 0.2433      | 0.9929      | 0.2437      |
| 2718.png                 | 0.3789      | 0.2337      | 1.0000      | 0.2337      |
| 2724.png                 | 0.4773      | 0.3135      | 1.0000      | 0.3135      |
| 2725.png                 | 0.8076      | 0.6773      | 0.9675      | 0.6931      |
| 2726.png                 | 0.1191      | 0.0633      | 1.0000      | 0.0633      |
| 2728.png                 | 0.5649      | 0.3936      | 0.9933      | 0.3947      |
| 2729.png                 | 0.6928      | 0.5300      | 0.9992      | 0.5302      |
| 2764.png                 | 0.3573      | 0.2175      | 0.2175      | 1.0000      |
| 2770.png                 | 0.5445      | 0.3741      | 0.9690      | 0.3786      |
| 2771.png                 | 0.2080      | 0.1161      | 0.9391      | 0.1170      |
| 2789.png                 | 0.3296      | 0.1973      | 1.0000      | 0.1973      |
| 2790.png                 | 0.2911      | 0.1704      | 1.0000      | 0.1704      |
| 2791.png                 | 0.3588      | 0.2186      | 0.9987      | 0.2187      |
| 2792.png                 | 0.3636      | 0.2222      | 1.0000      | 0.2222      |
| 2793.png                 | 0.5565      | 0.3855      | 1.0000      | 0.3855      |
| 2795.png                 | 0.0122      | 0.0061      | 1.0000      | 0.0061      |
| 2796.png                 | 0.0000      | 0.0000      | 0.0000      | 0.0000      |
| 28.png                   | 0.7670      | 0.6220      | 0.9925      | 0.6249      |
| 281.png                  | 0.7136      | 0.5547      | 1.0000      | 0.5547      |
| 2812.png                 | 0.3142      | 0.1864      | 1.0000      | 0.1864      |
| 2826.png                 | 0.5285      | 0.3592      | 1.0000      | 0.3592      |
| 2829.png                 | 0.7687      | 0.6243      | 1.0000      | 0.6243      |
| 2831.png                 | 0.4427      | 0.2843      | 0.3210      | 0.7129      |
| 2833.png                 | 0.4571      | 0.2963      | 1.0000      | 0.2963      |
| 2843.png                 | 0.4686      | 0.3060      | 0.9323      | 0.3129      |
| 2844.png                 | 0.7237      | 0.5670      | 0.9964      | 0.5682      |
| 2845.png                 | 0.6443      | 0.4752      | 0.9262      | 0.4939      |
| 2870.png                 | 0.3799      | 0.2345      | 0.5086      | 0.3032      |
| 2871.png                 | 0.5098      | 0.3421      | 0.9785      | 0.3447      |
| 2883.png                 | 0.0000      | 0.0000      | 0.0000      | 0.0000      |
| 2884.png                 | 0.2989      | 0.1757      | 0.9417      | 0.1777      |
| 2895.png                 | 0.8723      | 0.7735      | 0.9746      | 0.7894      |
| 2896.png                 | 0.9306      | 0.8701      | 0.9739      | 0.8909      |
| 2897.png                 | 0.9077      | 0.8309      | 0.9682      | 0.8543      |
| 2898.png                 | 0.4695      | 0.3067      | 0.9980      | 0.3069      |
| 29.png                   | 0.9170      | 0.8468      | 0.9980      | 0.8482      |
| 2900.png                 | 0.8980      | 0.8150      | 0.9588      | 0.8446      |
| 2901.png                 | 0.9294      | 0.8681      | 0.9983      | 0.8694      |
| 2902.png                 | 0.5981      | 0.4267      | 0.9960      | 0.4274      |
| 2903.png                 | 0.7753      | 0.6331      | 0.9920      | 0.6363      |
| 2904.png                 | 0.7663      | 0.6212      | 0.9965      | 0.6225      |
| 2905.png                 | 0.7056      | 0.5451      | 1.0000      | 0.5451      |
| 2939.png                 | 0.3599      | 0.2195      | 0.2195      | 1.0000      |
| 2940.png                 | 0.3695      | 0.2267      | 0.2267      | 1.0000      |
| 295.png                  | 0.9497      | 0.9043      | 0.9919      | 0.9110      |
| 2989.png                 | 0.3985      | 0.2489      | 0.2526      | 0.9436      |
| 3.png                    | 0.9341      | 0.8764      | 0.9855      | 0.8878      |
| 30.png                   | 0.9132      | 0.8403      | 0.9967      | 0.8426      |
| 301.png                  | 0.9611      | 0.9251      | 0.9973      | 0.9274      |
| 3022.png                 | 0.7424      | 0.5903      | 0.9980      | 0.5910      |
| 3023.png                 | 0.9420      | 0.8904      | 0.9880      | 0.9001      |
| 3024.png                 | 0.6044      | 0.4331      | 0.9992      | 0.4332      |
| 3026.png                 | 0.9423      | 0.8910      | 0.9910      | 0.8982      |
| 3027.png                 | 0.7824      | 0.6425      | 0.9684      | 0.6563      |
| 303.png                  | 0.9054      | 0.8271      | 0.9894      | 0.8345      |
| 3047.png                 | 0.3190      | 0.1898      | 1.0000      | 0.1898      |
| 3048.png                 | 0.3301      | 0.1977      | 1.0000      | 0.1977      |
| 31.png                   | 0.8599      | 0.7542      | 0.9997      | 0.7544      |
| 311.png                  | 0.9145      | 0.8425      | 0.9998      | 0.8427      |
| 312.png                  | 0.9526      | 0.9095      | 0.9919      | 0.9163      |
| 316.png                  | 0.6661      | 0.4993      | 0.9908      | 0.5016      |
| 317.png                  | 0.8305      | 0.7102      | 0.9881      | 0.7163      |
| 318.png                  | 0.8952      | 0.8102      | 0.9923      | 0.8153      |
| 319.png                  | 0.9206      | 0.8529      | 0.9589      | 0.8853      |
| 32.png                   | 0.8204      | 0.6955      | 0.9756      | 0.7078      |
| 320.png                  | 0.8441      | 0.7302      | 0.8365      | 0.8517      |
| 321.png                  | 0.8750      | 0.7778      | 0.9211      | 0.8333      |
| 322.png                  | 0.7592      | 0.6119      | 0.6987      | 0.8312      |
| 325.png                  | 0.8680      | 0.7668      | 0.9635      | 0.7897      |
| 33.png                   | 0.7723      | 0.6290      | 0.9913      | 0.6325      |
| 332.png                  | 0.7640      | 0.6181      | 0.9961      | 0.6196      |
| 333.png                  | 0.8737      | 0.7757      | 0.9494      | 0.8091      |
| 339.png                  | 0.4462      | 0.2872      | 1.0000      | 0.2872      |
| 342.png                  | 0.9480      | 0.9011      | 0.9803      | 0.9177      |
| 345.png                  | 0.3833      | 0.2371      | 1.0000      | 0.2371      |
| 346.png                  | 0.8727      | 0.7742      | 0.9908      | 0.7799      |
| 347.png                  | 0.9005      | 0.8191      | 0.9837      | 0.8304      |
| 35.png                   | 0.8258      | 0.7032      | 0.9820      | 0.7124      |
| 357.png                  | 0.6561      | 0.4882      | 0.9255      | 0.5082      |
| 359.png                  | 0.8705      | 0.7707      | 0.9943      | 0.7741      |
| 36.png                   | 0.8609      | 0.7557      | 1.0000      | 0.7557      |
| 37.png                   | 0.8628      | 0.7588      | 1.0000      | 0.7588      |
| 38.png                   | 0.8897      | 0.8013      | 1.0000      | 0.8013      |
| 384.png                  | 0.9561      | 0.9158      | 0.9745      | 0.9383      |
| 385.png                  | 0.9632      | 0.9290      | 0.9857      | 0.9417      |
| 386.png                  | 0.9389      | 0.8848      | 0.9629      | 0.9161      |
| 387.png                  | 0.9636      | 0.9297      | 0.9855      | 0.9426      |
| 388.png                  | 0.9707      | 0.9431      | 0.9756      | 0.9659      |
| 389.png                  | 0.9350      | 0.8780      | 0.9916      | 0.8846      |
| 39.png                   | 0.9328      | 0.8740      | 0.9950      | 0.8779      |
| 390.png                  | 0.8063      | 0.6754      | 0.9404      | 0.7057      |
| 391.png                  | 0.9531      | 0.9105      | 0.9873      | 0.9213      |
| 392.png                  | 0.8353      | 0.7172      | 0.9681      | 0.7345      |
| 395.png                  | 0.8573      | 0.7503      | 0.8976      | 0.8206      |
| 396.png                  | 0.7084      | 0.5485      | 0.5983      | 0.8682      |
| 397.png                  | 0.8624      | 0.7581      | 0.8153      | 0.9153      |
| 398.png                  | 0.9282      | 0.8660      | 0.9890      | 0.8744      |
| 4.png                    | 0.8997      | 0.8177      | 0.9844      | 0.8285      |
| 40.png                   | 0.9371      | 0.8816      | 0.9908      | 0.8889      |
| 41.png                   | 0.8712      | 0.7718      | 0.9900      | 0.7779      |
| 415.png                  | 0.8218      | 0.6975      | 0.8434      | 0.8013      |
| 416.png                  | 0.7820      | 0.6421      | 0.7466      | 0.8209      |
| 417.png                  | 0.8362      | 0.7185      | 0.9963      | 0.7204      |
| 418.png                  | 0.8626      | 0.7584      | 1.0000      | 0.7584      |
| 419.png                  | 0.9521      | 0.9086      | 0.9953      | 0.9125      |
| 42.png                   | 0.5931      | 0.4215      | 1.0000      | 0.4215      |
| 420.png                  | 0.8933      | 0.8073      | 0.9992      | 0.8078      |
| 421.png                  | 0.7001      | 0.5386      | 1.0000      | 0.5386      |
| 422.png                  | 0.6364      | 0.4667      | 1.0000      | 0.4667      |
| 43.png                   | 0.8125      | 0.6841      | 0.9610      | 0.7037      |
| 44.png                   | 0.7287      | 0.5731      | 0.9631      | 0.5860      |
| 442.png                  | 0.8774      | 0.7816      | 0.9876      | 0.7893      |
| 443.png                  | 0.7531      | 0.6040      | 0.9976      | 0.6049      |
| 444.png                  | 0.9062      | 0.8284      | 0.9845      | 0.8394      |
| 445.png                  | 0.7623      | 0.6159      | 0.9586      | 0.6328      |
| 446.png                  | 0.7871      | 0.6489      | 0.7271      | 0.8578      |
| 447.png                  | 0.7931      | 0.6572      | 0.8447      | 0.7475      |
| 448.png                  | 0.7363      | 0.5827      | 1.0000      | 0.5827      |
| 449.png                  | 0.7108      | 0.5513      | 0.6377      | 0.8027      |
| 455.png                  | 0.6302      | 0.4601      | 1.0000      | 0.4601      |
| 456.png                  | 0.8631      | 0.7591      | 0.9948      | 0.7621      |
| 457.png                  | 0.8844      | 0.7928      | 0.9983      | 0.7939      |
| 458.png                  | 0.8447      | 0.7312      | 1.0000      | 0.7312      |
| 461.png                  | 0.7908      | 0.6540      | 0.8408      | 0.7465      |
| 462.png                  | 0.8268      | 0.7048      | 0.8521      | 0.8030      |
| 463.png                  | 0.7967      | 0.6621      | 0.8751      | 0.7312      |
| 464.png                  | 0.7788      | 0.6378      | 0.8850      | 0.6954      |
| 470.png                  | 0.7837      | 0.6443      | 0.9985      | 0.6449      |
| 472.png                  | 0.7628      | 0.6165      | 0.6465      | 0.9300      |
| 473.png                  | 0.9055      | 0.8273      | 0.9446      | 0.8694      |
| 474.png                  | 0.8599      | 0.7542      | 0.9882      | 0.7610      |
| 475.png                  | 0.8205      | 0.6957      | 0.9976      | 0.6969      |
| 476.png                  | 0.0000      | 0.0000      | 0.0000      | 0.0000      |
| 480.png                  | 0.8522      | 0.7424      | 1.0000      | 0.7424      |
| 481.png                  | 0.8810      | 0.7873      | 0.8847      | 0.8773      |
| 482.png                  | 0.9290      | 0.8675      | 0.9641      | 0.8964      |
| 483.png                  | 0.8743      | 0.7766      | 0.9892      | 0.7832      |
| 485.png                  | 0.8980      | 0.8149      | 0.9505      | 0.8510      |
| 486.png                  | 0.8694      | 0.7689      | 0.8433      | 0.8971      |
| 487.png                  | 0.9179      | 0.8482      | 0.9756      | 0.8666      |
| 490.png                  | 0.6242      | 0.4537      | 1.0000      | 0.4537      |
| 496.png                  | 0.9088      | 0.8328      | 0.9775      | 0.8491      |
| 497.png                  | 0.8964      | 0.8123      | 0.9089      | 0.8843      |
| 498.png                  | 0.9289      | 0.8672      | 0.9849      | 0.8790      |
| 499.png                  | 0.8939      | 0.8081      | 0.9703      | 0.8286      |
| 5.png                    | 0.4925      | 0.3267      | 1.0000      | 0.3267      |
| 500.png                  | 0.8084      | 0.6784      | 0.9910      | 0.6826      |
| 501.png                  | 0.8125      | 0.6843      | 1.0000      | 0.6843      |
| 502.png                  | 0.7382      | 0.5851      | 1.0000      | 0.5851      |
| 503.png                  | 0.7695      | 0.6254      | 0.9903      | 0.6293      |
| 504.png                  | 0.8964      | 0.8123      | 0.9675      | 0.8351      |
| 508.png                  | 0.9186      | 0.8494      | 0.9913      | 0.8559      |
| 51.png                   | 0.9601      | 0.9233      | 0.9710      | 0.9495      |
| 510.png                  | 0.8863      | 0.7958      | 0.9931      | 0.8002      |
| 511.png                  | 0.9343      | 0.8766      | 0.9983      | 0.8779      |
| 512.png                  | 0.9543      | 0.9126      | 0.9973      | 0.9149      |
| 513.png                  | 0.8740      | 0.7762      | 0.9978      | 0.7776      |
| 515.png                  | 0.8481      | 0.7363      | 0.7656      | 0.9506      |
| 517.png                  | 0.8622      | 0.7578      | 0.9967      | 0.7597      |
| 532.png                  | 0.8774      | 0.7815      | 0.9860      | 0.7903      |
| 537.png                  | 0.9399      | 0.8866      | 0.9925      | 0.8926      |
| 538.png                  | 0.8637      | 0.7601      | 0.9937      | 0.7638      |
| 541.png                  | 0.9393      | 0.8855      | 0.9769      | 0.9045      |
| 551.png                  | 0.8261      | 0.7037      | 0.9924      | 0.7075      |
| 552.png                  | 0.9022      | 0.8217      | 0.9997      | 0.8220      |
| 553.png                  | 0.3777      | 0.2328      | 1.0000      | 0.2328      |
| 554.png                  | 0.8206      | 0.6957      | 0.9799      | 0.7058      |
| 555.png                  | 0.9183      | 0.8490      | 0.9458      | 0.8924      |
| 556.png                  | 0.7301      | 0.5749      | 0.6918      | 0.7728      |
| 557.png                  | 0.6441      | 0.4750      | 0.5365      | 0.8055      |
| 563.png                  | 0.8217      | 0.6973      | 0.9636      | 0.7162      |
| 566.png                  | 0.7610      | 0.6142      | 1.0000      | 0.6142      |
| 567.png                  | 0.1407      | 0.0757      | 1.0000      | 0.0757      |
| 569.png                  | 0.3972      | 0.2478      | 0.2577      | 0.8654      |
| 575.png                  | 0.8933      | 0.8073      | 0.9796      | 0.8210      |
| 576.png                  | 0.8277      | 0.7061      | 0.9857      | 0.7134      |
| 582.png                  | 0.8972      | 0.8136      | 0.9916      | 0.8193      |
| 584.png                  | 0.9170      | 0.8467      | 0.9936      | 0.8513      |
| 585.png                  | 0.8391      | 0.7228      | 0.9154      | 0.7745      |
| 59.png                   | 0.9069      | 0.8297      | 0.8524      | 0.9688      |
| 597.png                  | 0.6556      | 0.4876      | 1.0000      | 0.4876      |
| 598.png                  | 0.8493      | 0.7381      | 0.9776      | 0.7508      |
| 6.png                    | 0.4908      | 0.3252      | 0.9612      | 0.3295      |
| 60.png                   | 0.9462      | 0.8978      | 0.9865      | 0.9090      |
| 61.png                   | 0.9625      | 0.9277      | 0.9815      | 0.9442      |
| 619.png                  | 0.7220      | 0.5649      | 0.9915      | 0.5677      |
| 62.png                   | 0.8512      | 0.7409      | 0.9967      | 0.7427      |
| 621.png                  | 0.8646      | 0.7615      | 0.8000      | 0.9405      |
| 622.png                  | 0.3660      | 0.2240      | 0.2250      | 0.9808      |
| 628.png                  | 0.3561      | 0.2166      | 0.2166      | 0.9997      |
| 63.png                   | 0.8551      | 0.7469      | 0.9993      | 0.7473      |
| 631.png                  | 0.8088      | 0.6790      | 1.0000      | 0.6790      |
| 632.png                  | 0.9672      | 0.9364      | 0.9960      | 0.9400      |
| 635.png                  | 0.8955      | 0.8108      | 0.9821      | 0.8230      |
| 636.png                  | 0.9673      | 0.9368      | 0.9914      | 0.9444      |
| 637.png                  | 0.9588      | 0.9209      | 0.9913      | 0.9284      |
| 638.png                  | 0.9265      | 0.8630      | 0.9263      | 0.9266      |
| 64.png                   | 0.8472      | 0.7349      | 0.9945      | 0.7379      |
| 642.png                  | 0.7514      | 0.6018      | 1.0000      | 0.6018      |
| 643.png                  | 0.8831      | 0.7907      | 0.9850      | 0.8003      |
| 644.png                  | 0.8598      | 0.7540      | 0.8521      | 0.8675      |
| 645.png                  | 0.7956      | 0.6606      | 0.7419      | 0.8578      |
| 646.png                  | 0.8212      | 0.6967      | 0.8614      | 0.7846      |
| 647.png                  | 0.8666      | 0.7646      | 0.9619      | 0.7884      |
| 649.png                  | 0.9161      | 0.8452      | 0.9727      | 0.8658      |
| 65.png                   | 0.7593      | 0.6119      | 0.9843      | 0.6180      |
| 650.png                  | 0.9565      | 0.9166      | 0.9874      | 0.9275      |
| 651.png                  | 0.9628      | 0.9282      | 0.9845      | 0.9419      |
| 652.png                  | 0.9675      | 0.9371      | 0.9815      | 0.9539      |
| 66.png                   | 0.8004      | 0.6672      | 0.9919      | 0.6708      |
| 673.png                  | 0.8443      | 0.7305      | 0.9840      | 0.7393      |
| 674.png                  | 0.8835      | 0.7913      | 0.9544      | 0.8224      |
| 7.png                    | 0.8320      | 0.7123      | 0.8991      | 0.7742      |
| 713.png                  | 0.8630      | 0.7591      | 0.8426      | 0.8845      |
| 714.png                  | 0.9568      | 0.9171      | 0.9394      | 0.9748      |
| 736.png                  | 0.1769      | 0.0970      | 0.0970      | 1.0000      |
| 743.png                  | 0.4181      | 0.2643      | 0.2649      | 0.9913      |
| 744.png                  | 0.3693      | 0.2265      | 0.2266      | 0.9972      |
| 753.png                  | 0.7615      | 0.6148      | 0.9517      | 0.6346      |
| 754.png                  | 0.0953      | 0.0501      | 0.9524      | 0.0502      |
| 755.png                  | 0.5460      | 0.3755      | 0.9993      | 0.3756      |
| 756.png                  | 0.9162      | 0.8453      | 0.9982      | 0.8466      |
| 765.png                  | 0.7530      | 0.6039      | 0.9654      | 0.6173      |
| 772.png                  | 0.8774      | 0.7815      | 0.9930      | 0.7859      |
| 786.png                  | 0.3999      | 0.2499      | 0.2707      | 0.7647      |
| 787.png                  | 0.4172      | 0.2636      | 0.2706      | 0.9110      |
| 788.png                  | 0.4288      | 0.2729      | 0.2838      | 0.8766      |
| 789.png                  | 0.4013      | 0.2510      | 0.2541      | 0.9547      |
| 79.png                   | 0.9228      | 0.8566      | 0.9137      | 0.9320      |
| 796.png                  | 0.0000      | 0.0000      | 0.0000      | 0.0000      |
| 8.png                    | 0.8169      | 0.6904      | 0.9366      | 0.7243      |
| 802.png                  | 0.2422      | 0.1378      | 1.0000      | 0.1378      |
| 816.png                  | 0.4104      | 0.2582      | 0.2582      | 1.0000      |
| 819.png                  | 0.4078      | 0.2561      | 0.9973      | 0.2563      |
| 82.png                   | 0.4936      | 0.3277      | 0.9962      | 0.3281      |
| 820.png                  | 0.8871      | 0.7971      | 0.9954      | 0.8000      |
| 822.png                  | 0.5412      | 0.3709      | 1.0000      | 0.3709      |
| 823.png                  | 0.3514      | 0.2132      | 1.0000      | 0.2132      |
| 826.png                  | 0.8674      | 0.7659      | 0.9964      | 0.7680      |
| 827.png                  | 0.8020      | 0.6694      | 0.9990      | 0.6699      |
| 829.png                  | 0.4057      | 0.2545      | 0.9696      | 0.2565      |
| 83.png                   | 0.4699      | 0.3071      | 0.4288      | 0.5197      |
| 830.png                  | 0.1854      | 0.1022      | 1.0000      | 0.1022      |
| 831.png                  | 0.8752      | 0.7780      | 0.9977      | 0.7794      |
| 832.png                  | 0.7248      | 0.5684      | 1.0000      | 0.5684      |
| 833.png                  | 0.6690      | 0.5027      | 1.0000      | 0.5027      |
| 843.png                  | 0.7389      | 0.5859      | 0.9745      | 0.5950      |
| 846.png                  | 0.7593      | 0.6120      | 1.0000      | 0.6120      |
| 847.png                  | 0.8526      | 0.7430      | 0.9728      | 0.7588      |
| 848.png                  | 0.4704      | 0.3075      | 0.8905      | 0.3196      |
| 851.png                  | 0.0000      | 0.0000      | 0.0000      | 0.0000      |
| 852.png                  | 0.8623      | 0.7579      | 0.9991      | 0.7584      |
| 853.png                  | 0.4919      | 0.3261      | 0.9742      | 0.3290      |
| 854.png                  | 0.0000      | 0.0000      | 0.0000      | 0.0000      |
| 860.png                  | 0.4889      | 0.3235      | 0.3319      | 0.9280      |
| 861.png                  | 0.0000      | 0.0000      | 0.0000      | 0.0000      |
| 862.png                  | 0.1666      | 0.0909      | 1.0000      | 0.0909      |
| 868.png                  | 0.3851      | 0.2385      | 0.2426      | 0.9332      |
| 870.png                  | 0.0000      | 0.0000      | 0.0000      | 0.0000      |
| 872.png                  | 0.0229      | 0.0116      | 0.0120      | 0.2486      |
| 904.png                  | 0.9359      | 0.8796      | 0.9578      | 0.9150      |
| 909.png                  | 0.4512      | 0.2913      | 0.2929      | 0.9823      |
| 918.png                  | 0.7340      | 0.5797      | 0.9545      | 0.5962      |
| 92.png                   | 0.7223      | 0.5653      | 0.9723      | 0.5745      |
| 920.png                  | 0.4937      | 0.3278      | 0.5797      | 0.4299      |
| 922.png                  | 0.9643      | 0.9311      | 0.9783      | 0.9507      |
| 923.png                  | 0.9581      | 0.9195      | 0.9832      | 0.9342      |
| 924.png                  | 0.9386      | 0.8843      | 0.9938      | 0.8893      |
| 925.png                  | 0.8901      | 0.8019      | 0.9863      | 0.8109      |
| 926.png                  | 0.2400      | 0.1364      | 0.3264      | 0.1898      |
| 927.png                  | 0.3451      | 0.2086      | 0.5871      | 0.2444      |
| 928.png                  | 0.8149      | 0.6877      | 0.7882      | 0.8435      |
| 929.png                  | 0.8603      | 0.7548      | 0.9483      | 0.7872      |
| 930.png                  | 0.9444      | 0.8946      | 0.9755      | 0.9152      |
| 931.png                  | 0.9358      | 0.8794      | 0.9664      | 0.9071      |
| 932.png                  | 0.8346      | 0.7162      | 1.0000      | 0.7162      |
| 933.png                  | 0.7129      | 0.5539      | 0.5896      | 0.9014      |
| 934.png                  | 0.9227      | 0.8566      | 0.8951      | 0.9521      |
| 935.png                  | 0.9537      | 0.9115      | 0.9897      | 0.9202      |
| 936.png                  | 0.9613      | 0.9255      | 0.9859      | 0.9379      |
| 937.png                  | 0.9489      | 0.9028      | 0.9961      | 0.9059      |
| 938.png                  | 0.7558      | 0.6075      | 1.0000      | 0.6075      |
| 94.png                   | 0.5039      | 0.3368      | 1.0000      | 0.3368      |
| 947.png                  | 0.6719      | 0.5059      | 0.5792      | 0.7998      |
| 948.png                  | 0.7261      | 0.5700      | 0.7852      | 0.6753      |
| 949.png                  | 0.4140      | 0.2610      | 0.4394      | 0.3914      |
| 95.png                   | 0.8331      | 0.7140      | 0.8950      | 0.7792      |
| 950.png                  | 0.4959      | 0.3297      | 0.6432      | 0.4035      |
| 951.png                  | 0.6183      | 0.4474      | 0.8641      | 0.4813      |
| 965.png                  | 0.8931      | 0.8068      | 0.9126      | 0.8744      |
| 966.png                  | 0.7606      | 0.6137      | 0.6933      | 0.8424      |
| 967.png                  | 0.8896      | 0.8011      | 0.8797      | 0.8996      |
| 968.png                  | 0.8041      | 0.6724      | 0.8182      | 0.7905      |
| 969.png                  | 0.8247      | 0.7017      | 0.7791      | 0.8759      |
| 97.png                   | 0.8667      | 0.7647      | 0.9847      | 0.7739      |
| 970.png                  | 0.9128      | 0.8396      | 0.9226      | 0.9032      |
| 971.png                  | 0.8930      | 0.8068      | 0.9816      | 0.8191      |
| 972.png                  | 0.6909      | 0.5277      | 0.7232      | 0.6613      |
| 973.png                  | 0.4906      | 0.3250      | 1.0000      | 0.3250      |
| 975.png                  | 0.8173      | 0.6911      | 0.9751      | 0.7035      |
| 977.png                  | 0.4167      | 0.2632      | 0.5737      | 0.3271      |
| 978.png                  | 0.8318      | 0.7120      | 0.9585      | 0.7346      |
| 982.png                  | 0.7982      | 0.6641      | 0.7050      | 0.9197      |
| 990.png                  | 0.7134      | 0.5545      | 0.6563      | 0.7814      |
| 991.png                  | 0.9184      | 0.8490      | 0.9841      | 0.8608      |
| 992.png                  | 0.9305      | 0.8700      | 0.9927      | 0.8756      |
| 993.png                  | 0.8698      | 0.7695      | 1.0000      | 0.7695      |
| 994.png                  | 0.8726      | 0.7740      | 0.9897      | 0.7803      |
| 995.png                  | 0.9439      | 0.8938      | 0.9819      | 0.9088      |
| 996.png                  | 0.8712      | 0.7718      | 0.9906      | 0.7775      |
| 997.png                  | 0.7217      | 0.5646      | 0.9654      | 0.5763      |
| 998.png                  | 0.7169      | 0.5587      | 0.7121      | 0.7218      |
| 999.png                  | 0.6124      | 0.4414      | 0.4809      | 0.8430      |
------------------------------------------------------------------------------------
| MEAN                     | 0.7246      | 0.6088      | 0.8605      | 0.6941      |
====================================================================================
