
==================== BANG DANH GIA MASK ====================
------------------------------------------------------------------------------------
| File                     | Dice        | IoU         | Precision   | Recall      |
------------------------------------------------------------------------------------
| 1.png                    | 0.8850      | 0.7937      | 0.8559      | 0.9162      |
| 10.png                   | 0.8947      | 0.8094      | 0.9921      | 0.8147      |
| 100.png                  | 0.6612      | 0.4938      | 0.5270      | 0.8870      |
| 1000.png                 | 0.7868      | 0.6485      | 0.6763      | 0.9403      |
| 1001.png                 | 0.6308      | 0.4607      | 0.4813      | 0.9152      |
| 1002.png                 | 0.9018      | 0.8212      | 0.9822      | 0.8336      |
| 1003.png                 | 0.8104      | 0.6813      | 0.7275      | 0.9147      |
| 1004.png                 | 0.7637      | 0.6178      | 0.6653      | 0.8964      |
| 1005.png                 | 0.8470      | 0.7346      | 0.7982      | 0.9022      |
| 1006.png                 | 0.2443      | 0.1391      | 0.1416      | 0.8861      |
| 1007.png                 | 0.7017      | 0.5405      | 0.5580      | 0.9450      |
| 1008.png                 | 0.9070      | 0.8299      | 0.8781      | 0.9380      |
| 1009.png                 | 0.9203      | 0.8524      | 0.9542      | 0.8887      |
| 101.png                  | 0.5111      | 0.3432      | 0.3507      | 0.9420      |
| 1010.png                 | 0.0427      | 0.0218      | 0.0219      | 0.8692      |
| 1011.png                 | 0.0367      | 0.0187      | 0.0187      | 0.9155      |
| 1012.png                 | 0.0332      | 0.0169      | 0.0169      | 0.8850      |
| 1013.png                 | 0.0319      | 0.0162      | 0.0162      | 0.9216      |
| 1017.png                 | 0.2215      | 0.1246      | 0.1250      | 0.9691      |
| 1018.png                 | 0.8728      | 0.7743      | 1.0000      | 0.7743      |
| 1019.png                 | 0.9625      | 0.9278      | 0.9759      | 0.9496      |
| 102.png                  | 0.1132      | 0.0600      | 0.0600      | 1.0000      |
| 1020.png                 | 0.9545      | 0.9129      | 0.9716      | 0.9379      |
| 1021.png                 | 0.4997      | 0.3331      | 0.3414      | 0.9318      |
| 1022.png                 | 0.8397      | 0.7237      | 0.7242      | 0.9989      |
| 1023.png                 | 0.5543      | 0.3834      | 0.3996      | 0.9043      |
| 1024.png                 | 0.2884      | 0.1685      | 0.1761      | 0.7965      |
| 1025.png                 | 0.0000      | 0.0000      | 0.0000      | 0.0000      |
| 1026.png                 | 0.0459      | 0.0235      | 0.0235      | 0.9684      |
| 1027.png                 | 0.2002      | 0.1112      | 0.1112      | 0.9995      |
| 103.png                  | 0.9155      | 0.8442      | 0.9253      | 0.9060      |
| 1032.png                 | 0.3516      | 0.2133      | 0.2165      | 0.9354      |
| 1033.png                 | 0.2714      | 0.1570      | 0.1589      | 0.9274      |
| 1035.png                 | 0.9454      | 0.8965      | 0.9610      | 0.9303      |
| 1036.png                 | 0.9191      | 0.8504      | 0.9511      | 0.8892      |
| 1037.png                 | 0.9112      | 0.8369      | 0.8935      | 0.9296      |
| 1038.png                 | 0.9227      | 0.8564      | 0.9143      | 0.9312      |
| 1039.png                 | 0.9175      | 0.8476      | 0.9262      | 0.9090      |
| 1040.png                 | 0.8481      | 0.7363      | 0.8465      | 0.8497      |
| 1041.png                 | 0.8887      | 0.7997      | 0.9831      | 0.8108      |
| 1042.png                 | 0.0568      | 0.0293      | 0.0293      | 1.0000      |
| 1043.png                 | 0.0693      | 0.0359      | 0.0359      | 1.0000      |
| 1045.png                 | 0.9204      | 0.8526      | 0.9571      | 0.8865      |
| 1046.png                 | 0.5991      | 0.4276      | 0.4563      | 0.8719      |
| 1047.png                 | 0.8639      | 0.7603      | 0.8995      | 0.8310      |
| 1048.png                 | 0.9507      | 0.9061      | 0.9823      | 0.9211      |
| 1049.png                 | 0.9256      | 0.8615      | 0.9371      | 0.9145      |
| 105.png                  | 0.9185      | 0.8493      | 0.9927      | 0.8546      |
| 1050.png                 | 0.6391      | 0.4696      | 0.5028      | 0.8767      |
| 1051.png                 | 0.9351      | 0.8782      | 0.9864      | 0.8890      |
| 1052.png                 | 0.9238      | 0.8584      | 0.9800      | 0.8737      |
| 1053.png                 | 0.7853      | 0.6465      | 0.7252      | 0.8563      |
| 1054.png                 | 0.0823      | 0.0429      | 0.0430      | 0.9685      |
| 1055.png                 | 0.0774      | 0.0402      | 0.0402      | 1.0000      |
| 1056.png                 | 0.8012      | 0.6684      | 0.8319      | 0.7728      |
| 1057.png                 | 0.0867      | 0.0453      | 0.0453      | 1.0000      |
| 1058.png                 | 0.4675      | 0.3051      | 0.3357      | 0.7700      |
| 1061.png                 | 0.2315      | 0.1309      | 0.1327      | 0.9075      |
| 1062.png                 | 0.0620      | 0.0320      | 0.0320      | 1.0000      |
| 1063.png                 | 0.5716      | 0.4002      | 0.4736      | 0.7207      |
| 1066.png                 | 0.0000      | 0.0000      | 0.0000      | 0.0000      |
| 1070.png                 | 0.7629      | 0.6167      | 0.9888      | 0.6211      |
| 1071.png                 | 0.0287      | 0.0146      | 0.0146      | 1.0000      |
| 1072.png                 | 0.0270      | 0.0137      | 0.0138      | 0.7537      |
| 1075.png                 | 0.4715      | 0.3085      | 1.0000      | 0.3085      |
| 1076.png                 | 0.4345      | 0.2775      | 1.0000      | 0.2775      |
| 1087.png                 | 0.7845      | 0.6453      | 0.9168      | 0.6855      |
| 1089.png                 | 0.7413      | 0.5890      | 0.9585      | 0.6044      |
| 109.png                  | 0.1580      | 0.0858      | 0.0858      | 1.0000      |
| 1090.png                 | 0.8371      | 0.7199      | 0.9697      | 0.7365      |
| 1091.png                 | 0.8482      | 0.7364      | 0.9742      | 0.7511      |
| 1092.png                 | 0.8846      | 0.7931      | 0.9533      | 0.8252      |
| 1094.png                 | 0.6101      | 0.4389      | 0.7436      | 0.5172      |
| 1095.png                 | 0.7779      | 0.6365      | 1.0000      | 0.6365      |
| 1096.png                 | 0.7702      | 0.6263      | 0.9675      | 0.6397      |
| 1097.png                 | 0.8041      | 0.6724      | 0.8507      | 0.7623      |
| 1098.png                 | 0.0763      | 0.0396      | 0.0401      | 0.7878      |
| 1099.png                 | 0.1021      | 0.0538      | 0.0538      | 1.0000      |
| 11.png                   | 0.9581      | 0.9196      | 0.9857      | 0.9320      |
| 1100.png                 | 0.6296      | 0.4594      | 0.9978      | 0.4598      |
| 1101.png                 | 0.6667      | 0.5000      | 0.9248      | 0.5212      |
| 1102.png                 | 0.0359      | 0.0183      | 0.0184      | 0.8005      |
| 1103.png                 | 0.5750      | 0.4035      | 0.7603      | 0.4622      |
| 1104.png                 | 0.4119      | 0.2594      | 0.3796      | 0.4502      |
| 1105.png                 | 0.5309      | 0.3614      | 0.9895      | 0.3628      |
| 1106.png                 | 0.7402      | 0.5875      | 0.9887      | 0.5915      |
| 1107.png                 | 0.7680      | 0.6234      | 0.9961      | 0.6249      |
| 1108.png                 | 0.7446      | 0.5931      | 0.8006      | 0.6959      |
| 1110.png                 | 0.7860      | 0.6474      | 0.9985      | 0.6481      |
| 1111.png                 | 0.8307      | 0.7104      | 0.9861      | 0.7176      |
| 1114.png                 | 0.7944      | 0.6589      | 0.6717      | 0.9720      |
| 1118.png                 | 0.0000      | 0.0000      | 0.0000      | 0.0000      |
| 112.png                  | 0.8496      | 0.7385      | 0.8572      | 0.8422      |
| 1122.png                 | 0.8921      | 0.8052      | 0.8630      | 0.9232      |
| 1123.png                 | 0.7765      | 0.6347      | 0.6961      | 0.8780      |
| 1125.png                 | 0.0640      | 0.0331      | 0.0331      | 0.9599      |
| 1126.png                 | 0.0000      | 0.0000      | 0.0000      | 0.0000      |
| 1127.png                 | 0.7326      | 0.5780      | 0.5973      | 0.9471      |
| 1129.png                 | 0.8672      | 0.7656      | 0.9910      | 0.7709      |
| 113.png                  | 0.9393      | 0.8856      | 0.9739      | 0.9071      |
| 1130.png                 | 0.5257      | 0.3566      | 0.3650      | 0.9393      |
| 1131.png                 | 0.9498      | 0.9043      | 0.9773      | 0.9237      |
| 1132.png                 | 0.9362      | 0.8800      | 0.9415      | 0.9309      |
| 1133.png                 | 0.7455      | 0.5943      | 0.6724      | 0.8366      |
| 1134.png                 | 0.8582      | 0.7516      | 0.9081      | 0.8135      |
| 1135.png                 | 0.8599      | 0.7542      | 0.7842      | 0.9516      |
| 1136.png                 | 0.8392      | 0.7229      | 0.7551      | 0.9443      |
| 1137.png                 | 0.8458      | 0.7328      | 0.8369      | 0.8550      |
| 1138.png                 | 0.4210      | 0.2666      | 0.3056      | 0.6761      |
| 114.png                  | 0.9275      | 0.8648      | 0.9691      | 0.8893      |
| 1140.png                 | 0.8134      | 0.6855      | 0.8614      | 0.7705      |
| 1141.png                 | 0.8383      | 0.7215      | 0.8317      | 0.8449      |
| 1142.png                 | 0.8181      | 0.6922      | 0.7492      | 0.9009      |
| 1143.png                 | 0.6126      | 0.4415      | 0.5773      | 0.6524      |
| 1144.png                 | 0.7491      | 0.5988      | 0.6884      | 0.8215      |
| 1145.png                 | 0.8066      | 0.6759      | 0.7528      | 0.8687      |
| 1146.png                 | 0.9151      | 0.8435      | 0.9851      | 0.8544      |
| 1147.png                 | 0.8545      | 0.7459      | 0.9135      | 0.8026      |
| 1148.png                 | 0.7997      | 0.6663      | 0.7854      | 0.8147      |
| 1149.png                 | 0.5251      | 0.3560      | 0.9697      | 0.3600      |
| 115.png                  | 0.9433      | 0.8926      | 0.9973      | 0.8948      |
| 1151.png                 | 0.1974      | 0.1095      | 0.1122      | 0.8205      |
| 1152.png                 | 0.4039      | 0.2531      | 0.2695      | 0.8061      |
| 1154.png                 | 0.8554      | 0.7473      | 0.8104      | 0.9057      |
| 1155.png                 | 0.2896      | 0.1693      | 0.1699      | 0.9814      |
| 1156.png                 | 0.6031      | 0.4318      | 0.4384      | 0.9660      |
| 1157.png                 | 0.9294      | 0.8681      | 0.9437      | 0.9155      |
| 1158.png                 | 0.1123      | 0.0595      | 0.0604      | 0.7976      |
| 1159.png                 | 0.8851      | 0.7940      | 0.9327      | 0.8422      |
| 116.png                  | 0.9092      | 0.8334      | 0.9327      | 0.8868      |
| 1160.png                 | 0.0572      | 0.0295      | 0.0295      | 1.0000      |
| 1161.png                 | 0.8332      | 0.7140      | 0.7893      | 0.8822      |
| 1162.png                 | 0.9171      | 0.8468      | 0.9795      | 0.8621      |
| 1163.png                 | 0.6266      | 0.4563      | 0.4790      | 0.9057      |
| 1169.png                 | 0.0000      | 0.0000      | 0.0000      | 0.0000      |
| 117.png                  | 0.4960      | 0.3298      | 0.8745      | 0.3462      |
| 1170.png                 | 0.9591      | 0.9214      | 0.9360      | 0.9833      |
| 1171.png                 | 0.9569      | 0.9173      | 0.9754      | 0.9391      |
| 1172.png                 | 0.9563      | 0.9163      | 0.9640      | 0.9487      |
| 1173.png                 | 0.9725      | 0.9465      | 0.9890      | 0.9566      |
| 1174.png                 | 0.9660      | 0.9343      | 0.9736      | 0.9586      |
| 1175.png                 | 0.7967      | 0.6621      | 0.6953      | 0.9327      |
| 1176.png                 | 0.8601      | 0.7545      | 0.9389      | 0.7935      |
| 1177.png                 | 0.5978      | 0.4263      | 0.4398      | 0.9326      |
| 1178.png                 | 0.0690      | 0.0358      | 0.0358      | 0.9896      |
| 1179.png                 | 0.7041      | 0.5433      | 0.5639      | 0.9369      |
| 118.png                  | 0.9268      | 0.8636      | 0.9904      | 0.8709      |
| 1180.png                 | 0.0421      | 0.0215      | 0.0215      | 0.9957      |
| 1182.png                 | 0.2956      | 0.1735      | 0.1743      | 0.9736      |
| 1183.png                 | 0.7442      | 0.5926      | 0.6256      | 0.9181      |
| 1184.png                 | 0.0928      | 0.0487      | 0.0487      | 1.0000      |
| 1185.png                 | 0.8506      | 0.7400      | 0.7722      | 0.9466      |
| 1186.png                 | 0.8631      | 0.7591      | 0.8043      | 0.9311      |
| 1187.png                 | 0.7474      | 0.5967      | 0.6232      | 0.9334      |
| 1188.png                 | 0.0846      | 0.0442      | 0.0446      | 0.8218      |
| 1194.png                 | 0.6425      | 0.4733      | 0.5244      | 0.8293      |
| 1195.png                 | 0.0345      | 0.0175      | 0.0176      | 0.9722      |
| 1197.png                 | 0.3177      | 0.1888      | 0.1942      | 0.8713      |
| 12.png                   | 0.9698      | 0.9414      | 0.9758      | 0.9639      |
| 1202.png                 | 0.4049      | 0.2538      | 0.2795      | 0.7344      |
| 1205.png                 | 0.0000      | 0.0000      | 0.0000      | 0.0000      |
| 1219.png                 | 0.6470      | 0.4782      | 0.5006      | 0.9146      |
| 1220.png                 | 0.0539      | 0.0277      | 0.0277      | 0.9399      |
| 1221.png                 | 0.7282      | 0.5726      | 0.6703      | 0.7971      |
| 1222.png                 | 0.0403      | 0.0206      | 0.0206      | 1.0000      |
| 1223.png                 | 0.0536      | 0.0275      | 0.0276      | 0.9625      |
| 1224.png                 | 0.1457      | 0.0786      | 0.0796      | 0.8617      |
| 1225.png                 | 0.1617      | 0.0880      | 0.0955      | 0.5277      |
| 1226.png                 | 0.0000      | 0.0000      | 0.0000      | 0.0000      |
| 1227.png                 | 0.0152      | 0.0077      | 0.0077      | 0.9055      |
| 1228.png                 | 0.3497      | 0.2119      | 0.2244      | 0.7912      |
| 1230.png                 | 0.6563      | 0.4885      | 0.6107      | 0.7093      |
| 1236.png                 | 0.2895      | 0.1693      | 0.1715      | 0.9294      |
| 124.png                  | 0.1261      | 0.0673      | 0.0675      | 0.9521      |
| 1244.png                 | 0.8944      | 0.8089      | 0.8449      | 0.9500      |
| 1245.png                 | 0.0414      | 0.0211      | 0.0212      | 0.9824      |
| 1246.png                 | 0.8798      | 0.7853      | 0.7888      | 0.9944      |
| 1247.png                 | 0.7968      | 0.6622      | 0.6800      | 0.9619      |
| 1248.png                 | 0.9113      | 0.8370      | 0.8619      | 0.9666      |
| 1249.png                 | 0.8842      | 0.7924      | 0.7987      | 0.9901      |
| 1250.png                 | 0.7003      | 0.5388      | 0.5443      | 0.9817      |
| 1251.png                 | 0.5310      | 0.3615      | 0.3695      | 0.9433      |
| 1252.png                 | 0.6551      | 0.4871      | 0.4948      | 0.9692      |
| 1253.png                 | 0.6699      | 0.5036      | 0.5141      | 0.9611      |
| 1254.png                 | 0.5924      | 0.4209      | 0.4326      | 0.9394      |
| 1255.png                 | 0.3600      | 0.2195      | 0.2245      | 0.9078      |
| 1256.png                 | 0.5743      | 0.4028      | 0.4035      | 0.9954      |
| 1257.png                 | 0.5692      | 0.3978      | 0.4141      | 0.9101      |
| 1258.png                 | 0.6410      | 0.4717      | 0.4998      | 0.8935      |
| 1259.png                 | 0.5602      | 0.3890      | 0.3951      | 0.9620      |
| 1260.png                 | 0.6053      | 0.4340      | 0.4468      | 0.9381      |
| 1261.png                 | 0.5674      | 0.3961      | 0.4070      | 0.9367      |
| 1262.png                 | 0.6136      | 0.4426      | 0.4476      | 0.9755      |
| 1264.png                 | 0.5261      | 0.3569      | 0.3765      | 0.8728      |
| 1265.png                 | 0.3785      | 0.2334      | 0.2376      | 0.9297      |
| 1266.png                 | 0.0077      | 0.0039      | 0.0039      | 0.9151      |
| 1273.png                 | 0.0348      | 0.0177      | 0.0177      | 0.9465      |
| 1274.png                 | 0.5717      | 0.4003      | 0.4055      | 0.9689      |
| 1276.png                 | 0.9553      | 0.9144      | 0.9782      | 0.9335      |
| 1277.png                 | 0.9270      | 0.8640      | 0.9809      | 0.8787      |
| 1278.png                 | 0.0802      | 0.0418      | 0.0419      | 0.9407      |
| 1281.png                 | 0.4805      | 0.3162      | 0.6436      | 0.3833      |
| 1282.png                 | 0.5038      | 0.3368      | 0.5289      | 0.4811      |
| 1285.png                 | 0.0197      | 0.0099      | 0.0099      | 1.0000      |
| 1286.png                 | 0.1572      | 0.0853      | 0.0855      | 0.9713      |
| 1287.png                 | 0.7372      | 0.5838      | 0.9712      | 0.5941      |
| 1289.png                 | 0.0314      | 0.0160      | 0.0160      | 0.9506      |
| 1291.png                 | 0.6529      | 0.4846      | 0.5132      | 0.8971      |
| 1293.png                 | 0.1631      | 0.0888      | 0.0891      | 0.9668      |
| 1294.png                 | 0.8777      | 0.7820      | 0.8912      | 0.8645      |
| 1296.png                 | 0.0563      | 0.0290      | 0.0290      | 0.9254      |
| 1297.png                 | 0.7853      | 0.6465      | 0.7785      | 0.7922      |
| 1298.png                 | 0.0413      | 0.0211      | 0.0213      | 0.6480      |
| 1299.png                 | 0.8264      | 0.7041      | 0.9067      | 0.7592      |
| 13.png                   | 0.9679      | 0.9379      | 0.9836      | 0.9527      |
| 1300.png                 | 0.0172      | 0.0087      | 0.0087      | 1.0000      |
| 1302.png                 | 0.5845      | 0.4130      | 0.4165      | 0.9800      |
| 1303.png                 | 0.4670      | 0.3046      | 0.3076      | 0.9689      |
| 1304.png                 | 0.0651      | 0.0337      | 0.0337      | 0.9530      |
| 1305.png                 | 0.0618      | 0.0319      | 0.0319      | 0.9327      |
| 1307.png                 | 0.8964      | 0.8122      | 0.8462      | 0.9529      |
| 1308.png                 | 0.0412      | 0.0210      | 0.0210      | 1.0000      |
| 1309.png                 | 0.0285      | 0.0144      | 0.0144      | 1.0000      |
| 1310.png                 | 0.0694      | 0.0360      | 0.0360      | 0.9449      |
| 1311.png                 | 0.0788      | 0.0410      | 0.0411      | 0.9538      |
| 1312.png                 | 0.7475      | 0.5968      | 0.6167      | 0.9488      |
| 1313.png                 | 0.9285      | 0.8665      | 0.9356      | 0.9214      |
| 1314.png                 | 0.0414      | 0.0211      | 0.0211      | 1.0000      |
| 1315.png                 | 0.9498      | 0.9045      | 0.9820      | 0.9197      |
| 1317.png                 | 0.1507      | 0.0815      | 0.0818      | 0.9545      |
| 1318.png                 | 0.0660      | 0.0341      | 0.0341      | 0.9759      |
| 1319.png                 | 0.4714      | 0.3083      | 0.3116      | 0.9675      |
| 132.png                  | 0.8878      | 0.7982      | 0.9680      | 0.8199      |
| 1320.png                 | 0.7976      | 0.6634      | 0.6994      | 0.9280      |
| 1321.png                 | 0.7845      | 0.6454      | 1.0000      | 0.6454      |
| 1322.png                 | 0.8148      | 0.6874      | 0.9883      | 0.6930      |
| 1323.png                 | 0.7896      | 0.6523      | 0.6913      | 0.9203      |
| 1324.png                 | 0.8756      | 0.7788      | 0.9957      | 0.7814      |
| 1325.png                 | 0.8605      | 0.7552      | 0.9115      | 0.8149      |
| 1326.png                 | 0.8396      | 0.7236      | 0.8311      | 0.8483      |
| 1327.png                 | 0.9201      | 0.8521      | 0.9106      | 0.9299      |
| 1328.png                 | 0.9277      | 0.8652      | 0.9716      | 0.8876      |
| 1329.png                 | 0.8526      | 0.7430      | 0.9972      | 0.7446      |
| 133.png                  | 0.9338      | 0.8758      | 0.9988      | 0.8768      |
| 1330.png                 | 0.5305      | 0.3610      | 0.3763      | 0.8986      |
| 1333.png                 | 0.7323      | 0.5776      | 0.6387      | 0.8579      |
| 1334.png                 | 0.7660      | 0.6208      | 0.9880      | 0.6255      |
| 1335.png                 | 0.8765      | 0.7802      | 0.9988      | 0.7809      |
| 1337.png                 | 0.9203      | 0.8524      | 0.9671      | 0.8779      |
| 134.png                  | 0.9472      | 0.8997      | 0.9721      | 0.9236      |
| 1345.png                 | 0.0412      | 0.0210      | 0.0210      | 1.0000      |
| 1348.png                 | 0.5714      | 0.4000      | 0.4047      | 0.9718      |
| 1349.png                 | 0.8709      | 0.7713      | 0.9675      | 0.7919      |
| 1350.png                 | 0.8684      | 0.7675      | 0.9248      | 0.8185      |
| 1353.png                 | 0.3065      | 0.1810      | 0.1810      | 0.9996      |
| 1354.png                 | 0.7076      | 0.5475      | 0.5493      | 0.9941      |
| 1355.png                 | 0.8767      | 0.7804      | 0.7928      | 0.9804      |
| 1356.png                 | 0.9581      | 0.9196      | 0.9442      | 0.9725      |
| 1357.png                 | 0.9640      | 0.9304      | 0.9522      | 0.9760      |
| 1358.png                 | 0.1226      | 0.0653      | 0.0653      | 1.0000      |
| 1359.png                 | 0.0809      | 0.0421      | 0.0421      | 1.0000      |
| 1370.png                 | 0.0579      | 0.0298      | 0.0298      | 0.9966      |
| 1371.png                 | 0.5922      | 0.4207      | 0.4288      | 0.9569      |
| 1372.png                 | 0.9097      | 0.8343      | 0.8410      | 0.9906      |
| 1373.png                 | 0.9143      | 0.8421      | 0.8858      | 0.9446      |
| 1374.png                 | 0.3019      | 0.1778      | 0.1801      | 0.9326      |
| 1375.png                 | 0.6777      | 0.5125      | 0.5326      | 0.9314      |
| 1376.png                 | 0.7746      | 0.6321      | 0.6754      | 0.9079      |
| 1377.png                 | 0.8147      | 0.6874      | 0.8235      | 0.8061      |
| 1378.png                 | 0.0478      | 0.0245      | 0.0246      | 0.8648      |
| 1379.png                 | 0.8091      | 0.6794      | 0.7368      | 0.8972      |
| 1380.png                 | 0.3226      | 0.1923      | 0.1955      | 0.9216      |
| 1381.png                 | 0.7635      | 0.6175      | 0.6481      | 0.9288      |
| 1382.png                 | 0.7591      | 0.6118      | 0.9076      | 0.6524      |
| 1389.png                 | 0.0439      | 0.0225      | 0.0225      | 0.9886      |
| 139.png                  | 0.9521      | 0.9087      | 0.9757      | 0.9297      |
| 1390.png                 | 0.0763      | 0.0397      | 0.0397      | 0.9983      |
| 1397.png                 | 0.1455      | 0.0785      | 0.0785      | 0.9940      |
| 14.png                   | 0.9672      | 0.9365      | 0.9762      | 0.9584      |
| 140.png                  | 0.9373      | 0.8820      | 0.9720      | 0.9050      |
| 1405.png                 | 0.0368      | 0.0188      | 0.0188      | 0.9672      |
| 1406.png                 | 0.7235      | 0.5668      | 0.5807      | 0.9594      |
| 1407.png                 | 0.7857      | 0.6471      | 0.7058      | 0.8861      |
| 1409.png                 | 0.0361      | 0.0184      | 0.0184      | 0.9986      |
| 1410.png                 | 0.8247      | 0.7017      | 0.7349      | 0.9396      |
| 1411.png                 | 0.8312      | 0.7112      | 0.7496      | 0.9327      |
| 1412.png                 | 0.8123      | 0.6840      | 0.9964      | 0.6856      |
| 1414.png                 | 0.7411      | 0.5887      | 0.6113      | 0.9408      |
| 1415.png                 | 0.8378      | 0.7208      | 0.7900      | 0.8916      |
| 1416.png                 | 0.8881      | 0.7988      | 0.8360      | 0.9473      |
| 1417.png                 | 0.8801      | 0.7859      | 0.8894      | 0.8711      |
| 1418.png                 | 0.9301      | 0.8693      | 0.9683      | 0.8948      |
| 1419.png                 | 0.9068      | 0.8296      | 0.9210      | 0.8931      |
| 142.png                  | 0.8811      | 0.7875      | 0.9984      | 0.7885      |
| 1420.png                 | 0.8684      | 0.7674      | 0.9181      | 0.8237      |
| 1422.png                 | 0.0300      | 0.0152      | 0.0152      | 0.9619      |
| 1424.png                 | 0.7420      | 0.5899      | 0.6129      | 0.9403      |
| 1426.png                 | 0.8316      | 0.7118      | 0.7253      | 0.9746      |
| 1427.png                 | 0.9212      | 0.8540      | 0.9800      | 0.8691      |
| 1428.png                 | 0.9432      | 0.8924      | 0.9859      | 0.9039      |
| 1429.png                 | 0.0268      | 0.0136      | 0.0136      | 1.0000      |
| 143.png                  | 0.9132      | 0.8402      | 0.9987      | 0.8412      |
| 1432.png                 | 0.8416      | 0.7265      | 0.7767      | 0.9183      |
| 1433.png                 | 0.9054      | 0.8272      | 0.9124      | 0.8985      |
| 1435.png                 | 0.3190      | 0.1898      | 0.1901      | 0.9909      |
| 1436.png                 | 0.4500      | 0.2903      | 0.2904      | 0.9985      |
| 1437.png                 | 0.0838      | 0.0437      | 0.0437      | 1.0000      |
| 1438.png                 | 0.9116      | 0.8376      | 0.8641      | 0.9647      |
| 1439.png                 | 0.9699      | 0.9415      | 0.9708      | 0.9690      |
| 1442.png                 | 0.8590      | 0.7529      | 0.7961      | 0.9328      |
| 1443.png                 | 0.8752      | 0.7781      | 0.8406      | 0.9129      |
| 1444.png                 | 0.9194      | 0.8509      | 0.9069      | 0.9323      |
| 1445.png                 | 0.9759      | 0.9530      | 0.9895      | 0.9628      |
| 1446.png                 | 0.9573      | 0.9181      | 0.9408      | 0.9744      |
| 1450.png                 | 0.0000      | 0.0000      | 0.0000      | 0.0000      |
| 1451.png                 | 0.7185      | 0.5606      | 0.5643      | 0.9886      |
| 1452.png                 | 0.0612      | 0.0316      | 0.0316      | 0.9828      |
| 1453.png                 | 0.9079      | 0.8314      | 0.9148      | 0.9011      |
| 1454.png                 | 0.9479      | 0.9009      | 0.9954      | 0.9047      |
| 1455.png                 | 0.0240      | 0.0121      | 0.0121      | 1.0000      |
| 1456.png                 | 0.0298      | 0.0151      | 0.0151      | 1.0000      |
| 1457.png                 | 0.8946      | 0.8093      | 0.8414      | 0.9549      |
| 1458.png                 | 0.2099      | 0.1172      | 0.1177      | 0.9661      |
| 1460.png                 | 0.5126      | 0.3446      | 0.3539      | 0.9291      |
| 1461.png                 | 0.3662      | 0.2242      | 0.2363      | 0.8140      |
| 1462.png                 | 0.0799      | 0.0416      | 0.0416      | 0.9970      |
| 1469.png                 | 0.8806      | 0.7867      | 0.8889      | 0.8725      |
| 147.png                  | 0.3087      | 0.1826      | 0.1826      | 0.9986      |
| 1470.png                 | 0.8857      | 0.7948      | 0.8730      | 0.8987      |
| 1472.png                 | 0.8058      | 0.6748      | 0.7468      | 0.8750      |
| 1473.png                 | 0.6596      | 0.4920      | 0.5145      | 0.9186      |
| 1474.png                 | 0.8182      | 0.6923      | 0.7016      | 0.9813      |
| 1476.png                 | 0.8240      | 0.7006      | 0.7188      | 0.9653      |
| 1477.png                 | 0.7123      | 0.5531      | 0.5716      | 0.9447      |
| 1478.png                 | 0.7854      | 0.6466      | 0.6612      | 0.9670      |
| 1479.png                 | 0.5609      | 0.3897      | 0.4004      | 0.9362      |
| 1480.png                 | 0.8505      | 0.7399      | 0.7884      | 0.9233      |
| 1481.png                 | 0.7428      | 0.5908      | 0.6336      | 0.8975      |
| 1482.png                 | 0.0399      | 0.0203      | 0.0203      | 1.0000      |
| 1484.png                 | 0.7935      | 0.6577      | 0.6713      | 0.9702      |
| 1485.png                 | 0.7908      | 0.6540      | 0.6768      | 0.9509      |
| 1486.png                 | 0.7992      | 0.6656      | 0.7545      | 0.8496      |
| 1487.png                 | 0.0087      | 0.0044      | 0.0044      | 0.6777      |
| 1488.png                 | 0.8218      | 0.6974      | 0.8327      | 0.8111      |
| 1490.png                 | 0.0461      | 0.0236      | 0.0236      | 0.9132      |
| 1491.png                 | 0.0180      | 0.0091      | 0.0091      | 1.0000      |
| 1492.png                 | 0.7913      | 0.6547      | 0.6705      | 0.9652      |
| 1496.png                 | 0.0901      | 0.0472      | 0.0472      | 1.0000      |
| 1498.png                 | 0.0000      | 0.0000      | 0.0000      | 0.0000      |
| 1499.png                 | 0.8361      | 0.7183      | 0.7755      | 0.9069      |
| 15.png                   | 0.9234      | 0.8577      | 0.9532      | 0.8955      |
| 1500.png                 | 0.9169      | 0.8466      | 0.8736      | 0.9648      |
| 1501.png                 | 0.5051      | 0.3379      | 0.3429      | 0.9587      |
| 1503.png                 | 0.1427      | 0.0769      | 0.0769      | 1.0000      |
| 1506.png                 | 0.5172      | 0.3488      | 0.3551      | 0.9515      |
| 1507.png                 | 0.3961      | 0.2470      | 0.2512      | 0.9366      |
| 1508.png                 | 0.8756      | 0.7787      | 0.8106      | 0.9520      |
| 1509.png                 | 0.9411      | 0.8888      | 0.9310      | 0.9515      |
| 1510.png                 | 0.0532      | 0.0273      | 0.0273      | 1.0000      |
| 1511.png                 | 0.7461      | 0.5950      | 0.7277      | 0.7655      |
| 1512.png                 | 0.7841      | 0.6449      | 0.6747      | 0.9358      |
| 1513.png                 | 0.8224      | 0.6984      | 0.7436      | 0.9200      |
| 1514.png                 | 0.0197      | 0.0100      | 0.0100      | 1.0000      |
| 1516.png                 | 0.0458      | 0.0235      | 0.0235      | 0.9465      |
| 1517.png                 | 0.0546      | 0.0281      | 0.0281      | 0.9947      |
| 1518.png                 | 0.0567      | 0.0292      | 0.0292      | 0.9833      |
| 1519.png                 | 0.0444      | 0.0227      | 0.0227      | 0.9983      |
| 1520.png                 | 0.8860      | 0.7953      | 0.9560      | 0.8255      |
| 1523.png                 | 0.0562      | 0.0289      | 0.0289      | 1.0000      |
| 1525.png                 | 0.0900      | 0.0471      | 0.0471      | 1.0000      |
| 1527.png                 | 0.0276      | 0.0140      | 0.0140      | 1.0000      |
| 1533.png                 | 0.8220      | 0.6977      | 0.8456      | 0.7996      |
| 1534.png                 | 0.8866      | 0.7963      | 0.8502      | 0.9263      |
| 1535.png                 | 0.9311      | 0.8711      | 0.9627      | 0.9015      |
| 1536.png                 | 0.9023      | 0.8220      | 0.8559      | 0.9541      |
| 1538.png                 | 0.1639      | 0.0893      | 0.0893      | 1.0000      |
| 1539.png                 | 0.2200      | 0.1236      | 0.1236      | 1.0000      |
| 154.png                  | 0.2136      | 0.1196      | 0.1196      | 1.0000      |
| 1540.png                 | 0.9492      | 0.9033      | 0.9169      | 0.9838      |
| 1541.png                 | 0.2219      | 0.1248      | 0.1248      | 1.0000      |
| 1542.png                 | 0.2443      | 0.1392      | 0.1393      | 0.9915      |
| 1543.png                 | 0.9582      | 0.9197      | 0.9732      | 0.9436      |
| 1545.png                 | 0.0575      | 0.0296      | 0.0296      | 1.0000      |
| 1546.png                 | 0.0989      | 0.0520      | 0.0520      | 1.0000      |
| 1547.png                 | 0.1037      | 0.0547      | 0.0547      | 1.0000      |
| 1548.png                 | 0.1137      | 0.0603      | 0.0603      | 1.0000      |
| 1549.png                 | 0.1029      | 0.0542      | 0.0542      | 1.0000      |
| 155.png                  | 0.2947      | 0.1728      | 0.1728      | 1.0000      |
| 1550.png                 | 0.0819      | 0.0427      | 0.0427      | 1.0000      |
| 1551.png                 | 0.5593      | 0.3882      | 0.3908      | 0.9833      |
| 1553.png                 | 0.8553      | 0.7471      | 0.8192      | 0.8946      |
| 1554.png                 | 0.8572      | 0.7501      | 0.7596      | 0.9835      |
| 1555.png                 | 0.7380      | 0.5847      | 0.5859      | 0.9965      |
| 1556.png                 | 0.6654      | 0.4986      | 0.5204      | 0.9226      |
| 1557.png                 | 0.0082      | 0.0041      | 0.0041      | 1.0000      |
| 1558.png                 | 0.8236      | 0.7001      | 0.7187      | 0.9645      |
| 1559.png                 | 0.8919      | 0.8050      | 0.8386      | 0.9525      |
| 1560.png                 | 0.9014      | 0.8204      | 0.8907      | 0.9123      |
| 1561.png                 | 0.9147      | 0.8428      | 0.8771      | 0.9556      |
| 1562.png                 | 0.8580      | 0.7513      | 0.8435      | 0.8730      |
| 1563.png                 | 0.7784      | 0.6372      | 0.9940      | 0.6396      |
| 1564.png                 | 0.7069      | 0.5467      | 0.7595      | 0.6612      |
| 1565.png                 | 0.7549      | 0.6063      | 0.7352      | 0.7757      |
| 1566.png                 | 0.6331      | 0.4632      | 0.4988      | 0.8664      |
| 1567.png                 | 0.8018      | 0.6692      | 0.7988      | 0.8049      |
| 1568.png                 | 0.8540      | 0.7453      | 0.8389      | 0.8698      |
| 157.png                  | 0.3214      | 0.1915      | 0.1915      | 1.0000      |
| 1571.png                 | 0.8516      | 0.7416      | 0.8281      | 0.8765      |
| 1572.png                 | 0.0111      | 0.0056      | 0.0056      | 1.0000      |
| 1577.png                 | 0.0000      | 0.0000      | 0.0000      | 0.0000      |
| 1578.png                 | 0.1382      | 0.0742      | 0.0745      | 0.9513      |
| 1579.png                 | 0.9336      | 0.8755      | 0.9263      | 0.9410      |
| 158.png                  | 0.2475      | 0.1412      | 0.1412      | 1.0000      |
| 1580.png                 | 0.4314      | 0.2750      | 0.3593      | 0.5397      |
| 1590.png                 | 0.7930      | 0.6571      | 0.6932      | 0.9264      |
| 1591.png                 | 0.7623      | 0.6159      | 0.7057      | 0.8287      |
| 1592.png                 | 0.0313      | 0.0159      | 0.0159      | 1.0000      |
| 1593.png                 | 0.6137      | 0.4427      | 0.4468      | 0.9795      |
| 1594.png                 | 0.8024      | 0.6701      | 0.7944      | 0.8107      |
| 1595.png                 | 0.0124      | 0.0062      | 0.0062      | 0.9443      |
| 1596.png                 | 0.7768      | 0.6351      | 0.8438      | 0.7197      |
| 1597.png                 | 0.7789      | 0.6379      | 0.9662      | 0.6524      |
| 1598.png                 | 0.7085      | 0.5486      | 0.9285      | 0.5728      |
| 16.png                   | 0.7616      | 0.6150      | 0.6883      | 0.8523      |
| 160.png                  | 0.9226      | 0.8563      | 0.9522      | 0.8948      |
| 1600.png                 | 0.9039      | 0.8247      | 0.9232      | 0.8854      |
| 1601.png                 | 0.8927      | 0.8062      | 0.8349      | 0.9591      |
| 1602.png                 | 0.9197      | 0.8514      | 0.9280      | 0.9117      |
| 1603.png                 | 0.9314      | 0.8717      | 0.9540      | 0.9099      |
| 1604.png                 | 0.8811      | 0.7874      | 0.9819      | 0.7990      |
| 1605.png                 | 0.0375      | 0.0191      | 0.0192      | 0.9278      |
| 1606.png                 | 0.8023      | 0.6699      | 0.7422      | 0.8730      |
| 1608.png                 | 0.8736      | 0.7756      | 0.9298      | 0.8239      |
| 1609.png                 | 0.8281      | 0.7067      | 0.7320      | 0.9534      |
| 161.png                  | 0.9406      | 0.8878      | 0.9649      | 0.9174      |
| 1610.png                 | 0.0381      | 0.0194      | 0.0194      | 1.0000      |
| 1611.png                 | 0.3215      | 0.1915      | 0.1933      | 0.9556      |
| 1612.png                 | 0.8687      | 0.7679      | 0.7905      | 0.9641      |
| 1613.png                 | 0.0463      | 0.0237      | 0.0237      | 1.0000      |
| 1614.png                 | 0.0622      | 0.0321      | 0.0321      | 1.0000      |
| 1617.png                 | 0.0000      | 0.0000      | 0.0000      | 0.0000      |
| 1618.png                 | 0.1061      | 0.0560      | 0.0562      | 0.9593      |
| 1619.png                 | 0.0838      | 0.0437      | 0.0437      | 0.9992      |
| 162.png                  | 0.9454      | 0.8964      | 0.9789      | 0.9141      |
| 1620.png                 | 0.1935      | 0.1071      | 0.1090      | 0.8599      |
| 1622.png                 | 0.0717      | 0.0372      | 0.0372      | 1.0000      |
| 1625.png                 | 0.2068      | 0.1153      | 0.1153      | 0.9992      |
| 1626.png                 | 0.1716      | 0.0938      | 0.0940      | 0.9782      |
| 1628.png                 | 0.0237      | 0.0120      | 0.0120      | 1.0000      |
| 1629.png                 | 0.9142      | 0.8419      | 0.8921      | 0.9374      |
| 1630.png                 | 0.9110      | 0.8366      | 0.8648      | 0.9624      |
| 1631.png                 | 0.9452      | 0.8961      | 0.9375      | 0.9530      |
| 1632.png                 | 0.8477      | 0.7357      | 0.9359      | 0.7747      |
| 1635.png                 | 0.9358      | 0.8793      | 0.9336      | 0.9380      |
| 1636.png                 | 0.9328      | 0.8741      | 0.9039      | 0.9637      |
| 1637.png                 | 0.9400      | 0.8867      | 0.9372      | 0.9428      |
| 1638.png                 | 0.8997      | 0.8177      | 0.8625      | 0.9403      |
| 1639.png                 | 0.8869      | 0.7967      | 0.8470      | 0.9306      |
| 164.png                  | 0.9336      | 0.8755      | 0.9089      | 0.9597      |
| 165.png                  | 0.8211      | 0.6966      | 0.7329      | 0.9336      |
| 1656.png                 | 0.3873      | 0.2402      | 0.2492      | 0.8684      |
| 1657.png                 | 0.3526      | 0.2141      | 0.2206      | 0.8787      |
| 166.png                  | 0.7528      | 0.6036      | 0.6262      | 0.9436      |
| 1665.png                 | 0.7450      | 0.5936      | 0.9181      | 0.6268      |
| 1666.png                 | 0.1346      | 0.0721      | 0.0727      | 0.9037      |
| 1667.png                 | 0.2392      | 0.1358      | 0.1369      | 0.9458      |
| 1668.png                 | 0.6022      | 0.4308      | 0.5368      | 0.6858      |
| 1669.png                 | 0.4800      | 0.3158      | 0.4051      | 0.5887      |
| 167.png                  | 0.9457      | 0.8969      | 0.9890      | 0.9059      |
| 1670.png                 | 0.5529      | 0.3821      | 0.4238      | 0.7953      |
| 1671.png                 | 0.8298      | 0.7091      | 0.8737      | 0.7901      |
| 1672.png                 | 0.7457      | 0.5945      | 0.8852      | 0.6442      |
| 1677.png                 | 0.7797      | 0.6389      | 0.9667      | 0.6533      |
| 1679.png                 | 0.0662      | 0.0343      | 0.0343      | 0.9934      |
| 168.png                  | 0.8905      | 0.8025      | 0.9685      | 0.8240      |
| 1681.png                 | 0.0918      | 0.0481      | 0.0482      | 0.9732      |
| 1685.png                 | 0.0660      | 0.0341      | 0.0341      | 0.9993      |
| 1689.png                 | 0.0685      | 0.0355      | 0.0356      | 0.9197      |
| 1691.png                 | 0.2107      | 0.1177      | 0.1197      | 0.8761      |
| 1692.png                 | 0.3241      | 0.1934      | 0.1955      | 0.9464      |
| 1693.png                 | 0.4521      | 0.2921      | 0.2942      | 0.9762      |
| 1694.png                 | 0.5682      | 0.3968      | 0.4013      | 0.9729      |
| 1697.png                 | 0.0324      | 0.0164      | 0.0164      | 1.0000      |
| 1699.png                 | 0.8953      | 0.8105      | 0.8351      | 0.9649      |
| 17.png                   | 0.7685      | 0.6241      | 0.9689      | 0.6368      |
| 1700.png                 | 0.7941      | 0.6586      | 0.6760      | 0.9623      |
| 1701.png                 | 0.8855      | 0.7946      | 0.8224      | 0.9591      |
| 1702.png                 | 0.8600      | 0.7544      | 0.7874      | 0.9474      |
| 1705.png                 | 0.8354      | 0.7174      | 0.7669      | 0.9174      |
| 1706.png                 | 0.8126      | 0.6843      | 0.7195      | 0.9333      |
| 1707.png                 | 0.7742      | 0.6316      | 0.6516      | 0.9536      |
| 1708.png                 | 0.0303      | 0.0154      | 0.0154      | 0.9816      |
| 1713.png                 | 0.3415      | 0.2059      | 0.2539      | 0.5216      |
| 1715.png                 | 0.9161      | 0.8451      | 0.8739      | 0.9625      |
| 172.png                  | 0.2345      | 0.1328      | 0.1328      | 1.0000      |
| 1722.png                 | 0.8655      | 0.7629      | 0.7936      | 0.9518      |
| 1723.png                 | 0.8631      | 0.7591      | 0.8242      | 0.9058      |
| 1724.png                 | 0.0227      | 0.0115      | 0.0115      | 0.9769      |
| 1726.png                 | 0.8501      | 0.7392      | 0.7583      | 0.9671      |
| 1727.png                 | 0.9628      | 0.9282      | 0.9368      | 0.9902      |
| 1728.png                 | 0.6906      | 0.5274      | 0.5284      | 0.9965      |
| 1729.png                 | 0.6685      | 0.5021      | 0.5046      | 0.9902      |
| 173.png                  | 0.2009      | 0.1117      | 0.1117      | 1.0000      |
| 1730.png                 | 0.8521      | 0.7423      | 0.7471      | 0.9913      |
| 1731.png                 | 0.2025      | 0.1127      | 0.1128      | 0.9938      |
| 1732.png                 | 0.1057      | 0.0558      | 0.0558      | 0.9998      |
| 1733.png                 | 0.0570      | 0.0293      | 0.0293      | 1.0000      |
| 1741.png                 | 0.7394      | 0.5866      | 0.6828      | 0.8063      |
| 1743.png                 | 0.0283      | 0.0144      | 0.0144      | 0.9921      |
| 1745.png                 | 0.4342      | 0.2773      | 0.2800      | 0.9664      |
| 1746.png                 | 0.3860      | 0.2391      | 0.2405      | 0.9770      |
| 1747.png                 | 0.3535      | 0.2147      | 0.2215      | 0.8742      |
| 1748.png                 | 0.7687      | 0.6243      | 0.6540      | 0.9322      |
| 1749.png                 | 0.8197      | 0.6945      | 0.7394      | 0.9196      |
| 175.png                  | 0.0492      | 0.0252      | 0.0252      | 1.0000      |
| 1750.png                 | 0.9191      | 0.8503      | 0.9021      | 0.9367      |
| 1751.png                 | 0.9394      | 0.8857      | 0.9805      | 0.9016      |
| 1752.png                 | 0.8869      | 0.7968      | 0.9082      | 0.8667      |
| 1753.png                 | 0.8593      | 0.7534      | 0.8606      | 0.8580      |
| 1759.png                 | 0.0222      | 0.0112      | 0.0112      | 0.9246      |
| 176.png                  | 0.9253      | 0.8609      | 0.9910      | 0.8677      |
| 1760.png                 | 0.1624      | 0.0884      | 0.0896      | 0.8669      |
| 1761.png                 | 0.0215      | 0.0109      | 0.0109      | 0.9603      |
| 1762.png                 | 0.0282      | 0.0143      | 0.0143      | 0.9956      |
| 1764.png                 | 0.0127      | 0.0064      | 0.0064      | 0.9958      |
| 1766.png                 | 0.0663      | 0.0343      | 0.0344      | 0.9533      |
| 1767.png                 | 0.0625      | 0.0322      | 0.0322      | 0.9969      |
| 177.png                  | 0.9270      | 0.8640      | 0.9720      | 0.8860      |
| 1771.png                 | 0.0473      | 0.0242      | 0.0243      | 0.9791      |
| 178.png                  | 0.9310      | 0.8709      | 0.9949      | 0.8747      |
| 1781.png                 | 0.0155      | 0.0078      | 0.0078      | 0.9478      |
| 1782.png                 | 0.0222      | 0.0112      | 0.0113      | 0.4895      |
| 1786.png                 | 0.8304      | 0.7099      | 0.8360      | 0.8248      |
| 1787.png                 | 0.0122      | 0.0062      | 0.0062      | 1.0000      |
| 1788.png                 | 0.9219      | 0.8552      | 0.9473      | 0.8979      |
| 1789.png                 | 0.0084      | 0.0042      | 0.0042      | 0.7573      |
| 1790.png                 | 0.8641      | 0.7607      | 0.9978      | 0.7620      |
| 1791.png                 | 0.0151      | 0.0076      | 0.0076      | 0.9820      |
| 1793.png                 | 0.0164      | 0.0083      | 0.0083      | 1.0000      |
| 1795.png                 | 0.0334      | 0.0170      | 0.0172      | 0.6190      |
| 1796.png                 | 0.9053      | 0.8270      | 0.8721      | 0.9412      |
| 1797.png                 | 0.9197      | 0.8514      | 0.8666      | 0.9798      |
| 1798.png                 | 0.8922      | 0.8055      | 0.8324      | 0.9613      |
| 1799.png                 | 0.8218      | 0.6975      | 0.8454      | 0.7995      |
| 18.png                   | 0.8653      | 0.7625      | 1.0000      | 0.7625      |
| 180.png                  | 0.9463      | 0.8981      | 0.9997      | 0.8983      |
| 1800.png                 | 0.8228      | 0.6989      | 0.9580      | 0.7210      |
| 1801.png                 | 0.4507      | 0.2909      | 0.3228      | 0.7467      |
| 1802.png                 | 0.0224      | 0.0113      | 0.0113      | 0.9912      |
| 1805.png                 | 0.6777      | 0.5126      | 0.5717      | 0.8320      |
| 1808.png                 | 0.0363      | 0.0185      | 0.0185      | 1.0000      |
| 181.png                  | 0.9501      | 0.9049      | 0.9693      | 0.9316      |
| 182.png                  | 0.9402      | 0.8872      | 0.9903      | 0.8950      |
| 1820.png                 | 0.2933      | 0.1719      | 0.1736      | 0.9444      |
| 1822.png                 | 0.2100      | 0.1173      | 0.1176      | 0.9782      |
| 1825.png                 | 0.1245      | 0.0664      | 0.0664      | 1.0000      |
| 1826.png                 | 0.8449      | 0.7315      | 0.7512      | 0.9653      |
| 1827.png                 | 0.1421      | 0.0765      | 0.0770      | 0.9229      |
| 1828.png                 | 0.1157      | 0.0614      | 0.0614      | 0.9891      |
| 1829.png                 | 0.0879      | 0.0460      | 0.0460      | 0.9982      |
| 183.png                  | 0.1064      | 0.0562      | 0.0562      | 1.0000      |
| 1830.png                 | 0.4309      | 0.2747      | 0.2786      | 0.9514      |
| 1831.png                 | 0.7822      | 0.6423      | 0.6639      | 0.9517      |
| 1832.png                 | 0.8076      | 0.6773      | 0.7118      | 0.9332      |
| 1833.png                 | 0.8199      | 0.6948      | 0.7506      | 0.9033      |
| 1834.png                 | 0.7516      | 0.6020      | 0.6345      | 0.9217      |
| 1835.png                 | 0.0488      | 0.0250      | 0.0250      | 0.9630      |
| 1836.png                 | 0.9331      | 0.8745      | 0.8855      | 0.9860      |
| 1837.png                 | 0.9468      | 0.8989      | 0.9412      | 0.9524      |
| 1838.png                 | 0.0757      | 0.0393      | 0.0393      | 0.9869      |
| 1839.png                 | 0.9451      | 0.8958      | 0.9088      | 0.9843      |
| 184.png                  | 0.4257      | 0.2704      | 0.2810      | 0.8779      |
| 1840.png                 | 0.8004      | 0.6672      | 0.7179      | 0.9043      |
| 185.png                  | 0.7348      | 0.5808      | 0.6063      | 0.9324      |
| 1896.png                 | 0.6466      | 0.4778      | 0.9620      | 0.4870      |
| 1897.png                 | 0.0644      | 0.0333      | 0.0333      | 1.0000      |
| 19.png                   | 0.7907      | 0.6538      | 0.8715      | 0.7236      |
| 192.png                  | 0.0999      | 0.0526      | 0.0526      | 1.0000      |
| 193.png                  | 0.1780      | 0.0977      | 0.0977      | 1.0000      |
| 194.png                  | 0.2802      | 0.1629      | 0.1629      | 1.0000      |
| 195.png                  | 0.3361      | 0.2020      | 0.2023      | 0.9923      |
| 1950.png                 | 0.0322      | 0.0164      | 0.0164      | 1.0000      |
| 1956.png                 | 0.0820      | 0.0427      | 0.0427      | 1.0000      |
| 1957.png                 | 0.8202      | 0.6952      | 0.8066      | 0.8343      |
| 1958.png                 | 0.0983      | 0.0517      | 0.0517      | 1.0000      |
| 196.png                  | 0.2861      | 0.1669      | 0.1669      | 1.0000      |
| 1967.png                 | 0.8745      | 0.7770      | 0.9955      | 0.7797      |
| 2.png                    | 0.2271      | 0.1281      | 0.1285      | 0.9733      |
| 20.png                   | 0.9056      | 0.8274      | 0.9497      | 0.8654      |
| 201.png                  | 0.0793      | 0.0413      | 0.0413      | 1.0000      |
| 202.png                  | 0.0889      | 0.0465      | 0.0465      | 1.0000      |
| 21.png                   | 0.9448      | 0.8954      | 0.9228      | 0.9679      |
| 2102.png                 | 0.0258      | 0.0131      | 0.0131      | 1.0000      |
| 211.png                  | 0.6567      | 0.4888      | 0.5699      | 0.7747      |
| 212.png                  | 0.2622      | 0.1509      | 0.1521      | 0.9505      |
| 213.png                  | 0.9241      | 0.8589      | 0.9318      | 0.9166      |
| 214.png                  | 0.8759      | 0.7792      | 0.9021      | 0.8512      |
| 215.png                  | 0.1909      | 0.1055      | 0.1055      | 1.0000      |
| 216.png                  | 0.5879      | 0.4164      | 0.9572      | 0.4243      |
| 217.png                  | 0.5023      | 0.3353      | 0.9636      | 0.3396      |
| 218.png                  | 0.7545      | 0.6057      | 0.6891      | 0.8335      |
| 2188.png                 | 0.1359      | 0.0729      | 0.0737      | 0.8682      |
| 219.png                  | 0.7016      | 0.5404      | 0.5817      | 0.8837      |
| 2190.png                 | 0.7562      | 0.6080      | 0.7045      | 0.8161      |
| 2192.png                 | 0.2339      | 0.1325      | 0.1325      | 1.0000      |
| 2199.png                 | 0.1955      | 0.1083      | 0.1083      | 1.0000      |
| 22.png                   | 0.1747      | 0.0957      | 0.0957      | 1.0000      |
| 220.png                  | 0.5567      | 0.3857      | 0.4141      | 0.8489      |
| 2200.png                 | 0.1722      | 0.0942      | 0.0942      | 1.0000      |
| 221.png                  | 0.8516      | 0.7416      | 0.9907      | 0.7468      |
| 222.png                  | 0.9406      | 0.8878      | 0.9941      | 0.8925      |
| 223.png                  | 0.9702      | 0.9421      | 0.9957      | 0.9460      |
| 224.png                  | 0.9541      | 0.9122      | 0.9961      | 0.9155      |
| 2244.png                 | 0.0297      | 0.0151      | 0.0151      | 1.0000      |
| 225.png                  | 0.9382      | 0.8836      | 0.9951      | 0.8875      |
| 2257.png                 | 0.1156      | 0.0613      | 0.0613      | 1.0000      |
| 2259.png                 | 0.6235      | 0.4530      | 0.9576      | 0.4623      |
| 226.png                  | 0.9159      | 0.8449      | 0.9918      | 0.8508      |
| 227.png                  | 0.6993      | 0.5376      | 0.6392      | 0.7717      |
| 228.png                  | 0.8270      | 0.7051      | 0.9460      | 0.7346      |
| 229.png                  | 0.8062      | 0.6753      | 0.9939      | 0.6781      |
| 23.png                   | 0.1463      | 0.0789      | 0.0789      | 1.0000      |
| 230.png                  | 0.8059      | 0.6748      | 0.9903      | 0.6793      |
| 2307.png                 | 0.0475      | 0.0243      | 0.0243      | 1.0000      |
| 2308.png                 | 0.0861      | 0.0450      | 0.0450      | 1.0000      |
| 2312.png                 | 0.8138      | 0.6861      | 1.0000      | 0.6861      |
| 2313.png                 | 0.7319      | 0.5771      | 1.0000      | 0.5771      |
| 2314.png                 | 0.8834      | 0.7911      | 1.0000      | 0.7911      |
| 2315.png                 | 0.8294      | 0.7086      | 1.0000      | 0.7086      |
| 2316.png                 | 0.7087      | 0.5488      | 1.0000      | 0.5488      |
| 2318.png                 | 0.0000      | 0.0000      | 0.0000      | 0.0000      |
| 233.png                  | 0.9490      | 0.9029      | 0.9419      | 0.9561      |
| 234.png                  | 0.9619      | 0.9266      | 0.9778      | 0.9465      |
| 235.png                  | 0.9617      | 0.9261      | 0.9695      | 0.9539      |
| 236.png                  | 0.8020      | 0.6694      | 0.9445      | 0.6968      |
| 237.png                  | 0.8606      | 0.7554      | 0.9875      | 0.7626      |
| 2371.png                 | 0.3639      | 0.2224      | 0.2224      | 1.0000      |
| 2379.png                 | 0.4424      | 0.2841      | 0.2841      | 0.9992      |
| 238.png                  | 0.8323      | 0.7127      | 0.9825      | 0.7219      |
| 2381.png                 | 0.2380      | 0.1351      | 0.1471      | 0.6229      |
| 239.png                  | 0.8676      | 0.7662      | 0.9243      | 0.8176      |
| 24.png                   | 0.5306      | 0.3611      | 0.6714      | 0.4386      |
| 2411.png                 | 0.5735      | 0.4021      | 1.0000      | 0.4021      |
| 2412.png                 | 0.6315      | 0.4615      | 1.0000      | 0.4615      |
| 242.png                  | 0.4023      | 0.2518      | 0.2540      | 0.9658      |
| 2427.png                 | 0.7124      | 0.5533      | 1.0000      | 0.5533      |
| 2428.png                 | 0.6665      | 0.4998      | 1.0000      | 0.4998      |
| 243.png                  | 0.9543      | 0.9126      | 0.9612      | 0.9475      |
| 2431.png                 | 0.4513      | 0.2914      | 0.9949      | 0.2918      |
| 2432.png                 | 0.8793      | 0.7847      | 0.9901      | 0.7909      |
| 2438.png                 | 0.2313      | 0.1308      | 0.1310      | 0.9878      |
| 244.png                  | 0.9289      | 0.8673      | 0.9921      | 0.8734      |
| 2446.png                 | 0.0079      | 0.0040      | 1.0000      | 0.0040      |
| 2447.png                 | 0.1986      | 0.1102      | 0.1105      | 0.9803      |
| 2448.png                 | 0.2141      | 0.1199      | 0.1199      | 0.9995      |
| 2449.png                 | 0.1938      | 0.1073      | 0.1073      | 1.0000      |
| 245.png                  | 0.8284      | 0.7070      | 0.9550      | 0.7314      |
| 2456.png                 | 0.3470      | 0.2099      | 0.2100      | 0.9990      |
| 2457.png                 | 0.3300      | 0.1976      | 0.1976      | 1.0000      |
| 246.png                  | 0.7721      | 0.6288      | 0.7031      | 0.8560      |
| 247.png                  | 0.9026      | 0.8224      | 0.9454      | 0.8634      |
| 2477.png                 | 0.6038      | 0.4324      | 1.0000      | 0.4324      |
| 2482.png                 | 0.5855      | 0.4140      | 0.9884      | 0.4160      |
| 2483.png                 | 0.7102      | 0.5507      | 0.9996      | 0.5508      |
| 25.png                   | 0.1895      | 0.1047      | 0.1087      | 0.7382      |
| 250.png                  | 0.9174      | 0.8473      | 0.9386      | 0.8971      |
| 251.png                  | 0.5337      | 0.3640      | 0.3769      | 0.9141      |
| 253.png                  | 0.7832      | 0.6436      | 0.9680      | 0.6576      |
| 254.png                  | 0.8183      | 0.6925      | 1.0000      | 0.6925      |
| 2542.png                 | 0.8623      | 0.7580      | 0.9065      | 0.8223      |
| 2544.png                 | 0.9282      | 0.8660      | 0.9912      | 0.8727      |
| 2545.png                 | 0.8805      | 0.7865      | 0.9112      | 0.8517      |
| 255.png                  | 0.8009      | 0.6679      | 0.9994      | 0.6682      |
| 256.png                  | 0.9318      | 0.8723      | 0.9661      | 0.8999      |
| 2562.png                 | 0.2158      | 0.1209      | 0.1209      | 1.0000      |
| 2564.png                 | 0.3706      | 0.2275      | 0.2275      | 1.0000      |
| 2565.png                 | 0.3296      | 0.1973      | 0.1973      | 1.0000      |
| 257.png                  | 0.9186      | 0.8495      | 0.9562      | 0.8839      |
| 258.png                  | 0.9316      | 0.8719      | 0.9847      | 0.8839      |
| 259.png                  | 0.8501      | 0.7393      | 1.0000      | 0.7393      |
| 260.png                  | 0.7732      | 0.6303      | 1.0000      | 0.6303      |
| 2606.png                 | 0.2734      | 0.1583      | 0.1592      | 0.9674      |
| 261.png                  | 0.8504      | 0.7398      | 0.9770      | 0.7529      |
| 262.png                  | 0.8284      | 0.7071      | 0.9387      | 0.7413      |
| 263.png                  | 0.8303      | 0.7098      | 0.9932      | 0.7133      |
| 264.png                  | 0.8734      | 0.7752      | 0.9975      | 0.7767      |
| 265.png                  | 0.8009      | 0.6679      | 1.0000      | 0.6679      |
| 2654.png                 | 0.1700      | 0.0929      | 0.0929      | 1.0000      |
| 266.png                  | 0.9432      | 0.8924      | 0.9349      | 0.9516      |
| 267.png                  | 0.7975      | 0.6632      | 0.9963      | 0.6648      |
| 2703.png                 | 0.0567      | 0.0292      | 0.0293      | 0.9190      |
| 2718.png                 | 0.1434      | 0.0773      | 0.0773      | 1.0000      |
| 2724.png                 | 0.6095      | 0.4384      | 1.0000      | 0.4384      |
| 2725.png                 | 0.8362      | 0.7186      | 0.9611      | 0.7401      |
| 2726.png                 | 0.8729      | 0.7745      | 0.9998      | 0.7746      |
| 2728.png                 | 0.9338      | 0.8758      | 0.9883      | 0.8849      |
| 2729.png                 | 0.7805      | 0.6400      | 0.7097      | 0.8668      |
| 2764.png                 | 0.3205      | 0.1908      | 0.1908      | 1.0000      |
| 2770.png                 | 0.6509      | 0.4824      | 0.9619      | 0.4918      |
| 2771.png                 | 0.2172      | 0.1218      | 0.1218      | 1.0000      |
| 2789.png                 | 0.5383      | 0.3682      | 0.9898      | 0.3696      |
| 2790.png                 | 0.3612      | 0.2204      | 0.2206      | 0.9962      |
| 2791.png                 | 0.2837      | 0.1653      | 0.1669      | 0.9443      |
| 2792.png                 | 0.1328      | 0.0711      | 0.0711      | 1.0000      |
| 2793.png                 | 0.1317      | 0.0705      | 0.0705      | 1.0000      |
| 2795.png                 | 0.3393      | 0.2043      | 0.2043      | 1.0000      |
| 2796.png                 | 0.3513      | 0.2131      | 0.2135      | 0.9912      |
| 28.png                   | 0.8904      | 0.8024      | 0.9726      | 0.8210      |
| 281.png                  | 0.7760      | 0.6340      | 1.0000      | 0.6340      |
| 2812.png                 | 0.4192      | 0.2652      | 1.0000      | 0.2652      |
| 2826.png                 | 0.6130      | 0.4420      | 1.0000      | 0.4420      |
| 2829.png                 | 0.8286      | 0.7074      | 1.0000      | 0.7074      |
| 2831.png                 | 0.1061      | 0.0560      | 0.0560      | 1.0000      |
| 2833.png                 | 0.0857      | 0.0447      | 0.0447      | 1.0000      |
| 2843.png                 | 0.6134      | 0.4424      | 0.8932      | 0.4671      |
| 2844.png                 | 0.9031      | 0.8234      | 0.9565      | 0.8554      |
| 2845.png                 | 0.0686      | 0.0355      | 0.0355      | 1.0000      |
| 2870.png                 | 0.2540      | 0.1455      | 0.1455      | 0.9992      |
| 2871.png                 | 0.2230      | 0.1255      | 0.1255      | 1.0000      |
| 2883.png                 | 0.0284      | 0.0144      | 0.0144      | 1.0000      |
| 2884.png                 | 0.0489      | 0.0251      | 0.0251      | 1.0000      |
| 2895.png                 | 0.0261      | 0.0132      | 0.0132      | 1.0000      |
| 2896.png                 | 0.0663      | 0.0343      | 0.0343      | 1.0000      |
| 2897.png                 | 0.1044      | 0.0550      | 0.0551      | 0.9970      |
| 2898.png                 | 0.8880      | 0.7986      | 0.9727      | 0.8169      |
| 29.png                   | 0.9482      | 0.9014      | 0.9789      | 0.9193      |
| 2900.png                 | 0.9180      | 0.8484      | 0.8743      | 0.9663      |
| 2901.png                 | 0.1517      | 0.0821      | 0.0821      | 1.0000      |
| 2902.png                 | 0.9547      | 0.9133      | 0.9741      | 0.9361      |
| 2903.png                 | 0.8591      | 0.7531      | 0.9618      | 0.7763      |
| 2904.png                 | 0.8926      | 0.8061      | 0.9728      | 0.8247      |
| 2905.png                 | 0.8998      | 0.8179      | 0.9396      | 0.8633      |
| 2939.png                 | 0.3347      | 0.2010      | 0.2010      | 1.0000      |
| 2940.png                 | 0.3276      | 0.1959      | 0.1959      | 1.0000      |
| 295.png                  | 0.9691      | 0.9401      | 0.9770      | 0.9614      |
| 2989.png                 | 0.3990      | 0.2492      | 0.2530      | 0.9436      |
| 3.png                    | 0.9500      | 0.9048      | 0.9700      | 0.9309      |
| 30.png                   | 0.9465      | 0.8984      | 0.9758      | 0.9189      |
| 301.png                  | 0.2687      | 0.1552      | 0.1556      | 0.9858      |
| 3022.png                 | 0.0374      | 0.0190      | 0.0190      | 1.0000      |
| 3023.png                 | 0.0902      | 0.0472      | 0.0472      | 1.0000      |
| 3024.png                 | 0.9273      | 0.8645      | 0.9785      | 0.8812      |
| 3026.png                 | 0.9534      | 0.9109      | 0.9213      | 0.9879      |
| 3027.png                 | 0.0748      | 0.0389      | 0.0389      | 1.0000      |
| 303.png                  | 0.2732      | 0.1582      | 0.1582      | 1.0000      |
| 3047.png                 | 0.6536      | 0.4854      | 0.9456      | 0.4994      |
| 3048.png                 | 0.0134      | 0.0067      | 0.0067      | 1.0000      |
| 31.png                   | 0.9307      | 0.8703      | 0.9972      | 0.8725      |
| 311.png                  | 0.9597      | 0.9224      | 0.9755      | 0.9443      |
| 312.png                  | 0.9610      | 0.9249      | 0.9649      | 0.9571      |
| 316.png                  | 0.8800      | 0.7858      | 0.9825      | 0.7969      |
| 317.png                  | 0.9190      | 0.8502      | 0.9757      | 0.8686      |
| 318.png                  | 0.9097      | 0.8344      | 0.9070      | 0.9124      |
| 319.png                  | 0.0631      | 0.0326      | 0.0326      | 1.0000      |
| 32.png                   | 0.1898      | 0.1049      | 0.1058      | 0.9210      |
| 320.png                  | 0.8566      | 0.7492      | 0.8181      | 0.8990      |
| 321.png                  | 0.8649      | 0.7620      | 0.8782      | 0.8521      |
| 322.png                  | 0.2159      | 0.1210      | 0.1220      | 0.9373      |
| 325.png                  | 0.7432      | 0.5913      | 0.6394      | 0.8873      |
| 33.png                   | 0.8340      | 0.7153      | 0.8148      | 0.8542      |
| 332.png                  | 0.7845      | 0.6454      | 0.9150      | 0.6865      |
| 333.png                  | 0.3893      | 0.2417      | 0.2465      | 0.9252      |
| 339.png                  | 0.8949      | 0.8097      | 0.9077      | 0.8824      |
| 342.png                  | 0.9473      | 0.8999      | 0.9404      | 0.9544      |
| 345.png                  | 0.7741      | 0.6314      | 0.9929      | 0.6343      |
| 346.png                  | 0.9040      | 0.8248      | 0.9771      | 0.8410      |
| 347.png                  | 0.8961      | 0.8118      | 0.9123      | 0.8805      |
| 35.png                   | 0.0133      | 0.0067      | 0.0067      | 1.0000      |
| 357.png                  | 0.8368      | 0.7193      | 0.7703      | 0.9158      |
| 359.png                  | 0.9481      | 0.9013      | 0.9745      | 0.9231      |
| 36.png                   | 0.8868      | 0.7966      | 0.9994      | 0.7970      |
| 37.png                   | 0.9030      | 0.8231      | 0.9995      | 0.8234      |
| 38.png                   | 0.8991      | 0.8166      | 0.9996      | 0.8169      |
| 384.png                  | 0.2219      | 0.1248      | 0.1248      | 1.0000      |
| 385.png                  | 0.2434      | 0.1385      | 0.1385      | 0.9998      |
| 386.png                  | 0.2419      | 0.1376      | 0.1376      | 0.9993      |
| 387.png                  | 0.2576      | 0.1478      | 0.1480      | 0.9928      |
| 388.png                  | 0.1998      | 0.1110      | 0.1110      | 1.0000      |
| 389.png                  | 0.1614      | 0.0878      | 0.0878      | 1.0000      |
| 39.png                   | 0.9360      | 0.8797      | 0.9914      | 0.8865      |
| 390.png                  | 0.8405      | 0.7248      | 0.7608      | 0.9388      |
| 391.png                  | 0.9573      | 0.9181      | 0.9746      | 0.9406      |
| 392.png                  | 0.8994      | 0.8172      | 0.9255      | 0.8747      |
| 395.png                  | 0.8717      | 0.7726      | 0.8490      | 0.8956      |
| 396.png                  | 0.6614      | 0.4941      | 0.5074      | 0.9497      |
| 397.png                  | 0.7815      | 0.6414      | 0.6610      | 0.9557      |
| 398.png                  | 0.9552      | 0.9143      | 0.9516      | 0.9589      |
| 4.png                    | 0.9515      | 0.9074      | 0.9714      | 0.9323      |
| 40.png                   | 0.9502      | 0.9051      | 0.9761      | 0.9256      |
| 41.png                   | 0.9092      | 0.8335      | 0.9723      | 0.8538      |
| 415.png                  | 0.8176      | 0.6915      | 0.7965      | 0.8399      |
| 416.png                  | 0.4735      | 0.3102      | 0.3303      | 0.8357      |
| 417.png                  | 0.3631      | 0.2218      | 0.2392      | 0.7536      |
| 418.png                  | 0.9581      | 0.9195      | 0.9961      | 0.9229      |
| 419.png                  | 0.9668      | 0.9358      | 0.9880      | 0.9466      |
| 42.png                   | 0.8132      | 0.6851      | 0.9739      | 0.6980      |
| 420.png                  | 0.9271      | 0.8641      | 0.9964      | 0.8668      |
| 421.png                  | 0.7547      | 0.6060      | 0.9985      | 0.6065      |
| 422.png                  | 0.6429      | 0.4738      | 1.0000      | 0.4738      |
| 43.png                   | 0.8706      | 0.7709      | 0.9444      | 0.8075      |
| 44.png                   | 0.0668      | 0.0345      | 0.0345      | 1.0000      |
| 442.png                  | 0.3267      | 0.1952      | 0.1967      | 0.9620      |
| 443.png                  | 0.8080      | 0.6778      | 0.9906      | 0.6822      |
| 444.png                  | 0.5757      | 0.4042      | 0.4199      | 0.9150      |
| 445.png                  | 0.4214      | 0.2669      | 0.2747      | 0.9046      |
| 446.png                  | 0.1737      | 0.0951      | 0.0951      | 0.9989      |
| 447.png                  | 0.8429      | 0.7284      | 0.8123      | 0.8759      |
| 448.png                  | 0.8452      | 0.7319      | 0.9556      | 0.7577      |
| 449.png                  | 0.6215      | 0.4508      | 0.4854      | 0.8636      |
| 455.png                  | 0.7897      | 0.6524      | 0.9967      | 0.6538      |
| 456.png                  | 0.9523      | 0.9089      | 0.9892      | 0.9180      |
| 457.png                  | 0.9716      | 0.9448      | 0.9960      | 0.9484      |
| 458.png                  | 0.9162      | 0.8454      | 0.9985      | 0.8465      |
| 461.png                  | 0.7635      | 0.6175      | 0.7550      | 0.7722      |
| 462.png                  | 0.7986      | 0.6647      | 0.7657      | 0.8344      |
| 463.png                  | 0.7047      | 0.5440      | 0.6589      | 0.7572      |
| 464.png                  | 0.7378      | 0.5845      | 0.7021      | 0.7773      |
| 470.png                  | 0.8932      | 0.8070      | 0.9547      | 0.8391      |
| 472.png                  | 0.0861      | 0.0450      | 0.0451      | 0.9519      |
| 473.png                  | 0.0659      | 0.0341      | 0.0341      | 0.9846      |
| 474.png                  | 0.6646      | 0.4977      | 0.5296      | 0.8921      |
| 475.png                  | 0.5348      | 0.3650      | 0.3893      | 0.8537      |
| 476.png                  | 0.8800      | 0.7858      | 0.8878      | 0.8724      |
| 480.png                  | 0.9130      | 0.8398      | 0.9953      | 0.8432      |
| 481.png                  | 0.8417      | 0.7266      | 0.7551      | 0.9507      |
| 482.png                  | 0.6593      | 0.4917      | 0.5055      | 0.9474      |
| 483.png                  | 0.5033      | 0.3362      | 0.3442      | 0.9354      |
| 485.png                  | 0.5390      | 0.3689      | 0.3803      | 0.9251      |
| 486.png                  | 0.2848      | 0.1660      | 0.1678      | 0.9407      |
| 487.png                  | 0.9304      | 0.8698      | 0.9601      | 0.9024      |
| 490.png                  | 0.7342      | 0.5801      | 0.9968      | 0.5812      |
| 496.png                  | 0.9208      | 0.8533      | 0.9436      | 0.8991      |
| 497.png                  | 0.6843      | 0.5201      | 0.5385      | 0.9384      |
| 498.png                  | 0.9450      | 0.8957      | 0.9430      | 0.9470      |
| 499.png                  | 0.8863      | 0.7958      | 0.8693      | 0.9039      |
| 5.png                    | 0.6208      | 0.4501      | 0.9996      | 0.4502      |
| 500.png                  | 0.9038      | 0.8246      | 0.9742      | 0.8430      |
| 501.png                  | 0.9234      | 0.8577      | 0.9826      | 0.8710      |
| 502.png                  | 0.8258      | 0.7033      | 0.9997      | 0.7035      |
| 503.png                  | 0.8716      | 0.7724      | 0.9797      | 0.7849      |
| 504.png                  | 0.8077      | 0.6775      | 0.7350      | 0.8964      |
| 508.png                  | 0.1832      | 0.1009      | 0.1009      | 0.9959      |
| 51.png                   | 0.1492      | 0.0806      | 0.0807      | 0.9897      |
| 510.png                  | 0.9391      | 0.8852      | 0.9747      | 0.9059      |
| 511.png                  | 0.9544      | 0.9128      | 0.9876      | 0.9233      |
| 512.png                  | 0.9705      | 0.9426      | 0.9876      | 0.9539      |
| 513.png                  | 0.1443      | 0.0777      | 0.0777      | 1.0000      |
| 515.png                  | 0.6687      | 0.5022      | 0.5041      | 0.9928      |
| 517.png                  | 0.8668      | 0.7650      | 0.9945      | 0.7682      |
| 532.png                  | 0.8274      | 0.7056      | 0.7885      | 0.8703      |
| 537.png                  | 0.9722      | 0.9460      | 0.9703      | 0.9741      |
| 538.png                  | 0.3057      | 0.1804      | 0.1814      | 0.9723      |
| 541.png                  | 0.9608      | 0.9246      | 0.9442      | 0.9780      |
| 551.png                  | 0.9090      | 0.8332      | 0.9835      | 0.8450      |
| 552.png                  | 0.8833      | 0.7910      | 0.8503      | 0.9190      |
| 553.png                  | 0.8092      | 0.6795      | 0.9945      | 0.6821      |
| 554.png                  | 0.8825      | 0.7896      | 0.9131      | 0.8538      |
| 555.png                  | 0.0508      | 0.0260      | 0.0260      | 1.0000      |
| 556.png                  | 0.1473      | 0.0795      | 0.0795      | 1.0000      |
| 557.png                  | 0.1107      | 0.0586      | 0.0586      | 0.9928      |
| 563.png                  | 0.1281      | 0.0684      | 0.0685      | 0.9895      |
| 566.png                  | 0.9287      | 0.8669      | 0.9989      | 0.8677      |
| 567.png                  | 0.8762      | 0.7796      | 0.9854      | 0.7888      |
| 569.png                  | 0.2089      | 0.1166      | 0.1173      | 0.9525      |
| 575.png                  | 0.9183      | 0.8490      | 0.9672      | 0.8741      |
| 576.png                  | 0.8786      | 0.7835      | 0.8552      | 0.9034      |
| 582.png                  | 0.9707      | 0.9430      | 0.9850      | 0.9568      |
| 584.png                  | 0.0595      | 0.0307      | 0.0307      | 1.0000      |
| 585.png                  | 0.0184      | 0.0093      | 0.0093      | 1.0000      |
| 59.png                   | 0.8493      | 0.7381      | 0.7432      | 0.9907      |
| 597.png                  | 0.7290      | 0.5736      | 1.0000      | 0.5736      |
| 598.png                  | 0.8538      | 0.7449      | 0.9203      | 0.7962      |
| 6.png                    | 0.8477      | 0.7357      | 0.8660      | 0.8302      |
| 60.png                   | 0.9531      | 0.9103      | 0.9589      | 0.9472      |
| 61.png                   | 0.9609      | 0.9248      | 0.9783      | 0.9442      |
| 619.png                  | 0.9018      | 0.8212      | 0.9711      | 0.8418      |
| 62.png                   | 0.9217      | 0.8548      | 0.9738      | 0.8749      |
| 621.png                  | 0.1324      | 0.0709      | 0.0710      | 0.9873      |
| 622.png                  | 0.1303      | 0.0697      | 0.0697      | 1.0000      |
| 628.png                  | 0.3517      | 0.2134      | 0.2134      | 1.0000      |
| 63.png                   | 0.9735      | 0.9484      | 0.9869      | 0.9604      |
| 631.png                  | 0.0455      | 0.0233      | 0.0233      | 1.0000      |
| 632.png                  | 0.9748      | 0.9508      | 0.9783      | 0.9713      |
| 635.png                  | 0.9149      | 0.8432      | 0.8984      | 0.9320      |
| 636.png                  | 0.9573      | 0.9181      | 0.9341      | 0.9817      |
| 637.png                  | 0.9619      | 0.9265      | 0.9814      | 0.9431      |
| 638.png                  | 0.1819      | 0.1000      | 0.1000      | 1.0000      |
| 64.png                   | 0.9623      | 0.9273      | 0.9744      | 0.9505      |
| 642.png                  | 0.8808      | 0.7870      | 0.9995      | 0.7874      |
| 643.png                  | 0.8255      | 0.7028      | 0.7994      | 0.8533      |
| 644.png                  | 0.6178      | 0.4469      | 0.4647      | 0.9211      |
| 645.png                  | 0.5548      | 0.3839      | 0.3918      | 0.9502      |
| 646.png                  | 0.7781      | 0.6367      | 0.7296      | 0.8334      |
| 647.png                  | 0.8043      | 0.6727      | 0.7388      | 0.8825      |
| 649.png                  | 0.2235      | 0.1258      | 0.1269      | 0.9372      |
| 65.png                   | 0.9468      | 0.8991      | 0.9745      | 0.9207      |
| 650.png                  | 0.2313      | 0.1308      | 0.1308      | 1.0000      |
| 651.png                  | 0.2213      | 0.1244      | 0.1248      | 0.9771      |
| 652.png                  | 0.2154      | 0.1207      | 0.1207      | 1.0000      |
| 66.png                   | 0.9184      | 0.8491      | 0.9662      | 0.8751      |
| 673.png                  | 0.8490      | 0.7377      | 0.9627      | 0.7594      |
| 674.png                  | 0.7140      | 0.5552      | 0.5833      | 0.9202      |
| 7.png                    | 0.0736      | 0.0382      | 0.0384      | 0.8873      |
| 713.png                  | 0.8121      | 0.6836      | 0.6956      | 0.9755      |
| 714.png                  | 0.9397      | 0.8863      | 0.8943      | 0.9900      |
| 736.png                  | 0.1711      | 0.0936      | 0.0936      | 1.0000      |
| 743.png                  | 0.3955      | 0.2465      | 0.2466      | 0.9993      |
| 744.png                  | 0.3384      | 0.2037      | 0.2037      | 1.0000      |
| 753.png                  | 0.8888      | 0.7999      | 0.9267      | 0.8539      |
| 754.png                  | 0.5075      | 0.3401      | 0.9785      | 0.3426      |
| 755.png                  | 0.6704      | 0.5042      | 0.9856      | 0.5080      |
| 756.png                  | 0.9117      | 0.8378      | 0.9943      | 0.8418      |
| 765.png                  | 0.1054      | 0.0556      | 0.0556      | 1.0000      |
| 772.png                  | 0.0695      | 0.0360      | 0.0360      | 1.0000      |
| 786.png                  | 0.3834      | 0.2371      | 0.2373      | 0.9977      |
| 787.png                  | 0.3893      | 0.2417      | 0.2417      | 1.0000      |
| 788.png                  | 0.3677      | 0.2252      | 0.2252      | 1.0000      |
| 789.png                  | 0.3953      | 0.2464      | 0.2479      | 0.9753      |
| 79.png                   | 0.0988      | 0.0520      | 0.0520      | 1.0000      |
| 796.png                  | 0.3614      | 0.2205      | 0.2205      | 1.0000      |
| 8.png                    | 0.7759      | 0.6338      | 0.7134      | 0.8503      |
| 802.png                  | 0.2363      | 0.1340      | 0.1340      | 1.0000      |
| 816.png                  | 0.2615      | 0.1504      | 0.1504      | 1.0000      |
| 819.png                  | 0.0717      | 0.0372      | 0.0372      | 1.0000      |
| 82.png                   | 0.9315      | 0.8717      | 0.9913      | 0.8785      |
| 820.png                  | 0.8540      | 0.7452      | 0.8364      | 0.8723      |
| 822.png                  | 0.0421      | 0.0215      | 0.0215      | 1.0000      |
| 823.png                  | 0.4447      | 0.2859      | 1.0000      | 0.2859      |
| 826.png                  | 0.9397      | 0.8863      | 0.9766      | 0.9055      |
| 827.png                  | 0.8955      | 0.8108      | 0.9846      | 0.8212      |
| 829.png                  | 0.2014      | 0.1120      | 0.1120      | 1.0000      |
| 83.png                   | 0.6660      | 0.4992      | 0.5261      | 0.9072      |
| 830.png                  | 0.7661      | 0.6209      | 0.9225      | 0.6550      |
| 831.png                  | 0.9017      | 0.8210      | 0.9933      | 0.8256      |
| 832.png                  | 0.8383      | 0.7216      | 1.0000      | 0.7216      |
| 833.png                  | 0.7981      | 0.6640      | 0.9960      | 0.6658      |
| 843.png                  | 0.0000      | 0.0000      | 0.0000      | 0.0000      |
| 846.png                  | 0.7975      | 0.6631      | 1.0000      | 0.6631      |
| 847.png                  | 0.0898      | 0.0470      | 0.0470      | 1.0000      |
| 848.png                  | 0.1012      | 0.0533      | 0.0533      | 1.0000      |
| 851.png                  | 0.0608      | 0.0314      | 0.0314      | 1.0000      |
| 852.png                  | 0.8985      | 0.8158      | 0.9897      | 0.8227      |
| 853.png                  | 0.6614      | 0.4941      | 0.9154      | 0.5178      |
| 854.png                  | 0.5323      | 0.3627      | 0.8945      | 0.3789      |
| 860.png                  | 0.3572      | 0.2174      | 0.2174      | 1.0000      |
| 861.png                  | 0.3940      | 0.2453      | 0.2453      | 1.0000      |
| 862.png                  | 0.4395      | 0.2816      | 0.2816      | 1.0000      |
| 868.png                  | 0.3339      | 0.2004      | 0.2004      | 1.0000      |
| 870.png                  | 0.0461      | 0.0236      | 0.0236      | 1.0000      |
| 872.png                  | 0.0313      | 0.0159      | 0.0159      | 1.0000      |
| 904.png                  | 0.1053      | 0.0556      | 0.0556      | 1.0000      |
| 909.png                  | 0.3837      | 0.2374      | 0.2380      | 0.9900      |
| 918.png                  | 0.7938      | 0.6581      | 0.8071      | 0.7810      |
| 92.png                   | 0.7684      | 0.6239      | 0.9695      | 0.6364      |
| 920.png                  | 0.5610      | 0.3899      | 0.3927      | 0.9819      |
| 922.png                  | 0.9614      | 0.9257      | 0.9586      | 0.9642      |
| 923.png                  | 0.9670      | 0.9362      | 0.9768      | 0.9575      |
| 924.png                  | 0.9507      | 0.9060      | 0.9777      | 0.9252      |
| 925.png                  | 0.9307      | 0.8705      | 0.9492      | 0.9130      |
| 926.png                  | 0.0303      | 0.0154      | 0.0154      | 0.9658      |
| 927.png                  | 0.8290      | 0.7080      | 0.7266      | 0.9650      |
| 928.png                  | 0.8043      | 0.6727      | 0.6962      | 0.9522      |
| 929.png                  | 0.9121      | 0.8385      | 0.9019      | 0.9226      |
| 930.png                  | 0.9104      | 0.8356      | 0.8837      | 0.9389      |
| 931.png                  | 0.9111      | 0.8366      | 0.8739      | 0.9515      |
| 932.png                  | 0.0226      | 0.0115      | 0.0115      | 1.0000      |
| 933.png                  | 0.4639      | 0.3020      | 0.3058      | 0.9599      |
| 934.png                  | 0.1095      | 0.0579      | 0.0579      | 0.9868      |
| 935.png                  | 0.9554      | 0.9146      | 0.9650      | 0.9461      |
| 936.png                  | 0.9699      | 0.9416      | 0.9812      | 0.9589      |
| 937.png                  | 0.9689      | 0.9398      | 0.9833      | 0.9550      |
| 938.png                  | 0.9073      | 0.8303      | 0.9975      | 0.8321      |
| 94.png                   | 0.0875      | 0.0457      | 0.0457      | 1.0000      |
| 947.png                  | 0.0497      | 0.0255      | 0.0255      | 0.9708      |
| 948.png                  | 0.0566      | 0.0291      | 0.0292      | 0.9013      |
| 949.png                  | 0.0339      | 0.0172      | 0.0173      | 0.9554      |
| 95.png                   | 0.0358      | 0.0182      | 0.0182      | 1.0000      |
| 950.png                  | 0.5627      | 0.3915      | 0.5319      | 0.5973      |
| 951.png                  | 0.6796      | 0.5147      | 0.7824      | 0.6006      |
| 965.png                  | 0.8899      | 0.8017      | 0.8580      | 0.9243      |
| 966.png                  | 0.7429      | 0.5910      | 0.6003      | 0.9745      |
| 967.png                  | 0.8363      | 0.7187      | 0.7531      | 0.9403      |
| 968.png                  | 0.4308      | 0.2745      | 0.2869      | 0.8642      |
| 969.png                  | 0.4788      | 0.3147      | 0.3192      | 0.9572      |
| 97.png                   | 0.0591      | 0.0304      | 0.0304      | 1.0000      |
| 970.png                  | 0.6296      | 0.4594      | 0.4685      | 0.9596      |
| 971.png                  | 0.8581      | 0.7515      | 0.8107      | 0.9113      |
| 972.png                  | 0.0245      | 0.0124      | 0.0124      | 0.9727      |
| 973.png                  | 0.7316      | 0.5768      | 0.9985      | 0.5773      |
| 975.png                  | 0.8619      | 0.7573      | 0.9328      | 0.8010      |
| 977.png                  | 0.5608      | 0.3896      | 0.4518      | 0.7390      |
| 978.png                  | 0.0483      | 0.0248      | 0.0248      | 0.9310      |
| 982.png                  | 0.4710      | 0.3081      | 0.3123      | 0.9575      |
| 990.png                  | 0.2403      | 0.1366      | 0.1377      | 0.9446      |
| 991.png                  | 0.8856      | 0.7947      | 0.8294      | 0.9500      |
| 992.png                  | 0.9487      | 0.9024      | 0.9728      | 0.9257      |
| 993.png                  | 0.9083      | 0.8320      | 0.9893      | 0.8395      |
| 994.png                  | 0.9047      | 0.8259      | 0.9100      | 0.8994      |
| 995.png                  | 0.9479      | 0.9010      | 0.9485      | 0.9473      |
| 996.png                  | 0.9220      | 0.8553      | 0.9701      | 0.8785      |
| 997.png                  | 0.8471      | 0.7347      | 0.9567      | 0.7600      |
| 998.png                  | 0.1324      | 0.0709      | 0.0716      | 0.8837      |
| 999.png                  | 0.3042      | 0.1794      | 0.1832      | 0.8956      |
------------------------------------------------------------------------------------
| MEAN                     | 0.5722      | 0.4795      | 0.5628      | 0.8717      |
====================================================================================
