
==================== BANG DANH GIA MASK ====================
------------------------------------------------------------------------------------
| File                     | Dice        | IoU         | Precision   | Recall      | 
------------------------------------------------------------------------------------
| 1.png                    | 0.0200      | 0.0101      | 0.0113      | 0.0902      | 
| 10.png                   | 0.3876      | 0.2404      | 0.6973      | 0.2684      | 
| 100.png                  | 0.0151      | 0.0076      | 0.0080      | 0.1506      | 
| 1000.png                 | 0.0000      | 0.0000      | 0.0000      | 0.0000      | 
| 1001.png                 | 0.0000      | 0.0000      | 0.0000      | 0.0000      | 
| 1002.png                 | 0.0061      | 0.0030      | 0.0033      | 0.0380      | 
| 1003.png                 | 0.0045      | 0.0023      | 0.0024      | 0.0519      | 
| 1004.png                 | 0.0023      | 0.0012      | 0.0012      | 0.0453      | 
| 1005.png                 | 0.0025      | 0.0013      | 0.0013      | 0.0729      | 
| 1006.png                 | 0.0030      | 0.0015      | 0.0015      | 0.0504      | 
| 1007.png                 | 0.0001      | 0.0001      | 0.0001      | 0.0029      | 
| 1008.png                 | 0.0050      | 0.0025      | 0.0026      | 0.0765      | 
| 1009.png                 | 0.0049      | 0.0025      | 0.0025      | 0.1199      | 
| 101.png                  | 0.0148      | 0.0074      | 0.0078      | 0.1225      | 
| 1010.png                 | 0.0065      | 0.0032      | 0.0033      | 0.2028      | 
| 1011.png                 | 0.0035      | 0.0017      | 0.0018      | 0.0942      | 
| 1012.png                 | 0.0091      | 0.0046      | 0.0046      | 0.2838      | 
| 1013.png                 | 0.0005      | 0.0002      | 0.0002      | 0.0138      | 
| 1017.png                 | 0.0000      | 0.0000      | 0.0000      | 0.0000      | 
| 1018.png                 | 0.0073      | 0.0036      | 0.0038      | 0.1138      | 
| 1019.png                 | 0.0021      | 0.0011      | 0.0011      | 0.0305      | 
| 102.png                  | 0.0021      | 0.0010      | 0.0011      | 0.0118      | 
| 1020.png                 | 0.0043      | 0.0021      | 0.0022      | 0.0608      | 
| 1021.png                 | 0.0033      | 0.0016      | 0.0018      | 0.0241      | 
| 1022.png                 | 0.0003      | 0.0002      | 0.0002      | 0.0039      | 
| 1023.png                 | 0.0067      | 0.0034      | 0.0035      | 0.0814      | 
| 1024.png                 | 0.0127      | 0.0064      | 0.0065      | 0.2833      | 
| 1025.png                 | 0.0000      | 0.0000      | 0.0000      | 0.0000      | 
| 1026.png                 | 0.0000      | 0.0000      | 0.0000      | 0.0000      | 
| 1027.png                 | 0.0000      | 0.0000      | 0.0000      | 0.0000      | 
| 103.png                  | 0.0102      | 0.0052      | 0.0053      | 0.1333      | 
| 1032.png                 | 0.0000      | 0.0000      | 0.0000      | 0.0000      | 
| 1033.png                 | 0.0004      | 0.0002      | 0.0002      | 0.0039      | 
| 1035.png                 | 0.8531      | 0.7438      | 0.9783      | 0.7563      | 
| 1036.png                 | 0.8010      | 0.6681      | 0.9640      | 0.6852      | 
| 1037.png                 | 0.8323      | 0.7127      | 0.9546      | 0.7377      | 
| 1038.png                 | 0.8452      | 0.7320      | 0.9562      | 0.7574      | 
| 1039.png                 | 0.8993      | 0.8170      | 0.9681      | 0.8396      | 
| 1040.png                 | 0.8430      | 0.7286      | 0.9702      | 0.7452      | 
| 1041.png                 | 0.7798      | 0.6391      | 1.0000      | 0.6391      | 
| 1042.png                 | 0.6760      | 0.5105      | 0.9438      | 0.5265      | 
| 1043.png                 | 0.8178      | 0.6918      | 0.8567      | 0.7823      | 
| 1045.png                 | 0.7962      | 0.6615      | 0.9883      | 0.6667      | 
| 1046.png                 | 0.4813      | 0.3169      | 0.4517      | 0.5151      | 
| 1047.png                 | 0.7544      | 0.6057      | 0.9992      | 0.6060      | 
| 1048.png                 | 0.9158      | 0.8447      | 0.9943      | 0.8489      | 
| 1049.png                 | 0.9046      | 0.8258      | 0.9654      | 0.8510      | 
| 105.png                  | 0.0315      | 0.0160      | 0.0171      | 0.2104      | 
| 1050.png                 | 0.8580      | 0.7514      | 0.9697      | 0.7694      | 
| 1051.png                 | 0.8625      | 0.7582      | 0.9948      | 0.7612      | 
| 1052.png                 | 0.8426      | 0.7280      | 0.9943      | 0.7311      | 
| 1053.png                 | 0.0103      | 0.0052      | 0.0053      | 0.1546      | 
| 1054.png                 | 0.5919      | 0.4203      | 0.7588      | 0.4851      | 
| 1055.png                 | 0.5420      | 0.3717      | 0.7707      | 0.4180      | 
| 1056.png                 | 0.4151      | 0.2619      | 0.9573      | 0.2650      | 
| 1057.png                 | 0.6070      | 0.4357      | 0.5906      | 0.6243      | 
| 1058.png                 | 0.0310      | 0.0157      | 0.0239      | 0.0438      | 
| 1061.png                 | 0.6973      | 0.5353      | 0.6738      | 0.7226      | 
| 1062.png                 | 0.6143      | 0.4433      | 0.8186      | 0.4917      | 
| 1063.png                 | 0.5796      | 0.4081      | 0.9491      | 0.4172      | 
| 1066.png                 | 0.5981      | 0.4266      | 1.0000      | 0.4266      | 
| 1070.png                 | 0.0019      | 0.0010      | 0.0010      | 0.0947      | 
| 1071.png                 | 0.0386      | 0.0197      | 0.0335      | 0.0455      | 
| 1072.png                 | 0.0000      | 0.0000      | 0.0000      | 0.0000      | 
| 1075.png                 | 0.0288      | 0.0146      | 0.0158      | 0.1655      | 
| 1076.png                 | 0.0074      | 0.0037      | 0.0041      | 0.0381      | 
| 1087.png                 | 0.0402      | 0.0205      | 0.0433      | 0.0375      | 
| 1089.png                 | 0.1411      | 0.0759      | 0.9721      | 0.0761      | 
| 109.png                  | 0.0467      | 0.0239      | 0.0263      | 0.2072      | 
| 1090.png                 | 0.6428      | 0.4736      | 0.9743      | 0.4796      | 
| 1091.png                 | 0.6350      | 0.4652      | 0.9931      | 0.4667      | 
| 1092.png                 | 0.7906      | 0.6536      | 0.9755      | 0.6645      | 
| 1094.png                 | 0.2859      | 0.1668      | 0.6985      | 0.1797      | 
| 1095.png                 | 0.0045      | 0.0022      | 0.0057      | 0.0037      | 
| 1096.png                 | 0.0803      | 0.0418      | 0.4104      | 0.0445      | 
| 1097.png                 | 0.6454      | 0.4765      | 0.9672      | 0.4843      | 
| 1098.png                 | 0.5324      | 0.3628      | 0.7004      | 0.4294      | 
| 1099.png                 | 0.1596      | 0.0867      | 0.0945      | 0.5118      | 
| 11.png                   | 0.9188      | 0.8497      | 0.9996      | 0.8500      | 
| 1100.png                 | 0.5852      | 0.4137      | 1.0000      | 0.4137      | 
| 1101.png                 | 0.3482      | 0.2108      | 1.0000      | 0.2108      | 
| 1102.png                 | 0.3820      | 0.2361      | 1.0000      | 0.2361      | 
| 1103.png                 | 0.1452      | 0.0783      | 1.0000      | 0.0783      | 
| 1104.png                 | 0.2464      | 0.1405      | 0.2394      | 0.2537      | 
| 1105.png                 | 0.0571      | 0.0294      | 0.0319      | 0.2692      | 
| 1106.png                 | 0.0004      | 0.0002      | 0.0002      | 0.0020      | 
| 1107.png                 | 0.0173      | 0.0087      | 0.0096      | 0.0883      | 
| 1108.png                 | 0.5007      | 0.3339      | 0.8490      | 0.3550      | 
| 1110.png                 | 0.0518      | 0.0266      | 0.0469      | 0.0578      | 
| 1111.png                 | 0.0065      | 0.0033      | 0.0033      | 0.1750      | 
| 1114.png                 | 0.0000      | 0.0000      | 0.0000      | 0.0000      | 
| 1118.png                 | 0.0000      | 0.0000      | 0.0000      | 0.0000      | 
| 112.png                  | 0.0142      | 0.0072      | 0.0076      | 0.1103      | 
| 1122.png                 | 0.8936      | 0.8077      | 0.9820      | 0.8198      | 
| 1123.png                 | 0.8068      | 0.6761      | 0.8313      | 0.7837      | 
| 1125.png                 | 0.7291      | 0.5737      | 0.6413      | 0.8448      | 
| 1126.png                 | 0.8879      | 0.7984      | 0.8802      | 0.8958      | 
| 1127.png                 | 0.7939      | 0.6582      | 0.7367      | 0.8606      | 
| 1129.png                 | 0.6139      | 0.4429      | 1.0000      | 0.4429      | 
| 113.png                  | 0.0136      | 0.0069      | 0.0071      | 0.1531      | 
| 1130.png                 | 0.8294      | 0.7085      | 0.9864      | 0.7155      | 
| 1131.png                 | 0.8538      | 0.7449      | 0.9894      | 0.7509      | 
| 1132.png                 | 0.9037      | 0.8243      | 0.9598      | 0.8538      | 
| 1133.png                 | 0.7848      | 0.6458      | 0.9920      | 0.6492      | 
| 1134.png                 | 0.6673      | 0.5007      | 0.9717      | 0.5081      | 
| 1135.png                 | 0.8464      | 0.7336      | 0.9093      | 0.7916      | 
| 1136.png                 | 0.8777      | 0.7820      | 0.9166      | 0.8419      | 
| 1137.png                 | 0.8294      | 0.7085      | 0.9733      | 0.7225      | 
| 1138.png                 | 0.5229      | 0.3540      | 0.8783      | 0.3723      | 
| 114.png                  | 0.0054      | 0.0027      | 0.0030      | 0.0330      | 
| 1140.png                 | 0.5551      | 0.3842      | 0.8750      | 0.4065      | 
| 1141.png                 | 0.6272      | 0.4569      | 0.8165      | 0.5092      | 
| 1142.png                 | 0.7296      | 0.5743      | 0.8455      | 0.6417      | 
| 1143.png                 | 0.5632      | 0.3920      | 0.9883      | 0.3938      | 
| 1144.png                 | 0.0003      | 0.0001      | 0.0001      | 0.0057      | 
| 1145.png                 | 0.0009      | 0.0004      | 0.0005      | 0.0157      | 
| 1146.png                 | 0.0053      | 0.0027      | 0.0028      | 0.0406      | 
| 1147.png                 | 0.0024      | 0.0012      | 0.0012      | 0.0465      | 
| 1148.png                 | 0.0004      | 0.0002      | 0.0002      | 0.0090      | 
| 1149.png                 | 0.0113      | 0.0057      | 0.0058      | 0.3296      | 
| 115.png                  | 0.0119      | 0.0060      | 0.0063      | 0.1199      | 
| 1151.png                 | 0.0545      | 0.0280      | 0.0430      | 0.0744      | 
| 1152.png                 | 0.6394      | 0.4699      | 0.9108      | 0.4926      | 
| 1154.png                 | 0.8426      | 0.7280      | 0.9275      | 0.7720      | 
| 1155.png                 | 0.2388      | 0.1356      | 0.1381      | 0.8820      | 
| 1156.png                 | 0.5578      | 0.3867      | 0.4947      | 0.6394      | 
| 1157.png                 | 0.0034      | 0.0017      | 0.0018      | 0.0393      | 
| 1158.png                 | 0.7390      | 0.5860      | 0.9929      | 0.5885      | 
| 1159.png                 | 0.7598      | 0.6127      | 0.9900      | 0.6165      | 
| 116.png                  | 0.0191      | 0.0097      | 0.0103      | 0.1442      | 
| 1160.png                 | 0.6907      | 0.5275      | 0.7844      | 0.6170      | 
| 1161.png                 | 0.0009      | 0.0005      | 0.0005      | 0.0134      | 
| 1162.png                 | 0.0031      | 0.0016      | 0.0017      | 0.0264      | 
| 1163.png                 | 0.0014      | 0.0007      | 0.0007      | 0.0098      | 
| 1169.png                 | 0.0264      | 0.0134      | 0.0136      | 0.4564      | 
| 117.png                  | 0.0766      | 0.0398      | 0.0452      | 0.2506      | 
| 1170.png                 | 0.0187      | 0.0094      | 0.0097      | 0.2369      | 
| 1171.png                 | 0.0062      | 0.0031      | 0.0033      | 0.0443      | 
| 1172.png                 | 0.0012      | 0.0006      | 0.0006      | 0.0104      | 
| 1173.png                 | 0.0024      | 0.0012      | 0.0013      | 0.0168      | 
| 1174.png                 | 0.0171      | 0.0086      | 0.0089      | 0.2119      | 
| 1175.png                 | 0.0066      | 0.0033      | 0.0033      | 0.1645      | 
| 1176.png                 | 0.0015      | 0.0008      | 0.0008      | 0.0763      | 
| 1177.png                 | 0.0026      | 0.0013      | 0.0013      | 0.0499      | 
| 1178.png                 | 0.0010      | 0.0005      | 0.0005      | 0.0153      | 
| 1179.png                 | 0.0157      | 0.0079      | 0.0080      | 0.3650      | 
| 118.png                  | 0.0161      | 0.0081      | 0.0086      | 0.1218      | 
| 1180.png                 | 0.0160      | 0.0081      | 0.0081      | 0.5102      | 
| 1182.png                 | 0.0089      | 0.0045      | 0.0045      | 0.2726      | 
| 1183.png                 | 0.0166      | 0.0084      | 0.0086      | 0.2375      | 
| 1184.png                 | 0.0092      | 0.0046      | 0.0048      | 0.1233      | 
| 1185.png                 | 0.0050      | 0.0025      | 0.0027      | 0.0457      | 
| 1186.png                 | 0.0034      | 0.0017      | 0.0018      | 0.0316      | 
| 1187.png                 | 0.0142      | 0.0071      | 0.0074      | 0.1548      | 
| 1188.png                 | 0.0185      | 0.0094      | 0.0096      | 0.2641      | 
| 1194.png                 | 0.0036      | 0.0018      | 0.0018      | 0.1450      | 
| 1195.png                 | 0.0003      | 0.0002      | 0.0002      | 0.0086      | 
| 1197.png                 | 0.0220      | 0.0111      | 0.0112      | 0.6594      | 
| 12.png                   | 0.9499      | 0.9045      | 0.9889      | 0.9138      | 
| 1202.png                 | 0.0021      | 0.0011      | 0.0011      | 0.0544      | 
| 1205.png                 | 0.0000      | 0.0000      | 0.0000      | 0.0000      | 
| 1219.png                 | 0.0025      | 0.0013      | 0.0013      | 0.0848      | 
| 1220.png                 | 0.0052      | 0.0026      | 0.0027      | 0.1724      | 
| 1221.png                 | 0.0079      | 0.0040      | 0.0040      | 0.1717      | 
| 1222.png                 | 0.7310      | 0.5760      | 0.9042      | 0.6134      | 
| 1223.png                 | 0.1342      | 0.0720      | 0.0813      | 0.3840      | 
| 1224.png                 | 0.0020      | 0.0010      | 0.0010      | 0.0578      | 
| 1225.png                 | 0.0057      | 0.0029      | 0.0029      | 0.3181      | 
| 1226.png                 | 0.0026      | 0.0013      | 0.0013      | 0.2235      | 
| 1227.png                 | 0.0018      | 0.0009      | 0.0009      | 0.1382      | 
| 1228.png                 | 0.0034      | 0.0017      | 0.0017      | 0.1796      | 
| 1230.png                 | 0.0091      | 0.0046      | 0.0047      | 0.1653      | 
| 1236.png                 | 0.0000      | 0.0000      | 0.0000      | 0.0019      | 
| 124.png                  | 0.0110      | 0.0055      | 0.0059      | 0.0749      | 
| 1244.png                 | 0.0016      | 0.0008      | 0.0008      | 0.0403      | 
| 1245.png                 | 0.0002      | 0.0001      | 0.0001      | 0.0022      | 
| 1246.png                 | 0.0000      | 0.0000      | 0.0000      | 0.0000      | 
| 1247.png                 | 0.0000      | 0.0000      | 0.0000      | 0.0000      | 
| 1248.png                 | 0.0004      | 0.0002      | 0.0002      | 0.0048      | 
| 1249.png                 | 0.0023      | 0.0012      | 0.0012      | 0.0366      | 
| 1250.png                 | 0.0000      | 0.0000      | 0.0000      | 0.0000      | 
| 1251.png                 | 0.0004      | 0.0002      | 0.0002      | 0.0064      | 
| 1252.png                 | 0.0000      | 0.0000      | 0.0000      | 0.0000      | 
| 1253.png                 | 0.6856      | 0.5216      | 0.5826      | 0.8329      | 
| 1254.png                 | 0.7704      | 0.6265      | 0.9620      | 0.6425      | 
| 1255.png                 | 0.0000      | 0.0000      | 0.0000      | 0.0000      | 
| 1256.png                 | 0.0018      | 0.0009      | 0.0009      | 0.1204      | 
| 1257.png                 | 0.0008      | 0.0004      | 0.0004      | 0.0445      | 
| 1258.png                 | 0.0002      | 0.0001      | 0.0001      | 0.0087      | 
| 1259.png                 | 0.0008      | 0.0004      | 0.0004      | 0.0401      | 
| 1260.png                 | 0.0028      | 0.0014      | 0.0014      | 0.1332      | 
| 1261.png                 | 0.0000      | 0.0000      | 0.0000      | 0.0000      | 
| 1262.png                 | 0.0005      | 0.0002      | 0.0003      | 0.0155      | 
| 1264.png                 | 0.0010      | 0.0005      | 0.0005      | 0.0445      | 
| 1265.png                 | 0.0010      | 0.0005      | 0.0005      | 0.0558      | 
| 1266.png                 | 0.0000      | 0.0000      | 0.0000      | 0.0000      | 
| 1273.png                 | 0.0012      | 0.0006      | 0.0006      | 0.0176      | 
| 1274.png                 | 0.0001      | 0.0001      | 0.0001      | 0.0040      | 
| 1276.png                 | 0.0081      | 0.0041      | 0.0042      | 0.1359      | 
| 1277.png                 | 0.0051      | 0.0026      | 0.0026      | 0.0743      | 
| 1278.png                 | 0.0071      | 0.0035      | 0.0037      | 0.1061      | 
| 1281.png                 | 0.0623      | 0.0321      | 0.0329      | 0.5970      | 
| 1282.png                 | 0.0474      | 0.0243      | 0.0248      | 0.5517      | 
| 1285.png                 | 0.0000      | 0.0000      | 0.0000      | 0.0000      | 
| 1286.png                 | 0.0001      | 0.0001      | 0.0001      | 0.0051      | 
| 1287.png                 | 0.0017      | 0.0009      | 0.0009      | 0.1412      | 
| 1289.png                 | 0.0000      | 0.0000      | 0.0000      | 0.0000      | 
| 1291.png                 | 0.0024      | 0.0012      | 0.0012      | 0.0704      | 
| 1293.png                 | 0.0142      | 0.0071      | 0.0072      | 0.3934      | 
| 1294.png                 | 0.0064      | 0.0032      | 0.0033      | 0.1688      | 
| 1296.png                 | 0.0244      | 0.0124      | 0.0128      | 0.2507      | 
| 1297.png                 | 0.0002      | 0.0001      | 0.0001      | 0.0024      | 
| 1298.png                 | 0.0179      | 0.0090      | 0.0092      | 0.3531      | 
| 1299.png                 | 0.0018      | 0.0009      | 0.0009      | 0.0455      | 
| 13.png                   | 0.9531      | 0.9104      | 0.9908      | 0.9181      | 
| 1300.png                 | 0.0028      | 0.0014      | 0.0014      | 0.1569      | 
| 1302.png                 | 0.0000      | 0.0000      | 0.0000      | 0.0000      | 
| 1303.png                 | 0.0013      | 0.0006      | 0.0006      | 0.0577      | 
| 1304.png                 | 0.0402      | 0.0205      | 0.0208      | 0.5924      | 
| 1305.png                 | 0.0000      | 0.0000      | 0.0000      | 0.0000      | 
| 1307.png                 | 0.0017      | 0.0008      | 0.0008      | 0.0486      | 
| 1308.png                 | 0.0094      | 0.0047      | 0.0048      | 0.2077      | 
| 1309.png                 | 0.0036      | 0.0018      | 0.0018      | 0.1286      | 
| 1310.png                 | 0.0212      | 0.0107      | 0.0111      | 0.2207      | 
| 1311.png                 | 0.0148      | 0.0075      | 0.0078      | 0.1535      | 
| 1312.png                 | 0.0094      | 0.0047      | 0.0049      | 0.1296      | 
| 1313.png                 | 0.0000      | 0.0000      | 0.0000      | 0.0000      | 
| 1314.png                 | 0.0026      | 0.0013      | 0.0013      | 0.0666      | 
| 1315.png                 | 0.0045      | 0.0023      | 0.0023      | 0.1067      | 
| 1317.png                 | 0.0021      | 0.0011      | 0.0011      | 0.0162      | 
| 1318.png                 | 0.0100      | 0.0050      | 0.0052      | 0.1178      | 
| 1319.png                 | 0.0043      | 0.0021      | 0.0022      | 0.0545      | 
| 132.png                  | 0.5948      | 0.4233      | 1.0000      | 0.4233      | 
| 1320.png                 | 0.0027      | 0.0014      | 0.0014      | 0.0658      | 
| 1321.png                 | 0.0027      | 0.0014      | 0.0014      | 0.0962      | 
| 1322.png                 | 0.0072      | 0.0036      | 0.0036      | 0.3452      | 
| 1323.png                 | 0.0013      | 0.0007      | 0.0007      | 0.1195      | 
| 1324.png                 | 0.0039      | 0.0020      | 0.0020      | 0.0908      | 
| 1325.png                 | 0.0028      | 0.0014      | 0.0014      | 0.1940      | 
| 1326.png                 | 0.0065      | 0.0033      | 0.0033      | 0.1259      | 
| 1327.png                 | 0.0014      | 0.0007      | 0.0007      | 0.0409      | 
| 1328.png                 | 0.0015      | 0.0008      | 0.0008      | 0.0393      | 
| 1329.png                 | 0.0182      | 0.0092      | 0.0135      | 0.0280      | 
| 133.png                  | 0.7935      | 0.6577      | 0.9981      | 0.6585      | 
| 1330.png                 | 0.0000      | 0.0000      | 0.0000      | 0.0000      | 
| 1333.png                 | 0.0036      | 0.0018      | 0.0018      | 0.0879      | 
| 1334.png                 | 0.0008      | 0.0004      | 0.0004      | 0.0175      | 
| 1335.png                 | 0.0041      | 0.0020      | 0.0021      | 0.0879      | 
| 1337.png                 | 0.0041      | 0.0021      | 0.0021      | 0.1107      | 
| 134.png                  | 0.8629      | 0.7589      | 0.9924      | 0.7634      | 
| 1345.png                 | 0.0230      | 0.0116      | 0.0118      | 0.4736      | 
| 1348.png                 | 0.0000      | 0.0000      | 0.0000      | 0.0000      | 
| 1349.png                 | 0.0013      | 0.0006      | 0.0006      | 0.0736      | 
| 1350.png                 | 0.0001      | 0.0000      | 0.0000      | 0.0060      | 
| 1353.png                 | 0.0000      | 0.0000      | 0.0000      | 0.0000      | 
| 1354.png                 | 0.0005      | 0.0002      | 0.0003      | 0.0020      | 
| 1355.png                 | 0.0198      | 0.0100      | 0.0107      | 0.1375      | 
| 1356.png                 | 0.0058      | 0.0029      | 0.0032      | 0.0363      | 
| 1357.png                 | 0.0000      | 0.0000      | 0.0000      | 0.0000      | 
| 1358.png                 | 0.0060      | 0.0030      | 0.0032      | 0.0460      | 
| 1359.png                 | 0.0136      | 0.0069      | 0.0071      | 0.1562      | 
| 1370.png                 | 0.0056      | 0.0028      | 0.0029      | 0.0949      | 
| 1371.png                 | 0.0029      | 0.0015      | 0.0015      | 0.0631      | 
| 1372.png                 | 0.0014      | 0.0007      | 0.0007      | 0.0398      | 
| 1373.png                 | 0.0039      | 0.0019      | 0.0020      | 0.1314      | 
| 1374.png                 | 0.0003      | 0.0001      | 0.0001      | 0.0099      | 
| 1375.png                 | 0.0010      | 0.0005      | 0.0005      | 0.0314      | 
| 1376.png                 | 0.0007      | 0.0004      | 0.0004      | 0.0340      | 
| 1377.png                 | 0.0019      | 0.0009      | 0.0009      | 0.1478      | 
| 1378.png                 | 0.0000      | 0.0000      | 0.0000      | 0.0000      | 
| 1379.png                 | 0.0006      | 0.0003      | 0.0003      | 0.0244      | 
| 1380.png                 | 0.5537      | 0.3829      | 0.5194      | 0.5929      | 
| 1381.png                 | 0.0001      | 0.0000      | 0.0000      | 0.0024      | 
| 1382.png                 | 0.0008      | 0.0004      | 0.0004      | 0.0130      | 
| 1389.png                 | 0.0000      | 0.0000      | 0.0000      | 0.0000      | 
| 139.png                  | 0.0040      | 0.0020      | 0.0021      | 0.0389      | 
| 1390.png                 | 0.0000      | 0.0000      | 0.0000      | 0.0000      | 
| 1397.png                 | 0.0032      | 0.0016      | 0.0017      | 0.0248      | 
| 14.png                   | 0.9265      | 0.8630      | 0.9971      | 0.8652      | 
| 140.png                  | 0.0083      | 0.0042      | 0.0045      | 0.0550      | 
| 1405.png                 | 0.0000      | 0.0000      | 0.0000      | 0.0000      | 
| 1406.png                 | 0.0024      | 0.0012      | 0.0012      | 0.0737      | 
| 1407.png                 | 0.0032      | 0.0016      | 0.0016      | 0.1225      | 
| 1409.png                 | 0.0000      | 0.0000      | 0.0000      | 0.0000      | 
| 1410.png                 | 0.0007      | 0.0003      | 0.0003      | 0.0169      | 
| 1411.png                 | 0.0007      | 0.0003      | 0.0003      | 0.0168      | 
| 1412.png                 | 0.0003      | 0.0001      | 0.0001      | 0.0099      | 
| 1414.png                 | 0.0033      | 0.0017      | 0.0017      | 0.1020      | 
| 1415.png                 | 0.0067      | 0.0033      | 0.0034      | 0.1501      | 
| 1416.png                 | 0.0000      | 0.0000      | 0.0000      | 0.0000      | 
| 1417.png                 | 0.0033      | 0.0016      | 0.0017      | 0.0448      | 
| 1418.png                 | 0.0008      | 0.0004      | 0.0004      | 0.0105      | 
| 1419.png                 | 0.0000      | 0.0000      | 0.0000      | 0.0008      | 
| 142.png                  | 0.6157      | 0.4448      | 0.9986      | 0.4451      | 
| 1420.png                 | 0.0047      | 0.0023      | 0.0024      | 0.2329      | 
| 1422.png                 | 0.0000      | 0.0000      | 0.0000      | 0.0000      | 
| 1424.png                 | 0.0030      | 0.0015      | 0.0015      | 0.0580      | 
| 1426.png                 | 0.0004      | 0.0002      | 0.0002      | 0.0075      | 
| 1427.png                 | 0.0001      | 0.0000      | 0.0000      | 0.0016      | 
| 1428.png                 | 0.0035      | 0.0018      | 0.0018      | 0.0709      | 
| 1429.png                 | 0.0080      | 0.0040      | 0.0041      | 0.2784      | 
| 143.png                  | 0.6836      | 0.5193      | 0.9989      | 0.5196      | 
| 1432.png                 | 0.0033      | 0.0017      | 0.0017      | 0.1039      | 
| 1433.png                 | 0.0023      | 0.0011      | 0.0012      | 0.0677      | 
| 1435.png                 | 0.0000      | 0.0000      | 0.0000      | 0.0000      | 
| 1436.png                 | 0.0144      | 0.0073      | 0.0078      | 0.0916      | 
| 1437.png                 | 0.0080      | 0.0040      | 0.0042      | 0.0836      | 
| 1438.png                 | 0.0028      | 0.0014      | 0.0015      | 0.0388      | 
| 1439.png                 | 0.0103      | 0.0052      | 0.0054      | 0.1142      | 
| 1442.png                 | 0.0000      | 0.0000      | 0.0000      | 0.0000      | 
| 1443.png                 | 0.0000      | 0.0000      | 0.0000      | 0.0000      | 
| 1444.png                 | 0.0062      | 0.0031      | 0.0034      | 0.0353      | 
| 1445.png                 | 0.0002      | 0.0001      | 0.0001      | 0.0011      | 
| 1446.png                 | 0.0010      | 0.0005      | 0.0005      | 0.0241      | 
| 1450.png                 | 0.0109      | 0.0055      | 0.0057      | 0.1142      | 
| 1451.png                 | 0.0000      | 0.0000      | 0.0000      | 0.0000      | 
| 1452.png                 | 0.0031      | 0.0015      | 0.0016      | 0.0474      | 
| 1453.png                 | 0.0017      | 0.0008      | 0.0008      | 0.0479      | 
| 1454.png                 | 0.0010      | 0.0005      | 0.0005      | 0.0318      | 
| 1455.png                 | 0.0147      | 0.0074      | 0.0074      | 0.5629      | 
| 1456.png                 | 0.0064      | 0.0032      | 0.0032      | 0.2647      | 
| 1457.png                 | 0.0029      | 0.0014      | 0.0014      | 0.0944      | 
| 1458.png                 | 0.0025      | 0.0013      | 0.0013      | 0.0761      | 
| 1460.png                 | 0.4440      | 0.2853      | 0.8679      | 0.2983      | 
| 1461.png                 | 0.0097      | 0.0049      | 0.0049      | 0.2336      | 
| 1462.png                 | 0.9127      | 0.8394      | 0.9254      | 0.9003      | 
| 1469.png                 | 0.0005      | 0.0002      | 0.0002      | 0.0156      | 
| 147.png                  | 0.2698      | 0.1559      | 0.1659      | 0.7217      | 
| 1470.png                 | 0.0004      | 0.0002      | 0.0002      | 0.0191      | 
| 1472.png                 | 0.8067      | 0.6760      | 0.8199      | 0.7940      | 
| 1473.png                 | 0.7529      | 0.6038      | 0.6624      | 0.8721      | 
| 1474.png                 | 0.6721      | 0.5061      | 0.7941      | 0.5826      | 
| 1476.png                 | 0.8305      | 0.7102      | 0.7509      | 0.9291      | 
| 1477.png                 | 0.6861      | 0.5221      | 0.5570      | 0.8930      | 
| 1478.png                 | 0.8083      | 0.6783      | 0.7971      | 0.8198      | 
| 1479.png                 | 0.6667      | 0.5000      | 0.6611      | 0.6723      | 
| 1480.png                 | 0.0153      | 0.0077      | 0.0078      | 0.3416      | 
| 1481.png                 | 0.0039      | 0.0019      | 0.0020      | 0.1117      | 
| 1482.png                 | 0.0158      | 0.0080      | 0.0081      | 0.4217      | 
| 1484.png                 | 0.0002      | 0.0001      | 0.0001      | 0.0056      | 
| 1485.png                 | 0.0003      | 0.0002      | 0.0002      | 0.0098      | 
| 1486.png                 | 0.0197      | 0.0100      | 0.0158      | 0.0262      | 
| 1487.png                 | 0.0000      | 0.0000      | 0.0000      | 0.0000      | 
| 1488.png                 | 0.0028      | 0.0014      | 0.0014      | 0.1138      | 
| 1490.png                 | 0.0409      | 0.0209      | 0.0530      | 0.0333      | 
| 1491.png                 | 0.0041      | 0.0021      | 0.0021      | 0.2481      | 
| 1492.png                 | 0.0019      | 0.0010      | 0.0010      | 0.1293      | 
| 1496.png                 | 0.5299      | 0.3605      | 0.9673      | 0.3649      | 
| 1498.png                 | 0.0146      | 0.0074      | 0.0125      | 0.0177      | 
| 1499.png                 | 0.8251      | 0.7023      | 0.9228      | 0.7462      | 
| 15.png                   | 0.0044      | 0.0022      | 0.0026      | 0.0136      | 
| 1500.png                 | 0.8295      | 0.7086      | 0.8905      | 0.7763      | 
| 1501.png                 | 0.7967      | 0.6622      | 0.7631      | 0.8335      | 
| 1503.png                 | 0.8864      | 0.7961      | 0.8650      | 0.9090      | 
| 1506.png                 | 0.0113      | 0.0057      | 0.0060      | 0.1067      | 
| 1507.png                 | 0.0010      | 0.0005      | 0.0005      | 0.0068      | 
| 1508.png                 | 0.0043      | 0.0021      | 0.0022      | 0.0515      | 
| 1509.png                 | 0.0000      | 0.0000      | 0.0000      | 0.0000      | 
| 1510.png                 | 0.0000      | 0.0000      | 0.0000      | 0.0000      | 
| 1511.png                 | 0.5409      | 0.3707      | 0.6386      | 0.4691      | 
| 1512.png                 | 0.8104      | 0.6813      | 0.7975      | 0.8237      | 
| 1513.png                 | 0.8376      | 0.7206      | 0.9146      | 0.7726      | 
| 1514.png                 | 0.2659      | 0.1533      | 0.2089      | 0.3657      | 
| 1516.png                 | 0.0100      | 0.0050      | 0.0051      | 0.2227      | 
| 1517.png                 | 0.0000      | 0.0000      | 0.0000      | 0.0000      | 
| 1518.png                 | 0.0000      | 0.0000      | 0.0000      | 0.0000      | 
| 1519.png                 | 0.0000      | 0.0000      | 0.0000      | 0.0000      | 
| 1520.png                 | 0.0000      | 0.0000      | 0.0000      | 0.0000      | 
| 1523.png                 | 0.3851      | 0.2385      | 0.7750      | 0.2562      | 
| 1525.png                 | 0.0082      | 0.0041      | 1.0000      | 0.0041      | 
| 1527.png                 | 0.5318      | 0.3622      | 0.7553      | 0.4104      | 
| 1533.png                 | 0.0030      | 0.0015      | 0.0015      | 0.0890      | 
| 1534.png                 | 0.0000      | 0.0000      | 0.0000      | 0.0000      | 
| 1535.png                 | 0.0010      | 0.0005      | 0.0008      | 0.0012      | 
| 1536.png                 | 0.0001      | 0.0001      | 0.0001      | 0.0046      | 
| 1538.png                 | 0.3366      | 0.2023      | 0.9994      | 0.2024      | 
| 1539.png                 | 0.8604      | 0.7549      | 0.9603      | 0.7792      | 
| 154.png                  | 0.0719      | 0.0373      | 0.0407      | 0.3042      | 
| 1540.png                 | 0.8297      | 0.7090      | 0.9520      | 0.7352      | 
| 1541.png                 | 0.8699      | 0.7698      | 0.9339      | 0.8142      | 
| 1542.png                 | 0.9028      | 0.8228      | 0.9522      | 0.8582      | 
| 1543.png                 | 0.8465      | 0.7339      | 0.9883      | 0.7403      | 
| 1545.png                 | 0.7249      | 0.5685      | 0.6306      | 0.8523      | 
| 1546.png                 | 0.6282      | 0.4580      | 0.4621      | 0.9809      | 
| 1547.png                 | 0.5843      | 0.4127      | 0.4176      | 0.9724      | 
| 1548.png                 | 0.8973      | 0.8138      | 0.8274      | 0.9802      | 
| 1549.png                 | 0.8979      | 0.8147      | 0.8405      | 0.9636      | 
| 155.png                  | 0.1593      | 0.0865      | 0.0951      | 0.4894      | 
| 1550.png                 | 0.9203      | 0.8523      | 0.8848      | 0.9587      | 
| 1551.png                 | 0.6470      | 0.4782      | 0.5156      | 0.8682      | 
| 1553.png                 | 0.6646      | 0.4977      | 0.8141      | 0.5615      | 
| 1554.png                 | 0.8676      | 0.7661      | 0.9452      | 0.8017      | 
| 1555.png                 | 0.8468      | 0.7343      | 0.7800      | 0.9261      | 
| 1556.png                 | 0.7326      | 0.5781      | 0.6342      | 0.8674      | 
| 1557.png                 | 0.0007      | 0.0004      | 0.0004      | 0.1122      | 
| 1558.png                 | 0.0015      | 0.0007      | 0.0008      | 0.1645      | 
| 1559.png                 | 0.8573      | 0.7502      | 0.9123      | 0.8084      | 
| 1560.png                 | 0.1216      | 0.0647      | 0.8968      | 0.0652      | 
| 1561.png                 | 0.0004      | 0.0002      | 0.0002      | 0.0152      | 
| 1562.png                 | 0.0009      | 0.0005      | 0.0005      | 0.0315      | 
| 1563.png                 | 0.0000      | 0.0000      | 0.0000      | 0.0000      | 
| 1564.png                 | 0.0000      | 0.0000      | 0.0000      | 0.0000      | 
| 1565.png                 | 0.0000      | 0.0000      | 0.0000      | 0.0000      | 
| 1566.png                 | 0.3638      | 0.2223      | 0.4023      | 0.3320      | 
| 1567.png                 | 0.6660      | 0.4993      | 0.8620      | 0.5427      | 
| 1568.png                 | 0.7793      | 0.6384      | 0.7714      | 0.7875      | 
| 157.png                  | 0.1371      | 0.0736      | 0.0847      | 0.3595      | 
| 1571.png                 | 0.6770      | 0.5117      | 0.8687      | 0.5546      | 
| 1572.png                 | 0.5433      | 0.3730      | 0.4479      | 0.6905      | 
| 1577.png                 | 0.8820      | 0.7890      | 0.8801      | 0.8840      | 
| 1578.png                 | 0.8552      | 0.7470      | 0.9759      | 0.7610      | 
| 1579.png                 | 0.9104      | 0.8355      | 0.9758      | 0.8531      | 
| 158.png                  | 0.0607      | 0.0313      | 0.0377      | 0.1560      | 
| 1580.png                 | 0.3993      | 0.2495      | 1.0000      | 0.2495      | 
| 1590.png                 | 0.0001      | 0.0000      | 0.0000      | 0.0021      | 
| 1591.png                 | 0.0041      | 0.0021      | 0.0021      | 0.1387      | 
| 1592.png                 | 0.0005      | 0.0003      | 0.0003      | 0.0234      | 
| 1593.png                 | 0.0027      | 0.0014      | 0.0014      | 0.0703      | 
| 1594.png                 | 0.8254      | 0.7028      | 0.9420      | 0.7346      | 
| 1595.png                 | 0.7372      | 0.5837      | 0.7406      | 0.7337      | 
| 1596.png                 | 0.0063      | 0.0031      | 0.0032      | 0.1590      | 
| 1597.png                 | 0.0002      | 0.0001      | 0.0001      | 0.0050      | 
| 1598.png                 | 0.0003      | 0.0002      | 0.0002      | 0.0103      | 
| 16.png                   | 0.0000      | 0.0000      | 0.0000      | 0.0000      | 
| 160.png                  | 0.0091      | 0.0046      | 0.0048      | 0.1183      | 
| 1600.png                 | 0.6478      | 0.4791      | 0.8852      | 0.5108      | 
| 1601.png                 | 0.8956      | 0.8110      | 0.9783      | 0.8258      | 
| 1602.png                 | 0.8985      | 0.8157      | 0.9806      | 0.8290      | 
| 1603.png                 | 0.8739      | 0.7760      | 0.9812      | 0.7877      | 
| 1604.png                 | 0.0069      | 0.0035      | 0.0041      | 0.0212      | 
| 1605.png                 | 0.0000      | 0.0000      | 0.0000      | 0.0000      | 
| 1606.png                 | 0.0000      | 0.0000      | 0.0000      | 0.0000      | 
| 1608.png                 | 0.0324      | 0.0165      | 0.0178      | 0.1833      | 
| 1609.png                 | 0.0000      | 0.0000      | 0.0000      | 0.0000      | 
| 161.png                  | 0.0059      | 0.0030      | 0.0031      | 0.0555      | 
| 1610.png                 | 0.0009      | 0.0005      | 0.0005      | 0.0239      | 
| 1611.png                 | 0.6765      | 0.5111      | 0.7969      | 0.5877      | 
| 1612.png                 | 0.7096      | 0.5499      | 0.8667      | 0.6007      | 
| 1613.png                 | 0.0118      | 0.0059      | 0.0060      | 0.2651      | 
| 1614.png                 | 0.0252      | 0.0128      | 0.0130      | 0.3882      | 
| 1617.png                 | 0.8367      | 0.7192      | 0.9355      | 0.7567      | 
| 1618.png                 | 0.7797      | 0.6389      | 0.8367      | 0.7300      | 
| 1619.png                 | 0.8564      | 0.7488      | 0.8671      | 0.8459      | 
| 162.png                  | 0.0067      | 0.0033      | 0.0035      | 0.0632      | 
| 1620.png                 | 0.2402      | 0.1365      | 0.7415      | 0.1433      | 
| 1622.png                 | 0.5732      | 0.4017      | 0.8408      | 0.4348      | 
| 1625.png                 | 0.1864      | 0.1028      | 1.0000      | 0.1028      | 
| 1626.png                 | 0.0764      | 0.0397      | 1.0000      | 0.0397      | 
| 1628.png                 | 0.0052      | 0.0026      | 0.0026      | 0.2440      | 
| 1629.png                 | 0.8550      | 0.7467      | 0.9795      | 0.7585      | 
| 1630.png                 | 0.8258      | 0.7033      | 0.9645      | 0.7220      | 
| 1631.png                 | 0.8427      | 0.7282      | 0.9928      | 0.7320      | 
| 1632.png                 | 0.5990      | 0.4275      | 0.9683      | 0.4336      | 
| 1635.png                 | 0.0061      | 0.0031      | 0.0149      | 0.0039      | 
| 1636.png                 | 0.0015      | 0.0008      | 0.0008      | 0.0109      | 
| 1637.png                 | 0.0004      | 0.0002      | 0.0002      | 0.0027      | 
| 1638.png                 | 0.0028      | 0.0014      | 0.0015      | 0.0222      | 
| 1639.png                 | 0.0130      | 0.0065      | 0.0069      | 0.1240      | 
| 164.png                  | 0.9262      | 0.8626      | 0.9641      | 0.8913      | 
| 165.png                  | 0.8527      | 0.7433      | 0.8537      | 0.8518      | 
| 1656.png                 | 0.0000      | 0.0000      | 0.0000      | 0.0000      | 
| 1657.png                 | 0.0007      | 0.0004      | 0.0004      | 0.0459      | 
| 166.png                  | 0.8972      | 0.8136      | 0.9820      | 0.8259      | 
| 1665.png                 | 0.6415      | 0.4722      | 0.9892      | 0.4746      | 
| 1666.png                 | 0.0000      | 0.0000      | 0.0000      | 0.0000      | 
| 1667.png                 | 0.0002      | 0.0001      | 0.0001      | 0.0008      | 
| 1668.png                 | 0.0026      | 0.0013      | 0.0435      | 0.0014      | 
| 1669.png                 | 0.0005      | 0.0002      | 0.0002      | 0.0166      | 
| 167.png                  | 0.9017      | 0.8210      | 0.9910      | 0.8272      | 
| 1670.png                 | 0.0000      | 0.0000      | 0.0000      | 0.0000      | 
| 1671.png                 | 0.0000      | 0.0000      | 0.0000      | 0.0000      | 
| 1672.png                 | 0.0000      | 0.0000      | 0.0000      | 0.0000      | 
| 1677.png                 | 0.0000      | 0.0000      | 0.0000      | 0.0000      | 
| 1679.png                 | 0.0000      | 0.0000      | 0.0000      | 0.0000      | 
| 168.png                  | 0.0117      | 0.0059      | 0.0061      | 0.1338      | 
| 1681.png                 | 0.0008      | 0.0004      | 0.0004      | 0.0072      | 
| 1685.png                 | 0.0247      | 0.0125      | 0.0126      | 0.5894      | 
| 1689.png                 | 0.0243      | 0.0123      | 0.0125      | 0.4320      | 
| 1691.png                 | 0.0015      | 0.0007      | 0.0007      | 0.0772      | 
| 1692.png                 | 0.0037      | 0.0019      | 0.0019      | 0.1407      | 
| 1693.png                 | 0.0017      | 0.0009      | 0.0009      | 0.0519      | 
| 1694.png                 | 0.0046      | 0.0023      | 0.0023      | 0.1109      | 
| 1697.png                 | 0.0032      | 0.0016      | 0.0016      | 0.1318      | 
| 1699.png                 | 0.0035      | 0.0017      | 0.0017      | 0.2052      | 
| 17.png                   | 0.0084      | 0.0042      | 0.0044      | 0.1005      | 
| 1700.png                 | 0.0002      | 0.0001      | 0.0001      | 0.0032      | 
| 1701.png                 | 0.0002      | 0.0001      | 0.0001      | 0.0082      | 
| 1702.png                 | 0.0014      | 0.0007      | 0.0007      | 0.0632      | 
| 1705.png                 | 0.0110      | 0.0055      | 0.0057      | 0.2112      | 
| 1706.png                 | 0.0017      | 0.0009      | 0.0009      | 0.0452      | 
| 1707.png                 | 0.0032      | 0.0016      | 0.0017      | 0.0782      | 
| 1708.png                 | 0.0067      | 0.0033      | 0.0034      | 0.1949      | 
| 1713.png                 | 0.0121      | 0.0061      | 0.0062      | 0.3262      | 
| 1715.png                 | 0.0000      | 0.0000      | 0.0000      | 0.0000      | 
| 172.png                  | 0.1627      | 0.0885      | 0.0940      | 0.6059      | 
| 1722.png                 | 0.0021      | 0.0010      | 0.0011      | 0.1060      | 
| 1723.png                 | 0.0013      | 0.0006      | 0.0006      | 0.0723      | 
| 1724.png                 | 0.0057      | 0.0029      | 0.0029      | 0.2803      | 
| 1726.png                 | 0.0392      | 0.0200      | 0.0211      | 0.2711      | 
| 1727.png                 | 0.8437      | 0.7296      | 0.8709      | 0.8181      | 
| 1728.png                 | 0.8560      | 0.7482      | 0.8969      | 0.8186      | 
| 1729.png                 | 0.6007      | 0.4292      | 0.4981      | 0.7564      | 
| 173.png                  | 0.1058      | 0.0558      | 0.0598      | 0.4576      | 
| 1730.png                 | 0.7046      | 0.5439      | 0.6607      | 0.7549      | 
| 1731.png                 | 0.0408      | 0.0208      | 0.0224      | 0.2285      | 
| 1732.png                 | 0.0043      | 0.0022      | 0.0022      | 0.0596      | 
| 1733.png                 | 0.0105      | 0.0053      | 0.0054      | 0.2217      | 
| 1741.png                 | 0.0063      | 0.0031      | 0.0032      | 0.3413      | 
| 1743.png                 | 0.0000      | 0.0000      | 0.0000      | 0.0000      | 
| 1745.png                 | 0.0031      | 0.0015      | 0.0016      | 0.0962      | 
| 1746.png                 | 0.0024      | 0.0012      | 0.0012      | 0.0660      | 
| 1747.png                 | 0.0039      | 0.0020      | 0.0020      | 0.3175      | 
| 1748.png                 | 0.0007      | 0.0003      | 0.0003      | 0.0763      | 
| 1749.png                 | 0.0009      | 0.0004      | 0.0004      | 0.0751      | 
| 175.png                  | 0.0083      | 0.0042      | 0.0043      | 0.1459      | 
| 1750.png                 | 0.0007      | 0.0004      | 0.0004      | 0.0508      | 
| 1751.png                 | 0.0008      | 0.0004      | 0.0004      | 0.0567      | 
| 1752.png                 | 0.0021      | 0.0010      | 0.0010      | 0.1381      | 
| 1753.png                 | 0.0019      | 0.0010      | 0.0010      | 0.1878      | 
| 1759.png                 | 0.0003      | 0.0002      | 0.0002      | 0.0164      | 
| 176.png                  | 0.0169      | 0.0085      | 0.0092      | 0.1123      | 
| 1760.png                 | 0.0000      | 0.0000      | 0.0000      | 0.0000      | 
| 1761.png                 | 0.0000      | 0.0000      | 0.0000      | 0.0000      | 
| 1762.png                 | 0.0000      | 0.0000      | 0.0000      | 0.0000      | 
| 1764.png                 | 0.0000      | 0.0000      | 0.0000      | 0.0000      | 
| 1766.png                 | 0.0154      | 0.0078      | 0.0079      | 0.3383      | 
| 1767.png                 | 0.0082      | 0.0041      | 0.0042      | 0.1666      | 
| 177.png                  | 0.0061      | 0.0031      | 0.0034      | 0.0283      | 
| 1771.png                 | 0.0049      | 0.0025      | 0.0025      | 0.1273      | 
| 178.png                  | 0.0225      | 0.0114      | 0.0129      | 0.0878      | 
| 1781.png                 | 0.0000      | 0.0000      | 0.0000      | 0.0000      | 
| 1782.png                 | 0.0121      | 0.0061      | 0.0062      | 0.3419      | 
| 1786.png                 | 0.8762      | 0.7797      | 0.9678      | 0.8004      | 
| 1787.png                 | 0.8162      | 0.6895      | 0.9354      | 0.7240      | 
| 1788.png                 | 0.0062      | 0.0031      | 0.0031      | 0.6896      | 
| 1789.png                 | 0.0000      | 0.0000      | 0.0000      | 0.0000      | 
| 1790.png                 | 0.0013      | 0.0006      | 0.0006      | 0.0822      | 
| 1791.png                 | 0.0009      | 0.0004      | 0.0004      | 0.0586      | 
| 1793.png                 | 0.0070      | 0.0035      | 0.0035      | 0.4168      | 
| 1795.png                 | 0.0029      | 0.0014      | 0.0015      | 0.0826      | 
| 1796.png                 | 0.0000      | 0.0000      | 0.0000      | 0.0000      | 
| 1797.png                 | 0.0001      | 0.0000      | 0.0000      | 0.0034      | 
| 1798.png                 | 0.0001      | 0.0001      | 0.0001      | 0.0050      | 
| 1799.png                 | 0.0024      | 0.0012      | 0.0012      | 0.0862      | 
| 18.png                   | 0.0085      | 0.0043      | 0.0044      | 0.1213      | 
| 180.png                  | 0.0157      | 0.0079      | 0.0084      | 0.1165      | 
| 1800.png                 | 0.0029      | 0.0014      | 0.0014      | 0.1419      | 
| 1801.png                 | 0.7189      | 0.5612      | 0.9586      | 0.5751      | 
| 1802.png                 | 0.0003      | 0.0002      | 0.0002      | 0.0152      | 
| 1805.png                 | 0.0018      | 0.0009      | 0.0009      | 0.1941      | 
| 1808.png                 | 0.0061      | 0.0031      | 0.0031      | 0.1725      | 
| 181.png                  | 0.0053      | 0.0027      | 0.0030      | 0.0274      | 
| 182.png                  | 0.0241      | 0.0122      | 0.0137      | 0.1008      | 
| 1820.png                 | 0.0047      | 0.0024      | 0.0024      | 0.0850      | 
| 1822.png                 | 0.0124      | 0.0062      | 0.0063      | 0.2937      | 
| 1825.png                 | 0.0323      | 0.0164      | 0.0171      | 0.2796      | 
| 1826.png                 | 0.0241      | 0.0122      | 0.0127      | 0.2239      | 
| 1827.png                 | 0.0283      | 0.0143      | 0.0150      | 0.2343      | 
| 1828.png                 | 0.0180      | 0.0091      | 0.0094      | 0.2024      | 
| 1829.png                 | 0.0263      | 0.0133      | 0.0137      | 0.3401      | 
| 183.png                  | 0.0268      | 0.0136      | 0.0151      | 0.1238      | 
| 1830.png                 | 0.0014      | 0.0007      | 0.0007      | 0.0211      | 
| 1831.png                 | 0.0014      | 0.0007      | 0.0007      | 0.0084      | 
| 1832.png                 | 0.0000      | 0.0000      | 0.0000      | 0.0000      | 
| 1833.png                 | 0.0000      | 0.0000      | 0.0000      | 0.0000      | 
| 1834.png                 | 0.0006      | 0.0003      | 0.0003      | 0.0058      | 
| 1835.png                 | 0.0083      | 0.0042      | 0.0043      | 0.1480      | 
| 1836.png                 | 0.0032      | 0.0016      | 0.0017      | 0.0348      | 
| 1837.png                 | 0.0023      | 0.0012      | 0.0012      | 0.0232      | 
| 1838.png                 | 0.0047      | 0.0024      | 0.0024      | 0.0669      | 
| 1839.png                 | 0.0069      | 0.0034      | 0.0035      | 0.1446      | 
| 184.png                  | 0.0000      | 0.0000      | 0.0000      | 0.0000      | 
| 1840.png                 | 0.0012      | 0.0006      | 0.0006      | 0.0598      | 
| 185.png                  | 0.0061      | 0.0031      | 0.0032      | 0.0804      | 
| 1896.png                 | 0.0522      | 0.0268      | 0.0276      | 0.4723      | 
| 1897.png                 | 0.0252      | 0.0128      | 0.0130      | 0.3597      | 
| 19.png                   | 0.0000      | 0.0000      | 0.0000      | 0.0000      | 
| 192.png                  | 0.0161      | 0.0081      | 0.0085      | 0.1500      | 
| 193.png                  | 0.0218      | 0.0110      | 0.0121      | 0.1109      | 
| 194.png                  | 0.0149      | 0.0075      | 0.0091      | 0.0408      | 
| 195.png                  | 0.0156      | 0.0078      | 0.0104      | 0.0311      | 
| 1950.png                 | 0.0113      | 0.0057      | 0.0057      | 0.3404      | 
| 1956.png                 | 0.2849      | 0.1661      | 1.0000      | 0.1661      | 
| 1957.png                 | 0.4701      | 0.3073      | 0.9920      | 0.3081      | 
| 1958.png                 | 0.0412      | 0.0210      | 0.0216      | 0.4340      | 
| 196.png                  | 0.0411      | 0.0210      | 0.0293      | 0.0686      | 
| 1967.png                 | 0.0483      | 0.0247      | 0.0266      | 0.2589      | 
| 2.png                    | 0.0624      | 0.0322      | 0.0357      | 0.2491      | 
| 20.png                   | 0.0098      | 0.0049      | 0.0447      | 0.0055      | 
| 201.png                  | 0.0057      | 0.0028      | 0.0031      | 0.0350      | 
| 202.png                  | 0.0000      | 0.0000      | 0.0000      | 0.0000      | 
| 21.png                   | 0.0172      | 0.0087      | 0.0094      | 0.1024      | 
| 2102.png                 | 0.0119      | 0.0060      | 0.0061      | 0.4507      | 
| 211.png                  | 0.0365      | 0.0186      | 0.0202      | 0.1876      | 
| 212.png                  | 0.0537      | 0.0276      | 0.0311      | 0.1945      | 
| 213.png                  | 0.0350      | 0.0178      | 0.0214      | 0.0951      | 
| 214.png                  | 0.0000      | 0.0000      | 0.0000      | 0.0000      | 
| 215.png                  | 0.0035      | 0.0018      | 0.0117      | 0.0021      | 
| 216.png                  | 0.0083      | 0.0042      | 0.0044      | 0.0643      | 
| 217.png                  | 0.0159      | 0.0080      | 0.0083      | 0.2003      | 
| 218.png                  | 0.0047      | 0.0024      | 0.0024      | 0.0932      | 
| 2188.png                 | 0.0184      | 0.0093      | 0.0101      | 0.1040      | 
| 219.png                  | 0.0033      | 0.0017      | 0.0017      | 0.0547      | 
| 2190.png                 | 0.1174      | 0.0624      | 0.0696      | 0.3745      | 
| 2192.png                 | 0.1001      | 0.0527      | 0.0578      | 0.3753      | 
| 2199.png                 | 0.1365      | 0.0732      | 0.0760      | 0.6643      | 
| 22.png                   | 0.0118      | 0.0059      | 0.0066      | 0.0559      | 
| 220.png                  | 0.0059      | 0.0030      | 0.0031      | 0.0572      | 
| 2200.png                 | 0.0938      | 0.0492      | 0.0517      | 0.5024      | 
| 221.png                  | 0.0226      | 0.0114      | 0.0124      | 0.1211      | 
| 222.png                  | 0.0131      | 0.0066      | 0.0073      | 0.0689      | 
| 223.png                  | 0.0079      | 0.0040      | 0.0044      | 0.0369      | 
| 224.png                  | 0.0124      | 0.0062      | 0.0071      | 0.0498      | 
| 2244.png                 | 0.0166      | 0.0084      | 0.0084      | 0.6939      | 
| 225.png                  | 0.0157      | 0.0079      | 0.0089      | 0.0675      | 
| 2257.png                 | 0.0736      | 0.0382      | 0.0390      | 0.6420      | 
| 2259.png                 | 0.0708      | 0.0367      | 0.0379      | 0.5264      | 
| 226.png                  | 0.0000      | 0.0000      | 0.0000      | 0.0000      | 
| 227.png                  | 0.0000      | 0.0000      | 0.0000      | 0.0000      | 
| 228.png                  | 0.0000      | 0.0000      | 0.0000      | 0.0000      | 
| 229.png                  | 0.2330      | 0.1318      | 0.8866      | 0.1341      | 
| 23.png                   | 0.0200      | 0.0101      | 0.0109      | 0.1131      | 
| 230.png                  | 0.6775      | 0.5122      | 0.9860      | 0.5160      | 
| 2307.png                 | 0.0115      | 0.0058      | 0.0059      | 0.2362      | 
| 2308.png                 | 0.0594      | 0.0306      | 0.0309      | 0.7251      | 
| 2312.png                 | 0.0562      | 0.0289      | 0.0312      | 0.2816      | 
| 2313.png                 | 0.0383      | 0.0195      | 0.0213      | 0.1911      | 
| 2314.png                 | 0.0302      | 0.0153      | 0.0166      | 0.1700      | 
| 2315.png                 | 0.0397      | 0.0203      | 0.0216      | 0.2470      | 
| 2316.png                 | 0.0965      | 0.0507      | 0.0529      | 0.5488      | 
| 2318.png                 | 0.5013      | 0.3345      | 0.6378      | 0.4130      | 
| 233.png                  | 0.0088      | 0.0044      | 0.0048      | 0.0548      | 
| 234.png                  | 0.0080      | 0.0040      | 0.0044      | 0.0474      | 
| 235.png                  | 0.0105      | 0.0053      | 0.0058      | 0.0525      | 
| 236.png                  | 0.0160      | 0.0081      | 0.0084      | 0.1801      | 
| 237.png                  | 0.0038      | 0.0019      | 0.0020      | 0.0477      | 
| 2371.png                 | 0.2003      | 0.1113      | 0.1254      | 0.4970      | 
| 2379.png                 | 0.3037      | 0.1790      | 0.1984      | 0.6475      | 
| 238.png                  | 0.0000      | 0.0000      | 0.0000      | 0.0000      | 
| 2381.png                 | 0.2816      | 0.1639      | 0.1770      | 0.6890      | 
| 239.png                  | 0.0061      | 0.0031      | 0.0031      | 0.1259      | 
| 24.png                   | 0.0027      | 0.0014      | 0.0043      | 0.0020      | 
| 2411.png                 | 0.0508      | 0.0261      | 0.0268      | 0.4917      | 
| 2412.png                 | 0.0466      | 0.0239      | 0.0246      | 0.4382      | 
| 242.png                  | 0.0078      | 0.0039      | 0.0042      | 0.0642      | 
| 2427.png                 | 0.0335      | 0.0170      | 0.0175      | 0.3800      | 
| 2428.png                 | 0.2444      | 0.1392      | 1.0000      | 0.1392      | 
| 243.png                  | 0.0065      | 0.0033      | 0.0035      | 0.0587      | 
| 2431.png                 | 0.0723      | 0.0375      | 0.0387      | 0.5499      | 
| 2432.png                 | 0.0599      | 0.0309      | 0.0323      | 0.4082      | 
| 2438.png                 | 0.0497      | 0.0255      | 0.0295      | 0.1566      | 
| 244.png                  | 0.0076      | 0.0038      | 0.0040      | 0.1100      | 
| 2446.png                 | 0.2514      | 0.1438      | 0.1526      | 0.7126      | 
| 2447.png                 | 0.4742      | 0.3108      | 1.0000      | 0.3108      | 
| 2448.png                 | 0.0825      | 0.0430      | 1.0000      | 0.0430      | 
| 2449.png                 | 0.1205      | 0.0641      | 0.0661      | 0.6867      | 
| 245.png                  | 0.0107      | 0.0054      | 0.0055      | 0.2436      | 
| 2456.png                 | 0.2645      | 0.1524      | 0.1612      | 0.7357      | 
| 2457.png                 | 0.2334      | 0.1321      | 0.1389      | 0.7314      | 
| 246.png                  | 0.0033      | 0.0017      | 0.0017      | 0.0759      | 
| 247.png                  | 0.0000      | 0.0000      | 0.0000      | 0.0000      | 
| 2477.png                 | 0.0323      | 0.0164      | 0.0174      | 0.2212      | 
| 2482.png                 | 0.0521      | 0.0268      | 0.0277      | 0.4468      | 
| 2483.png                 | 0.0456      | 0.0233      | 0.0241      | 0.4377      | 
| 25.png                   | 0.0034      | 0.0017      | 0.0063      | 0.0024      | 
| 250.png                  | 0.0077      | 0.0039      | 0.0040      | 0.1219      | 
| 251.png                  | 0.0021      | 0.0011      | 0.0011      | 0.1097      | 
| 253.png                  | 0.0055      | 0.0027      | 0.0028      | 0.0924      | 
| 254.png                  | 0.0000      | 0.0000      | 0.0000      | 0.0000      | 
| 2542.png                 | 0.0153      | 0.0077      | 0.0080      | 0.1674      | 
| 2544.png                 | 0.0040      | 0.0020      | 0.0021      | 0.0517      | 
| 2545.png                 | 0.0062      | 0.0031      | 0.0032      | 0.0949      | 
| 255.png                  | 0.1265      | 0.0675      | 0.3823      | 0.0758      | 
| 256.png                  | 0.7869      | 0.6486      | 0.9770      | 0.6587      | 
| 2562.png                 | 0.4064      | 0.2550      | 1.0000      | 0.2550      | 
| 2564.png                 | 0.2511      | 0.1436      | 0.1473      | 0.8522      | 
| 2565.png                 | 0.9161      | 0.8452      | 0.9918      | 0.8511      | 
| 257.png                  | 0.8964      | 0.8123      | 0.9902      | 0.8189      | 
| 258.png                  | 0.1511      | 0.0817      | 0.4646      | 0.0902      | 
| 259.png                  | 0.0032      | 0.0016      | 0.0016      | 0.0669      | 
| 260.png                  | 0.0024      | 0.0012      | 0.0015      | 0.0059      | 
| 2606.png                 | 0.2410      | 0.1370      | 0.1399      | 0.8687      | 
| 261.png                  | 0.0072      | 0.0036      | 0.0038      | 0.0827      | 
| 262.png                  | 0.0068      | 0.0034      | 0.0037      | 0.0482      | 
| 263.png                  | 0.0079      | 0.0040      | 0.0042      | 0.0755      | 
| 264.png                  | 0.0172      | 0.0087      | 0.0092      | 0.1272      | 
| 265.png                  | 0.0197      | 0.0099      | 0.0107      | 0.1232      | 
| 2654.png                 | 0.0760      | 0.0395      | 0.0421      | 0.3964      | 
| 266.png                  | 0.0039      | 0.0019      | 0.0020      | 0.0417      | 
| 267.png                  | 0.0134      | 0.0067      | 0.0072      | 0.0899      | 
| 2703.png                 | 0.0121      | 0.0061      | 0.0063      | 0.1924      | 
| 2718.png                 | 0.0585      | 0.0301      | 0.0310      | 0.5175      | 
| 2724.png                 | 0.1112      | 0.0589      | 0.0624      | 0.5091      | 
| 2725.png                 | 0.0496      | 0.0254      | 0.0278      | 0.2307      | 
| 2726.png                 | 0.0734      | 0.0381      | 0.0434      | 0.2370      | 
| 2728.png                 | 0.0403      | 0.0206      | 0.0236      | 0.1399      | 
| 2729.png                 | 0.0964      | 0.0507      | 0.0540      | 0.4479      | 
| 2764.png                 | 0.1694      | 0.0925      | 0.0976      | 0.6390      | 
| 2770.png                 | 0.0256      | 0.0130      | 0.0138      | 0.1769      | 
| 2771.png                 | 0.1252      | 0.0668      | 0.0718      | 0.4886      | 
| 2789.png                 | 0.2387      | 0.1355      | 1.0000      | 0.1355      | 
| 2790.png                 | 0.1358      | 0.0728      | 1.0000      | 0.0728      | 
| 2791.png                 | 0.3054      | 0.1802      | 0.9962      | 0.1803      | 
| 2792.png                 | 0.0631      | 0.0326      | 0.0339      | 0.4484      | 
| 2793.png                 | 0.4469      | 0.2878      | 1.0000      | 0.2878      | 
| 2795.png                 | 0.2390      | 0.1357      | 0.1411      | 0.7806      | 
| 2796.png                 | 0.2762      | 0.1602      | 0.1716      | 0.7075      | 
| 28.png                   | 0.0000      | 0.0000      | 0.0000      | 0.0000      | 
| 281.png                  | 0.0000      | 0.0000      | 0.0000      | 0.0000      | 
| 2812.png                 | 0.0812      | 0.0423      | 0.0442      | 0.5047      | 
| 2826.png                 | 0.0140      | 0.0070      | 0.0072      | 0.2155      | 
| 2829.png                 | 0.0028      | 0.0014      | 0.0014      | 0.0684      | 
| 2831.png                 | 0.0000      | 0.0000      | 0.0000      | 0.0000      | 
| 2833.png                 | 0.0376      | 0.0192      | 0.0196      | 0.4874      | 
| 2843.png                 | 0.2984      | 0.1754      | 0.9452      | 0.1772      | 
| 2844.png                 | 0.5859      | 0.4143      | 0.9951      | 0.4152      | 
| 2845.png                 | 0.0171      | 0.0086      | 0.0088      | 0.3205      | 
| 2870.png                 | 0.1408      | 0.0757      | 0.0798      | 0.5989      | 
| 2871.png                 | 0.0380      | 0.0194      | 0.0210      | 0.1967      | 
| 2883.png                 | 0.0103      | 0.0052      | 0.0052      | 0.3020      | 
| 2884.png                 | 0.0123      | 0.0062      | 0.0063      | 0.2161      | 
| 2895.png                 | 0.0033      | 0.0016      | 0.0016      | 0.1421      | 
| 2896.png                 | 0.0057      | 0.0028      | 0.0029      | 0.0962      | 
| 2897.png                 | 0.6612      | 0.4939      | 0.9127      | 0.5184      | 
| 2898.png                 | 0.0121      | 0.0061      | 0.0063      | 0.1482      | 
| 29.png                   | 0.0160      | 0.0081      | 0.0087      | 0.1054      | 
| 2900.png                 | 0.0082      | 0.0041      | 0.0043      | 0.0854      | 
| 2901.png                 | 0.0184      | 0.0093      | 0.0098      | 0.1410      | 
| 2902.png                 | 0.0659      | 0.0341      | 0.0362      | 0.3711      | 
| 2903.png                 | 0.1680      | 0.0917      | 1.0000      | 0.0917      | 
| 2904.png                 | 0.1177      | 0.0625      | 1.0000      | 0.0625      | 
| 2905.png                 | 0.0237      | 0.0120      | 0.0122      | 0.3648      | 
| 2939.png                 | 0.0821      | 0.0428      | 0.0488      | 0.2587      | 
| 2940.png                 | 0.0367      | 0.0187      | 0.0222      | 0.1055      | 
| 295.png                  | 0.0071      | 0.0036      | 0.0038      | 0.0514      | 
| 2989.png                 | 0.2753      | 0.1596      | 0.1622      | 0.9103      | 
| 3.png                    | 0.0256      | 0.0130      | 0.0151      | 0.0842      | 
| 30.png                   | 0.0105      | 0.0053      | 0.0057      | 0.0731      | 
| 301.png                  | 0.0285      | 0.0144      | 0.0170      | 0.0879      | 
| 3022.png                 | 0.0166      | 0.0084      | 0.0085      | 0.3134      | 
| 3023.png                 | 0.0065      | 0.0033      | 0.0034      | 0.0813      | 
| 3024.png                 | 0.4446      | 0.2858      | 0.9951      | 0.2862      | 
| 3026.png                 | 0.6157      | 0.4448      | 0.9978      | 0.4452      | 
| 3027.png                 | 0.0180      | 0.0091      | 0.0093      | 0.3205      | 
| 303.png                  | 0.0852      | 0.0445      | 0.0503      | 0.2774      | 
| 3047.png                 | 0.0070      | 0.0035      | 0.0035      | 0.3808      | 
| 3048.png                 | 0.0040      | 0.0020      | 0.0020      | 0.3327      | 
| 31.png                   | 0.0177      | 0.0089      | 0.0095      | 0.1374      | 
| 311.png                  | 0.0241      | 0.0122      | 0.0131      | 0.1433      | 
| 312.png                  | 0.0114      | 0.0057      | 0.0062      | 0.0671      | 
| 316.png                  | 0.0121      | 0.0061      | 0.0063      | 0.1412      | 
| 317.png                  | 0.0089      | 0.0045      | 0.0046      | 0.1116      | 
| 318.png                  | 0.0159      | 0.0080      | 0.0141      | 0.0181      | 
| 319.png                  | 0.0025      | 0.0012      | 0.0013      | 0.0358      | 
| 32.png                   | 0.0003      | 0.0002      | 0.0002      | 0.0014      | 
| 320.png                  | 0.8355      | 0.7175      | 0.8481      | 0.8234      | 
| 321.png                  | 0.8349      | 0.7165      | 0.8971      | 0.7807      | 
| 322.png                  | 0.7094      | 0.5496      | 0.6422      | 0.7922      | 
| 325.png                  | 0.0004      | 0.0002      | 0.0004      | 0.0005      | 
| 33.png                   | 0.0024      | 0.0012      | 0.0035      | 0.0018      | 
| 332.png                  | 0.0035      | 0.0018      | 0.0019      | 0.0327      | 
| 333.png                  | 0.0093      | 0.0047      | 0.0074      | 0.0123      | 
| 339.png                  | 0.0320      | 0.0162      | 0.0169      | 0.3021      | 
| 342.png                  | 0.0086      | 0.0043      | 0.0046      | 0.0587      | 
| 345.png                  | 0.0065      | 0.0033      | 0.0037      | 0.0289      | 
| 346.png                  | 0.0003      | 0.0002      | 0.0002      | 0.0014      | 
| 347.png                  | 0.0081      | 0.0041      | 0.0043      | 0.0745      | 
| 35.png                   | 0.0000      | 0.0000      | 0.0000      | 0.0000      | 
| 357.png                  | 0.0160      | 0.0081      | 0.0083      | 0.2064      | 
| 359.png                  | 0.0045      | 0.0023      | 0.0024      | 0.0397      | 
| 36.png                   | 0.0001      | 0.0000      | 0.0000      | 0.0020      | 
| 37.png                   | 0.0041      | 0.0020      | 0.0023      | 0.0200      | 
| 38.png                   | 0.0067      | 0.0034      | 0.0037      | 0.0402      | 
| 384.png                  | 0.0754      | 0.0392      | 0.0431      | 0.3010      | 
| 385.png                  | 0.1340      | 0.0718      | 0.0778      | 0.4845      | 
| 386.png                  | 0.1442      | 0.0777      | 0.0834      | 0.5323      | 
| 387.png                  | 0.1159      | 0.0615      | 0.0676      | 0.4066      | 
| 388.png                  | 0.0808      | 0.0421      | 0.0451      | 0.3937      | 
| 389.png                  | 0.0754      | 0.0392      | 0.0415      | 0.4128      | 
| 39.png                   | 0.0025      | 0.0013      | 0.0013      | 0.0359      | 
| 390.png                  | 0.0050      | 0.0025      | 0.0025      | 0.1358      | 
| 391.png                  | 0.0037      | 0.0019      | 0.0020      | 0.0327      | 
| 392.png                  | 0.0047      | 0.0023      | 0.0024      | 0.1139      | 
| 395.png                  | 0.0093      | 0.0047      | 0.0049      | 0.1020      | 
| 396.png                  | 0.0044      | 0.0022      | 0.0025      | 0.0207      | 
| 397.png                  | 0.0078      | 0.0039      | 0.0044      | 0.0352      | 
| 398.png                  | 0.0123      | 0.0062      | 0.0067      | 0.0740      | 
| 4.png                    | 0.0384      | 0.0196      | 0.0219      | 0.1535      | 
| 40.png                   | 0.0023      | 0.0011      | 0.0012      | 0.0384      | 
| 41.png                   | 0.0033      | 0.0017      | 0.0017      | 0.0764      | 
| 415.png                  | 0.0013      | 0.0006      | 0.0012      | 0.0013      | 
| 416.png                  | 0.0086      | 0.0043      | 0.0092      | 0.0081      | 
| 417.png                  | 0.0272      | 0.0138      | 0.0230      | 0.0332      | 
| 418.png                  | 0.0227      | 0.0115      | 0.0126      | 0.1109      | 
| 419.png                  | 0.0225      | 0.0114      | 0.0137      | 0.0639      | 
| 42.png                   | 0.0094      | 0.0047      | 0.0055      | 0.0319      | 
| 420.png                  | 0.0223      | 0.0113      | 0.0153      | 0.0413      | 
| 421.png                  | 0.1405      | 0.0756      | 0.1047      | 0.2137      | 
| 422.png                  | 0.0028      | 0.0014      | 0.0016      | 0.0149      | 
| 43.png                   | 0.0117      | 0.0059      | 0.0066      | 0.0489      | 
| 44.png                   | 0.0132      | 0.0066      | 0.0068      | 0.1857      | 
| 442.png                  | 0.8224      | 0.6984      | 0.9859      | 0.7054      | 
| 443.png                  | 0.6966      | 0.5345      | 0.9947      | 0.5360      | 
| 444.png                  | 0.8269      | 0.7049      | 0.9788      | 0.7158      | 
| 445.png                  | 0.6113      | 0.4402      | 0.5710      | 0.6577      | 
| 446.png                  | 0.0166      | 0.0084      | 0.0089      | 0.1270      | 
| 447.png                  | 0.0238      | 0.0120      | 0.0129      | 0.1532      | 
| 448.png                  | 0.0043      | 0.0022      | 0.0022      | 0.0694      | 
| 449.png                  | 0.0009      | 0.0004      | 0.0004      | 0.0242      | 
| 455.png                  | 0.0541      | 0.0278      | 0.0297      | 0.3058      | 
| 456.png                  | 0.0193      | 0.0097      | 0.0110      | 0.0763      | 
| 457.png                  | 0.0095      | 0.0048      | 0.0053      | 0.0436      | 
| 458.png                  | 0.0187      | 0.0094      | 0.0101      | 0.1298      | 
| 461.png                  | 0.0040      | 0.0020      | 0.0020      | 0.0960      | 
| 462.png                  | 0.0017      | 0.0008      | 0.0009      | 0.0308      | 
| 463.png                  | 0.0042      | 0.0021      | 0.0022      | 0.0761      | 
| 464.png                  | 0.0069      | 0.0034      | 0.0035      | 0.1849      | 
| 470.png                  | 0.0064      | 0.0032      | 0.0033      | 0.1469      | 
| 472.png                  | 0.0005      | 0.0002      | 0.0003      | 0.0069      | 
| 473.png                  | 0.0082      | 0.0041      | 0.0042      | 0.1035      | 
| 474.png                  | 0.0015      | 0.0007      | 0.0008      | 0.0311      | 
| 475.png                  | 0.0035      | 0.0018      | 0.0018      | 0.0525      | 
| 476.png                  | 0.0034      | 0.0017      | 0.0017      | 0.1520      | 
| 480.png                  | 0.0055      | 0.0027      | 0.0028      | 0.0903      | 
| 481.png                  | 0.0077      | 0.0038      | 0.0040      | 0.0737      | 
| 482.png                  | 0.0056      | 0.0028      | 0.0029      | 0.0584      | 
| 483.png                  | 0.0154      | 0.0077      | 0.0080      | 0.2080      | 
| 485.png                  | 0.0073      | 0.0037      | 0.0038      | 0.1219      | 
| 486.png                  | 0.0020      | 0.0010      | 0.0010      | 0.0293      | 
| 487.png                  | 0.0082      | 0.0041      | 0.0043      | 0.0963      | 
| 490.png                  | 0.0000      | 0.0000      | 0.0000      | 0.0000      | 
| 496.png                  | 0.9111      | 0.8367      | 0.9781      | 0.8527      | 
| 497.png                  | 0.8977      | 0.8145      | 0.9043      | 0.8912      | 
| 498.png                  | 0.9335      | 0.8753      | 0.9778      | 0.8930      | 
| 499.png                  | 0.8893      | 0.8007      | 0.9650      | 0.8247      | 
| 5.png                    | 0.1009      | 0.0532      | 0.0597      | 0.3268      | 
| 500.png                  | 0.8055      | 0.6743      | 0.9918      | 0.6780      | 
| 501.png                  | 0.0139      | 0.0070      | 0.0073      | 0.1565      | 
| 502.png                  | 0.0063      | 0.0031      | 0.0033      | 0.0772      | 
| 503.png                  | 0.0099      | 0.0050      | 0.0051      | 0.1388      | 
| 504.png                  | 0.0035      | 0.0018      | 0.0018      | 0.0868      | 
| 508.png                  | 0.0252      | 0.0128      | 0.0138      | 0.1499      | 
| 51.png                   | 0.0000      | 0.0000      | 0.0000      | 0.0000      | 
| 510.png                  | 0.0056      | 0.0028      | 0.0032      | 0.0224      | 
| 511.png                  | 0.0261      | 0.0132      | 0.0173      | 0.0532      | 
| 512.png                  | 0.0136      | 0.0068      | 0.0077      | 0.0591      | 
| 513.png                  | 0.0523      | 0.0268      | 0.0299      | 0.2055      | 
| 515.png                  | 0.0001      | 0.0000      | 0.0000      | 0.0007      | 
| 517.png                  | 0.0027      | 0.0014      | 0.0014      | 0.0415      | 
| 532.png                  | 0.0084      | 0.0042      | 0.0044      | 0.0868      | 
| 537.png                  | 0.1155      | 0.0613      | 0.0662      | 0.4518      | 
| 538.png                  | 0.1612      | 0.0877      | 0.0982      | 0.4497      | 
| 541.png                  | 0.0311      | 0.0158      | 0.0208      | 0.0610      | 
| 551.png                  | 0.0000      | 0.0000      | 0.0000      | 0.0000      | 
| 552.png                  | 0.0034      | 0.0017      | 0.0018      | 0.0431      | 
| 553.png                  | 0.0131      | 0.0066      | 0.0068      | 0.1783      | 
| 554.png                  | 0.0062      | 0.0031      | 0.0031      | 0.1480      | 
| 555.png                  | 0.0015      | 0.0007      | 0.0007      | 0.0375      | 
| 556.png                  | 0.0059      | 0.0029      | 0.0033      | 0.0294      | 
| 557.png                  | 0.0217      | 0.0110      | 0.0114      | 0.2311      | 
| 563.png                  | 0.0254      | 0.0128      | 0.0136      | 0.1842      | 
| 566.png                  | 0.1058      | 0.0559      | 0.0642      | 0.3014      | 
| 567.png                  | 0.0522      | 0.0268      | 0.0302      | 0.1920      | 
| 569.png                  | 0.0030      | 0.0015      | 0.0015      | 0.0653      | 
| 575.png                  | 0.0225      | 0.0114      | 0.0124      | 0.1190      | 
| 576.png                  | 0.0362      | 0.0184      | 0.0193      | 0.2817      | 
| 582.png                  | 0.0049      | 0.0024      | 0.0027      | 0.0222      | 
| 584.png                  | 0.0027      | 0.0014      | 0.0014      | 0.0302      | 
| 585.png                  | 0.0049      | 0.0025      | 0.0025      | 0.1104      | 
| 59.png                   | 0.8634      | 0.7596      | 0.8248      | 0.9057      | 
| 597.png                  | 0.0046      | 0.0023      | 0.0023      | 0.2049      | 
| 598.png                  | 0.0003      | 0.0001      | 0.0001      | 0.0125      | 
| 6.png                    | 0.0001      | 0.0000      | 0.0000      | 0.0005      | 
| 60.png                   | 0.9170      | 0.8468      | 0.9988      | 0.8477      | 
| 61.png                   | 0.9636      | 0.9298      | 0.9818      | 0.9461      | 
| 619.png                  | 0.0000      | 0.0000      | 0.0000      | 0.0000      | 
| 62.png                   | 0.0197      | 0.0100      | 0.0106      | 0.1365      | 
| 621.png                  | 0.8429      | 0.7285      | 0.7791      | 0.9181      | 
| 622.png                  | 0.3256      | 0.1945      | 0.2004      | 0.8688      | 
| 628.png                  | 0.2116      | 0.1183      | 0.1247      | 0.6985      | 
| 63.png                   | 0.0062      | 0.0031      | 0.0034      | 0.0392      | 
| 631.png                  | 0.0059      | 0.0029      | 0.0030      | 0.1368      | 
| 632.png                  | 0.0014      | 0.0007      | 0.0007      | 0.0249      | 
| 635.png                  | 0.6781      | 0.5130      | 0.9486      | 0.5277      | 
| 636.png                  | 0.8062      | 0.6753      | 0.9950      | 0.6776      | 
| 637.png                  | 0.9498      | 0.9045      | 0.9914      | 0.9116      | 
| 638.png                  | 0.7095      | 0.5498      | 0.9551      | 0.5644      | 
| 64.png                   | 0.0097      | 0.0049      | 0.0054      | 0.0479      | 
| 642.png                  | 0.6288      | 0.4585      | 1.0000      | 0.4585      | 
| 643.png                  | 0.8548      | 0.7465      | 0.9930      | 0.7504      | 
| 644.png                  | 0.6073      | 0.4361      | 0.9992      | 0.4362      | 
| 645.png                  | 0.8767      | 0.7804      | 0.9710      | 0.7990      | 
| 646.png                  | 0.7864      | 0.6480      | 0.9934      | 0.6508      | 
| 647.png                  | 0.8238      | 0.7004      | 0.9993      | 0.7007      | 
| 649.png                  | 0.0279      | 0.0142      | 0.0160      | 0.1085      | 
| 65.png                   | 0.0080      | 0.0040      | 0.0044      | 0.0396      | 
| 650.png                  | 0.0195      | 0.0098      | 0.0112      | 0.0753      | 
| 651.png                  | 0.0080      | 0.0040      | 0.0046      | 0.0346      | 
| 652.png                  | 0.0089      | 0.0045      | 0.0049      | 0.0485      | 
| 66.png                   | 0.0205      | 0.0104      | 0.0112      | 0.1210      | 
| 673.png                  | 0.0003      | 0.0002      | 0.0002      | 0.0120      | 
| 674.png                  | 0.0028      | 0.0014      | 0.0014      | 0.0945      | 
| 7.png                    | 0.0025      | 0.0012      | 0.0013      | 0.0258      | 
| 713.png                  | 0.0000      | 0.0000      | 0.0000      | 0.0000      | 
| 714.png                  | 0.0000      | 0.0000      | 0.0000      | 0.0000      | 
| 736.png                  | 0.1280      | 0.0684      | 0.0709      | 0.6586      | 
| 743.png                  | 0.3451      | 0.2086      | 0.2157      | 0.8631      | 
| 744.png                  | 0.2834      | 0.1651      | 0.1726      | 0.7905      | 
| 753.png                  | 0.0070      | 0.0035      | 0.0036      | 0.0918      | 
| 754.png                  | 0.0419      | 0.0214      | 0.0228      | 0.2573      | 
| 755.png                  | 0.0099      | 0.0050      | 0.0052      | 0.1032      | 
| 756.png                  | 0.0032      | 0.0016      | 0.0017      | 0.0294      | 
| 765.png                  | 0.0545      | 0.0280      | 0.0291      | 0.4323      | 
| 772.png                  | 0.0000      | 0.0000      | 0.0000      | 0.0000      | 
| 786.png                  | 0.4241      | 0.2691      | 0.2953      | 0.7517      | 
| 787.png                  | 0.3680      | 0.2255      | 0.2310      | 0.9032      | 
| 788.png                  | 0.3108      | 0.1840      | 0.1930      | 0.7979      | 
| 789.png                  | 0.3682      | 0.2256      | 0.2379      | 0.8145      | 
| 79.png                   | 0.0120      | 0.0060      | 0.0064      | 0.0880      | 
| 796.png                  | 0.4423      | 0.2839      | 0.2891      | 0.9401      | 
| 8.png                    | 0.0047      | 0.0024      | 0.0025      | 0.0575      | 
| 802.png                  | 0.1317      | 0.0705      | 0.0744      | 0.5749      | 
| 816.png                  | 0.1753      | 0.0961      | 0.1049      | 0.5327      | 
| 819.png                  | 0.0053      | 0.0026      | 0.0028      | 0.0494      | 
| 82.png                   | 0.0000      | 0.0000      | 0.0000      | 0.0000      | 
| 820.png                  | 0.0071      | 0.0036      | 0.0037      | 0.0977      | 
| 822.png                  | 0.0290      | 0.0147      | 0.0149      | 0.5177      | 
| 823.png                  | 0.0424      | 0.0217      | 0.0221      | 0.5452      | 
| 826.png                  | 0.0071      | 0.0036      | 0.0036      | 0.1296      | 
| 827.png                  | 0.0061      | 0.0031      | 0.0031      | 0.1801      | 
| 829.png                  | 0.1183      | 0.0629      | 0.0650      | 0.6517      | 
| 83.png                   | 0.0000      | 0.0000      | 0.0000      | 0.0000      | 
| 830.png                  | 0.0091      | 0.0046      | 0.0048      | 0.0842      | 
| 831.png                  | 0.0055      | 0.0028      | 0.0029      | 0.0408      | 
| 832.png                  | 0.0138      | 0.0069      | 0.0074      | 0.0903      | 
| 833.png                  | 0.0284      | 0.0144      | 0.0151      | 0.2500      | 
| 843.png                  | 0.0137      | 0.0069      | 0.0070      | 0.3414      | 
| 846.png                  | 0.0102      | 0.0051      | 0.0053      | 0.1658      | 
| 847.png                  | 0.0274      | 0.0139      | 0.0147      | 0.1925      | 
| 848.png                  | 0.0148      | 0.0074      | 0.0081      | 0.0870      | 
| 851.png                  | 0.0033      | 0.0017      | 0.0017      | 0.0431      | 
| 852.png                  | 0.0000      | 0.0000      | 0.0000      | 0.0000      | 
| 853.png                  | 0.0541      | 0.0278      | 0.0283      | 0.5931      | 
| 854.png                  | 0.0472      | 0.0242      | 0.0247      | 0.5238      | 
| 860.png                  | 0.2997      | 0.1763      | 0.1835      | 0.8168      | 
| 861.png                  | 0.3413      | 0.2058      | 0.2167      | 0.8028      | 
| 862.png                  | 0.3225      | 0.1922      | 0.2011      | 0.8134      | 
| 868.png                  | 0.3157      | 0.1874      | 0.1920      | 0.8868      | 
| 870.png                  | 0.0122      | 0.0061      | 0.0063      | 0.2496      | 
| 872.png                  | 0.0115      | 0.0058      | 0.0059      | 0.2697      | 
| 904.png                  | 0.0057      | 0.0029      | 0.0030      | 0.0488      | 
| 909.png                  | 0.2575      | 0.1478      | 0.1620      | 0.6264      | 
| 918.png                  | 0.0021      | 0.0010      | 0.0010      | 0.0967      | 
| 92.png                   | 0.0000      | 0.0000      | 0.0000      | 0.0000      | 
| 920.png                  | 0.0017      | 0.0008      | 0.0012      | 0.0029      | 
| 922.png                  | 0.0012      | 0.0006      | 0.0006      | 0.0155      | 
| 923.png                  | 0.0027      | 0.0014      | 0.0014      | 0.0393      | 
| 924.png                  | 0.0050      | 0.0025      | 0.0026      | 0.0818      | 
| 925.png                  | 0.0000      | 0.0000      | 0.0000      | 0.0000      | 
| 926.png                  | 0.0188      | 0.0095      | 0.0095      | 0.6401      | 
| 927.png                  | 0.0000      | 0.0000      | 0.0000      | 0.0005      | 
| 928.png                  | 0.0117      | 0.0059      | 0.0060      | 0.2596      | 
| 929.png                  | 0.0080      | 0.0040      | 0.0041      | 0.2116      | 
| 930.png                  | 0.0077      | 0.0039      | 0.0054      | 0.0131      | 
| 931.png                  | 0.0016      | 0.0008      | 0.0008      | 0.0590      | 
| 932.png                  | 0.0053      | 0.0027      | 0.0027      | 0.2770      | 
| 933.png                  | 0.0000      | 0.0000      | 0.0000      | 0.0000      | 
| 934.png                  | 0.0000      | 0.0000      | 0.0000      | 0.0000      | 
| 935.png                  | 0.0029      | 0.0014      | 0.0015      | 0.0266      | 
| 936.png                  | 0.0013      | 0.0006      | 0.0007      | 0.0160      | 
| 937.png                  | 0.0024      | 0.0012      | 0.0013      | 0.0379      | 
| 938.png                  | 0.0182      | 0.0092      | 0.0093      | 0.3434      | 
| 94.png                   | 0.0205      | 0.0104      | 0.0108      | 0.2060      | 
| 947.png                  | 0.0254      | 0.0128      | 0.0130      | 0.5302      | 
| 948.png                  | 0.0250      | 0.0127      | 0.0129      | 0.4586      | 
| 949.png                  | 0.0000      | 0.0000      | 0.0000      | 0.0000      | 
| 95.png                   | 0.0055      | 0.0028      | 0.0028      | 0.1396      | 
| 950.png                  | 0.0005      | 0.0002      | 0.0002      | 0.0159      | 
| 951.png                  | 0.0192      | 0.0097      | 0.0098      | 0.4035      | 
| 965.png                  | 0.0019      | 0.0009      | 0.0010      | 0.0660      | 
| 966.png                  | 0.0006      | 0.0003      | 0.0003      | 0.0076      | 
| 967.png                  | 0.0008      | 0.0004      | 0.0007      | 0.0010      | 
| 968.png                  | 0.0021      | 0.0011      | 0.0021      | 0.0022      | 
| 969.png                  | 0.0020      | 0.0010      | 0.0010      | 0.0370      | 
| 97.png                   | 0.0098      | 0.0049      | 0.0050      | 0.1439      | 
| 970.png                  | 0.0057      | 0.0029      | 0.0032      | 0.0296      | 
| 971.png                  | 0.0024      | 0.0012      | 0.0012      | 0.1359      | 
| 972.png                  | 0.0072      | 0.0036      | 0.0037      | 0.2159      | 
| 973.png                  | 0.0125      | 0.0063      | 0.0064      | 0.2975      | 
| 975.png                  | 0.0101      | 0.0051      | 0.0052      | 0.1626      | 
| 977.png                  | 0.0094      | 0.0047      | 0.0048      | 0.1853      | 
| 978.png                  | 0.0093      | 0.0047      | 0.0048      | 0.1638      | 
| 982.png                  | 0.0000      | 0.0000      | 0.0000      | 0.0000      | 
| 990.png                  | 0.0004      | 0.0002      | 0.0002      | 0.0090      | 
| 991.png                  | 0.0029      | 0.0014      | 0.0015      | 0.0228      | 
| 992.png                  | 0.0026      | 0.0013      | 0.0013      | 0.0291      | 
| 993.png                  | 0.0020      | 0.0010      | 0.0010      | 0.0724      | 
| 994.png                  | 0.0000      | 0.0000      | 0.0000      | 0.0000      | 
| 995.png                  | 0.0000      | 0.0000      | 0.0000      | 0.0000      | 
| 996.png                  | 0.0033      | 0.0017      | 0.0018      | 0.0348      | 
| 997.png                  | 0.0140      | 0.0071      | 0.0072      | 0.2644      | 
| 998.png                  | 0.0000      | 0.0000      | 0.0000      | 0.0000      | 
| 999.png                  | 0.0000      | 0.0000      | 0.0000      | 0.0000      | 
------------------------------------------------------------------------------------
| MEAN                     | 0.1602      | 0.1251      | 0.1942      | 0.2456      | 
====================================================================================
